  2.000000000000000E-003  2.000000000000000E-003 -0.219280448026172     
  2.000000000000000E-003  0.302332916666667      -0.221847936670135     
  2.000000000000000E-003  0.602665833333333      -0.216430397523949     
  2.000000000000000E-003  0.902998750000000      -0.208291278702346     
  2.000000000000000E-003   1.20333166666667      -0.199639787587267     
  2.000000000000000E-003   1.50366458333333      -0.190948210394438     
  2.000000000000000E-003   1.80399750000000      -0.182220000474152     
  2.000000000000000E-003   2.10433041666667      -0.173423111601302     
  2.000000000000000E-003   2.40466333333333      -0.164506372337451     
  2.000000000000000E-003   2.70499625000000      -0.155877101682311     
  2.000000000000000E-003   3.00532916666667      -0.149017703666942     
  2.000000000000000E-003   3.30566208333333      -0.145762828908810     
  2.000000000000000E-003   3.60599500000000      -0.142569229782795     
  2.000000000000000E-003   3.90632791666667      -0.138727913056336     
  2.000000000000000E-003   4.20666083333333      -0.132723526413189     
  2.000000000000000E-003   4.50699375000000      -0.122796440064954     
  2.000000000000000E-003   4.80732666666667      -0.112255432886547     
  2.000000000000000E-003   5.10765958333333      -0.102944976916226     
  2.000000000000000E-003   5.40799250000000      -9.541412957832700E-002
  2.000000000000000E-003   5.70832541666667      -8.925824091053555E-002
  2.000000000000000E-003   6.00865833333333      -8.429940860624845E-002
  2.000000000000000E-003   6.30899125000000      -8.045276108385352E-002
  2.000000000000000E-003   6.60932416666667      -7.761650031548939E-002
  2.000000000000000E-003   6.90965708333333      -7.525259448117293E-002
  2.000000000000000E-003   7.20999000000000      -7.182040918119319E-002
  0.302332916666667       2.000000000000000E-003 -0.229126472699153     
  0.302332916666667       0.302332916666667      -0.231986436990155     
  0.302332916666667       0.602665833333333      -0.232515050593331     
  0.302332916666667       0.902998750000000      -0.226952977461175     
  0.302332916666667        1.20333166666667      -0.218235998621764     
  0.302332916666667        1.50366458333333      -0.208585368556769     
  0.302332916666667        1.80399750000000      -0.198506405934346     
  0.302332916666667        2.10433041666667      -0.187834708466771     
  0.302332916666667        2.40466333333333      -0.176198296475902     
  0.302332916666667        2.70499625000000      -0.163627537661307     
  0.302332916666667        3.00532916666667      -0.151461851626889     
  0.302332916666667        3.30566208333333      -0.143281949506041     
  0.302332916666667        3.60599500000000      -0.141995980483920     
  0.302332916666667        3.90632791666667      -0.140494653656005     
  0.302332916666667        4.20666083333333      -0.135318198267250     
  0.302332916666667        4.50699375000000      -0.126788686406764     
  0.302332916666667        4.80732666666667      -0.117106848112880     
  0.302332916666667        5.10765958333333      -0.108081241308134     
  0.302332916666667        5.40799250000000      -0.100310687719161     
  0.302332916666667        5.70832541666667      -9.366365791332842E-002
  0.302332916666667        6.00865833333333      -8.816753525720560E-002
  0.302332916666667        6.30899125000000      -8.408670201351154E-002
  0.302332916666667        6.60932416666667      -8.186615395648844E-002
  0.302332916666667        6.90965708333333      -8.041055634999167E-002
  0.302332916666667        7.20999000000000      -7.461878157581719E-002
  0.602665833333333       2.000000000000000E-003 -0.249129438986483     
  0.602665833333333       0.302332916666667      -0.252378492130071     
  0.602665833333333       0.602665833333333      -0.253723018283285     
  0.602665833333333       0.902998750000000      -0.248139864043124     
  0.602665833333333        1.20333166666667      -0.238602927098127     
  0.602665833333333        1.50366458333333      -0.227696257700224     
  0.602665833333333        1.80399750000000      -0.216134618248392     
  0.602665833333333        2.10433041666667      -0.203758832442614     
  0.602665833333333        2.40466333333333      -0.190312853560464     
  0.602665833333333        2.70499625000000      -0.175587032780150     
  0.602665833333333        3.00532916666667      -0.160836230526621     
  0.602665833333333        3.30566208333333      -0.149130427947075     
  0.602665833333333        3.60599500000000      -0.143561541064585     
  0.602665833333333        3.90632791666667      -0.141216173392996     
  0.602665833333333        4.20666083333333      -0.137049507183390     
  0.602665833333333        4.50699375000000      -0.129998880916758     
  0.602665833333333        4.80732666666667      -0.121446259169047     
  0.602665833333333        5.10765958333333      -0.112949442867192     
  0.602665833333333        5.40799250000000      -0.105078294511341     
  0.602665833333333        5.70832541666667      -9.801036299450465E-002
  0.602665833333333        6.00865833333333      -9.198171105344935E-002
  0.602665833333333        6.30899125000000      -8.734579127501481E-002
  0.602665833333333        6.60932416666667      -8.423399638184635E-002
  0.602665833333333        6.90965708333333      -8.096897060938120E-002
  0.602665833333333        7.20999000000000      -7.516855504213618E-002
  0.902998750000000       2.000000000000000E-003 -0.288516130955943     
  0.902998750000000       0.302332916666667      -0.287659883381614     
  0.902998750000000       0.602665833333333      -0.283208933610473     
  0.902998750000000       0.902998750000000      -0.274014192394513     
  0.902998750000000        1.20333166666667      -0.261898403360673     
  0.902998750000000        1.50366458333333      -0.248663205653515     
  0.902998750000000        1.80399750000000      -0.234980945868187     
  0.902998750000000        2.10433041666667      -0.220757890357721     
  0.902998750000000        2.40466333333333      -0.206090803440126     
  0.902998750000000        2.70499625000000      -0.190842764284312     
  0.902998750000000        3.00532916666667      -0.175491120821341     
  0.902998750000000        3.30566208333333      -0.162348221521213     
  0.902998750000000        3.60599500000000      -0.153214289938750     
  0.902998750000000        3.90632791666667      -0.147101515952519     
  0.902998750000000        4.20666083333333      -0.141237811035960     
  0.902998750000000        4.50699375000000      -0.134124947287665     
  0.902998750000000        4.80732666666667      -0.126031525232383     
  0.902998750000000        5.10765958333333      -0.117713153034204     
  0.902998750000000        5.40799250000000      -0.109655167467375     
  0.902998750000000        5.70832541666667      -0.102138563087368     
  0.902998750000000        6.00865833333333      -9.546508529526286E-002
  0.902998750000000        6.30899125000000      -8.987650445278343E-002
  0.902998750000000        6.60932416666667      -8.521729923363278E-002
  0.902998750000000        6.90965708333333      -8.054672700431656E-002
  0.902998750000000        7.20999000000000      -7.536044808667321E-002
   1.20333166666667       2.000000000000000E-003 -0.334917316882093     
   1.20333166666667       0.302332916666667      -0.331557654825586     
   1.20333166666667       0.602665833333333      -0.322019914184744     
   1.20333166666667       0.902998750000000      -0.307684823514445     
   1.20333166666667        1.20333166666667      -0.290746257604650     
   1.20333166666667        1.50366458333333      -0.273085693803830     
   1.20333166666667        1.80399750000000      -0.255685472984942     
   1.20333166666667        2.10433041666667      -0.238722524677016     
   1.20333166666667        2.40466333333333      -0.222385648656408     
   1.20333166666667        2.70499625000000      -0.206568815746908     
   1.20333166666667        3.00532916666667      -0.191266644857007     
   1.20333166666667        3.30566208333333      -0.177215206672740     
   1.20333166666667        3.60599500000000      -0.165512478464924     
   1.20333166666667        3.90632791666667      -0.156050970853110     
   1.20333166666667        4.20666083333333      -0.147675658044910     
   1.20333166666667        4.50699375000000      -0.139413313313580     
   1.20333166666667        4.80732666666667      -0.130972973982055     
   1.20333166666667        5.10765958333333      -0.122405430580168     
   1.20333166666667        5.40799250000000      -0.113966075698792     
   1.20333166666667        5.70832541666667      -0.105924933463492     
   1.20333166666667        6.00865833333333      -9.856892265465460E-002
   1.20333166666667        6.30899125000000      -9.209932182856737E-002
   1.20333166666667        6.60932416666667      -8.641020842299968E-002
   1.20333166666667        6.90965708333333      -8.111673739508997E-002
   1.20333166666667        7.20999000000000      -7.607907492597613E-002
   1.50366458333333       2.000000000000000E-003 -0.396749330371220     
   1.50366458333333       0.302332916666667      -0.391279080545239     
   1.50366458333333       0.602665833333333      -0.376177973759046     
   1.50366458333333       0.902998750000000      -0.354316255706176     
   1.50366458333333        1.20333166666667      -0.329188085238928     
   1.50366458333333        1.50366458333333      -0.303773211176801     
   1.50366458333333        1.80399750000000      -0.279775049771680     
   1.50366458333333        2.10433041666667      -0.257892136399765     
   1.50366458333333        2.40466333333333      -0.238550617465346     
   1.50366458333333        2.70499625000000      -0.221228188276468     
   1.50366458333333        3.00532916666667      -0.205245482233850     
   1.50366458333333        3.30566208333333      -0.190406299278950     
   1.50366458333333        3.60599500000000      -0.176970685597767     
   1.50366458333333        3.90632791666667      -0.165129672377520     
   1.50366458333333        4.20666083333333      -0.154675431080506     
   1.50366458333333        4.50699375000000      -0.145128719606222     
   1.50366458333333        4.80732666666667      -0.135984506873495     
   1.50366458333333        5.10765958333333      -0.126919497560076     
   1.50366458333333        5.40799250000000      -0.117933709237467     
   1.50366458333333        5.70832541666667      -0.109294178336045     
   1.50366458333333        6.00865833333333      -0.101285542628015     
   1.50366458333333        6.30899125000000      -9.413241958061412E-002
   1.50366458333333        6.60932416666667      -8.782629938234912E-002
   1.50366458333333        6.90965708333333      -8.217080744185518E-002
   1.50366458333333        7.20999000000000      -7.702400714456201E-002
   1.80399750000000       2.000000000000000E-003 -0.487362942966503     
   1.80399750000000       0.302332916666667      -0.478615970670776     
   1.80399750000000       0.602665833333333      -0.454721647863014     
   1.80399750000000       0.902998750000000      -0.420529976339425     
   1.80399750000000        1.20333166666667      -0.381983063860079     
   1.80399750000000        1.50366458333333      -0.343720849413313     
   1.80399750000000        1.80399750000000      -0.308597070840014     
   1.80399750000000        2.10433041666667      -0.278800598143766     
   1.80399750000000        2.40466333333333      -0.254526589591467     
   1.80399750000000        2.70499625000000      -0.234532420166109     
   1.80399750000000        3.00532916666667      -0.217188728314843     
   1.80399750000000        3.30566208333333      -0.201354529547753     
   1.80399750000000        3.60599500000000      -0.186675070845355     
   1.80399750000000        3.90632791666667      -0.173292808244165     
   1.80399750000000        4.20666083333333      -0.161345283652752     
   1.80399750000000        4.50699375000000      -0.150646826884018     
   1.80399750000000        4.80732666666667      -0.140714372514519     
   1.80399750000000        5.10765958333333      -0.131057963726371     
   1.80399750000000        5.40799250000000      -0.121491604314727     
   1.80399750000000        5.70832541666667      -0.112209443498548     
   1.80399750000000        6.00865833333333      -0.103574321251784     
   1.80399750000000        6.30899125000000      -9.585508123364783E-002
   1.80399750000000        6.60932416666667      -8.910551054455498E-002
   1.80399750000000        6.90965708333333      -8.316534502356128E-002
   1.80399750000000        7.20999000000000      -7.784584011036631E-002
   2.10433041666667       2.000000000000000E-003 -0.622572141379738     
   2.10433041666667       0.302332916666667      -0.607902329594520     
   2.10433041666667       0.602665833333333      -0.567987220168640     
   2.10433041666667       0.902998750000000      -0.512793342860261     
   2.10433041666667        1.20333166666667      -0.451979802679281     
   2.10433041666667        1.50366458333333      -0.393611152371409     
   2.10433041666667        1.80399750000000      -0.342863336327392     
   2.10433041666667        2.10433041666667      -0.301957381094631     
   2.10433041666667        2.40466333333333      -0.270553014483038     
   2.10433041666667        2.70499625000000      -0.246538413129529     
   2.10433041666667        3.00532916666667      -0.227186314128066     
   2.10433041666667        3.30566208333333      -0.210279985681331     
   2.10433041666667        3.60599500000000      -0.194698447879252     
   2.10433041666667        3.90632791666667      -0.180280470979581     
   2.10433041666667        4.20666083333333      -0.167233728638096     
   2.10433041666667        4.50699375000000      -0.155561961208911     
   2.10433041666667        4.80732666666667      -0.144874311932375     
   2.10433041666667        5.10765958333333      -0.134623513546244     
   2.10433041666667        5.40799250000000      -0.124501097987026     
   2.10433041666667        5.70832541666667      -0.114627305550134     
   2.10433041666667        6.00865833333333      -0.105397326668790     
   2.10433041666667        6.30899125000000      -9.715561171510673E-002
   2.10433041666667        6.60932416666667      -8.999035841487263E-002
   2.10433041666667        6.90965708333333      -8.379234680831252E-002
   2.10433041666667        7.20999000000000      -7.832206703787678E-002
   2.40466333333333       2.000000000000000E-003 -0.825468690177985     
   2.40466333333333       0.302332916666667      -0.798574433032612     
   2.40466333333333       0.602665833333333      -0.726876544666362     
   2.40466333333333       0.902998750000000      -0.633398313710181     
   2.40466333333333        1.20333166666667      -0.538250189757623     
   2.40466333333333        1.50366458333333      -0.452848827739716     
   2.40466333333333        1.80399750000000      -0.382114342135525     
   2.40466333333333        2.10433041666667      -0.327190946178109     
   2.40466333333333        2.40466333333333      -0.286678407900204     
   2.40466333333333        2.70499625000000      -0.257379937626594     
   2.40466333333333        3.00532916666667      -0.235370763573297     
   2.40466333333333        3.30566208333333      -0.217252521241750     
   2.40466333333333        3.60599500000000      -0.200979362357175     
   2.40466333333333        3.90632791666667      -0.185883971408421     
   2.40466333333333        4.20666083333333      -0.172063208489145     
   2.40466333333333        4.50699375000000      -0.159622852841870     
   2.40466333333333        4.80732666666667      -0.148277588445422     
   2.40466333333333        5.10765958333333      -0.137483106173097     
   2.40466333333333        5.40799250000000      -0.126856296386120     
   2.40466333333333        5.70832541666667      -0.116446783963700     
   2.40466333333333        6.00865833333333      -0.106640408605858     
   2.40466333333333        6.30899125000000      -9.783445741672823E-002
   2.40466333333333        6.60932416666667      -9.020061701327289E-002
   2.40466333333333        6.90965708333333      -8.370159283795796E-002
   2.40466333333333        7.20999000000000      -7.820075527258814E-002
   2.70499625000000       2.000000000000000E-003  -1.09818952084863     
   2.70499625000000       0.302332916666667       -1.05540711323298     
   2.70499625000000       0.602665833333333      -0.939634001034506     
   2.70499625000000       0.902998750000000      -0.785760689413839     
   2.70499625000000        1.20333166666667      -0.638632508268277     
   2.70499625000000        1.50366458333333      -0.518009903169157     
   2.70499625000000        1.80399750000000      -0.423667908443805     
   2.70499625000000        2.10433041666667      -0.352949589776337     
   2.70499625000000        2.40466333333333      -0.302258335999006     
   2.70499625000000        2.70499625000000      -0.266962170201105     
   2.70499625000000        3.00532916666667      -0.241880415759926     
   2.70499625000000        3.30566208333333      -0.222419688454751     
   2.70499625000000        3.60599500000000      -0.205557189919976     
   2.70499625000000        3.90632791666667      -0.190025308650440     
   2.70499625000000        4.20666083333333      -0.175700468731612     
   2.70499625000000        4.50699375000000      -0.162708200004016     
   2.70499625000000        4.80732666666667      -0.150843946078053     
   2.70499625000000        5.10765958333333      -0.139592533104723     
   2.70499625000000        5.40799250000000      -0.128530098690000     
   2.70499625000000        5.70832541666667      -0.117632180455916     
   2.70499625000000        6.00865833333333      -0.107213160047306     
   2.70499625000000        6.30899125000000      -9.761327087074929E-002
   2.70499625000000        6.60932416666667      -8.928841048770093E-002
   2.70499625000000        6.90965708333333      -8.272638700457272E-002
   2.70499625000000        7.20999000000000      -7.754286079216481E-002
   3.00532916666667       2.000000000000000E-003  -1.40087036010198     
   3.00532916666667       0.302332916666667       -1.34282337905679     
   3.00532916666667       0.602665833333333       -1.17720363235712     
   3.00532916666667       0.902998750000000      -0.956153316741833     
   3.00532916666667        1.20333166666667      -0.743263496775179     
   3.00532916666667        1.50366458333333      -0.580860366060862     
   3.00532916666667        1.80399750000000      -0.462052542768243     
   3.00532916666667        2.10433041666667      -0.376064292161232     
   3.00532916666667        2.40466333333333      -0.315758318942959     
   3.00532916666667        2.70499625000000      -0.274769931874774     
   3.00532916666667        3.00532916666667      -0.246718702756817     
   3.00532916666667        3.30566208333333      -0.225950909056239     
   3.00532916666667        3.60599500000000      -0.208575179898137     
   3.00532916666667        3.90632791666667      -0.192765784870288     
   3.00532916666667        4.20666083333333      -0.178147961496824     
   3.00532916666667        4.50699375000000      -0.164806591058820     
   3.00532916666667        4.80732666666667      -0.152579991595397     
   3.00532916666667        5.10765958333333      -0.140985180431877     
   3.00532916666667        5.40799250000000      -0.129576125619443     
   3.00532916666667        5.70832541666667      -0.118242939611325     
   3.00532916666667        6.00865833333333      -0.107127675873990     
   3.00532916666667        6.30899125000000      -9.651315373481727E-002
   3.00532916666667        6.60932416666667      -8.761471316720053E-002
   3.00532916666667        6.90965708333333      -8.129598911809231E-002
   3.00532916666667        7.20999000000000      -7.685511444632291E-002
   3.30566208333333       2.000000000000000E-003  -1.64122384366881     
   3.30566208333333       0.302332916666667       -1.57905369341292     
   3.30566208333333       0.602665833333333       -1.37741932340283     
   3.30566208333333       0.902998750000000       -1.09559208997966     
   3.30566208333333        1.20333166666667      -0.828866308680839     
   3.30566208333333        1.50366458333333      -0.628193722509429     
   3.30566208333333        1.80399750000000      -0.489781005961215     
   3.30566208333333        2.10433041666667      -0.392388824232861     
   3.30566208333333        2.40466333333333      -0.325092918464443     
   3.30566208333333        2.70499625000000      -0.279969559987464     
   3.30566208333333        3.00532916666667      -0.249728264062172     
   3.30566208333333        3.30566208333333      -0.227973858432327     
   3.30566208333333        3.60599500000000      -0.210221649522423     
   3.30566208333333        3.90632791666667      -0.194258398360273     
   3.30566208333333        4.20666083333333      -0.179502116097538     
   3.30566208333333        4.50699375000000      -0.165977851293162     
   3.30566208333333        4.80732666666667      -0.153543344701560     
   3.30566208333333        5.10765958333333      -0.141739492662404     
   3.30566208333333        5.40799250000000      -0.130105052981046     
   3.30566208333333        5.70832541666667      -0.118445388102943     
   3.30566208333333        6.00865833333333      -0.106652473865948     
   3.30566208333333        6.30899125000000      -9.523601999709509E-002
   3.30566208333333        6.60932416666667      -8.575330922829490E-002
   3.30566208333333        6.90965708333333      -8.007723540645466E-002
   3.30566208333333        7.20999000000000      -7.692136342072760E-002
   3.60599500000000       2.000000000000000E-003  -1.80250418122967     
   3.60599500000000       0.302332916666667       -1.67468486331719     
   3.60599500000000       0.602665833333333       -1.45719042836993     
   3.60599500000000       0.902998750000000       -1.15036090345943     
   3.60599500000000        1.20333166666667      -0.862250598195336     
   3.60599500000000        1.50366458333333      -0.646036453466509     
   3.60599500000000        1.80399750000000      -0.499953113567520     
   3.60599500000000        2.10433041666667      -0.398291435761657     
   3.60599500000000        2.40466333333333      -0.328421368926339     
   3.60599500000000        2.70499625000000      -0.281774407720495     
   3.60599500000000        3.00532916666667      -0.250715601611931     
   3.60599500000000        3.30566208333333      -0.228583173779460     
   3.60599500000000        3.60599500000000      -0.210684868619525     
   3.60599500000000        3.90632791666667      -0.194673081840269     
   3.60599500000000        4.20666083333333      -0.179880485009901     
   3.60599500000000        4.50699375000000      -0.166303004024818     
   3.60599500000000        4.80732666666667      -0.153805482738028     
   3.60599500000000        5.10765958333333      -0.141938221475579     
   3.60599500000000        5.40799250000000      -0.130233567267085     
   3.60599500000000        5.70832541666667      -0.118459332729896     
   3.60599500000000        6.00865833333333      -0.106400165697953     
   3.60599500000000        6.30899125000000      -9.468927300685769E-002
   3.60599500000000        6.60932416666667      -8.496871241422851E-002
   3.60599500000000        6.90965708333333      -7.990206975749731E-002
   3.60599500000000        7.20999000000000      -7.831710049080789E-002
   3.90632791666667       2.000000000000000E-003  -1.64122205556426     
   3.90632791666667       0.302332916666667       -1.57866913817830     
   3.90632791666667       0.602665833333333       -1.37705666003872     
   3.90632791666667       0.902998750000000       -1.09535734500092     
   3.90632791666667        1.20333166666667      -0.828731822248525     
   3.90632791666667        1.50366458333333      -0.628108045626451     
   3.90632791666667        1.80399750000000      -0.489708659827898     
   3.90632791666667        2.10433041666667      -0.392311969820970     
   3.90632791666667        2.40466333333333      -0.325000371517802     
   3.90632791666667        2.70499625000000      -0.279855677229184     
   3.90632791666667        3.00532916666667      -0.249592790649397     
   3.90632791666667        3.30566208333333      -0.227820880251017     
   3.90632791666667        3.60599500000000      -0.210057753383500     
   3.90632791666667        3.90632791666667      -0.194090733652401     
   3.90632791666667        4.20666083333333      -0.179337291765783     
   3.90632791666667        4.50699375000000      -0.165821813737502     
   3.90632791666667        4.80732666666667      -0.153401866652715     
   3.90632791666667        5.10765958333333      -0.141618895914617     
   3.90632791666667        5.40799250000000      -0.130012652547984     
   3.90632791666667        5.70832541666667      -0.118391174255015     
   3.90632791666667        6.00865833333333      -0.106656275781006     
   3.90632791666667        6.30899125000000      -9.532573554357990E-002
   3.90632791666667        6.60932416666667      -8.594130216800289E-002
   3.90632791666667        6.90965708333333      -8.031066132367773E-002
   3.90632791666667        7.20999000000000      -7.702369676969320E-002
   4.20666083333333       2.000000000000000E-003  -1.40087085795744     
   4.20666083333333       0.302332916666667       -1.34246096473723     
   4.20666083333333       0.602665833333333       -1.17678295940931     
   4.20666083333333       0.902998750000000      -0.955837944572595     
   4.20666083333333        1.20333166666667      -0.743059645289610     
   4.20666083333333        1.50366458333333      -0.580707474400071     
   4.20666083333333        1.80399750000000      -0.461909140879579     
   4.20666083333333        2.10433041666667      -0.375903498408978     
   4.20666083333333        2.40466333333333      -0.315561793051116     
   4.20666083333333        2.70499625000000      -0.274528893471955     
   4.20666083333333        3.00532916666667      -0.246434360022861     
   4.20666083333333        3.30566208333333      -0.225632596592143     
   4.20666083333333        3.60599500000000      -0.208236780609308     
   4.20666083333333        3.90632791666667      -0.192422287011342     
   4.20666083333333        4.20666083333333      -0.177813137242973     
   4.20666083333333        4.50699375000000      -0.164492343547597     
   4.20666083333333        4.80732666666667      -0.152297132999284     
   4.20666083333333        5.10765958333333      -0.140744475106613     
   4.20666083333333        5.40799250000000      -0.129389043864755     
   4.20666083333333        5.70832541666667      -0.118123337018348     
   4.20666083333333        6.00865833333333      -0.107098221693580     
   4.20666083333333        6.30899125000000      -9.661099010035425E-002
   4.20666083333333        6.60932416666667      -8.784032790166517E-002
   4.20666083333333        6.90965708333333      -8.157275843254229E-002
   4.20666083333333        7.20999000000000      -7.703070805279447E-002
   4.50699375000000       2.000000000000000E-003  -1.09819473380339     
   4.50699375000000       0.302332916666667       -1.05518097066832     
   4.50699375000000       0.602665833333333      -0.939327144236318     
   4.50699375000000       0.902998750000000      -0.785493214999413     
   4.50699375000000        1.20333166666667      -0.638415443412296     
   4.50699375000000        1.50366458333333      -0.517810745696415     
   4.50699375000000        1.80399750000000      -0.423454739558347     
   4.50699375000000        2.10433041666667      -0.352694433805881     
   4.50699375000000        2.40466333333333      -0.301940884955444     
   4.50699375000000        2.70499625000000      -0.266574054895197     
   4.50699375000000        3.00532916666667      -0.241426601178366     
   4.50699375000000        3.30566208333333      -0.221916061387491     
   4.50699375000000        3.60599500000000      -0.205026069587169     
   4.50699375000000        3.90632791666667      -0.189490657651125     
   4.50699375000000        4.20666083333333      -0.175184349001301     
   4.50699375000000        4.50699375000000      -0.162228959414512     
   4.50699375000000        4.80732666666667      -0.150416533146730     
   4.50699375000000        5.10765958333333      -0.139229670386800     
   4.50699375000000        5.40799250000000      -0.128243002818232     
   4.50699375000000        5.70832541666667      -0.117431655437657     
   4.50699375000000        6.00865833333333      -0.107112175431228     
   4.50699375000000        6.30899125000000      -9.763162637111185E-002
   4.50699375000000        6.60932416666667      -8.942772696091006E-002
   4.50699375000000        6.90965708333333      -8.292102324147199E-002
   4.50699375000000        7.20999000000000      -7.769322144447550E-002
   4.80732666666667       2.000000000000000E-003 -0.825478981351766     
   4.80732666666667       0.302332916666667      -0.798462858211978     
   4.80732666666667       0.602665833333333      -0.726701033065929     
   4.80732666666667       0.902998750000000      -0.633204502443017     
   4.80732666666667        1.20333166666667      -0.538046028108104     
   4.80732666666667        1.50366458333333      -0.452619039573764     
   4.80732666666667        1.80399750000000      -0.381834075702675     
   4.80732666666667        2.10433041666667      -0.326834717520625     
   4.80732666666667        2.40466333333333      -0.286227771507684     
   4.80732666666667        2.70499625000000      -0.256829575729243     
   4.80732666666667        3.00532916666667      -0.234730418839406     
   4.80732666666667        3.30566208333333      -0.216545019934282     
   4.80732666666667        3.60599500000000      -0.200236176066042     
   4.80732666666667        3.90632791666667      -0.185139657081844     
   4.80732666666667        4.20666083333333      -0.171349763230753     
   4.80732666666667        4.50699375000000      -0.158966330917042     
   4.80732666666667        4.80732666666667      -0.147697031718998     
   4.80732666666667        5.10765958333333      -0.136991149550939     
   4.80732666666667        5.40799250000000      -0.126460284577541     
   4.80732666666667        5.70832541666667      -0.116150018313779     
   4.80732666666667        6.00865833333333      -0.106443642352881     
   4.80732666666667        6.30899125000000      -9.773648654165978E-002
   4.80732666666667        6.60932416666667      -9.019327307984330E-002
   4.80732666666667        6.90965708333333      -8.375509664635393E-002
   4.80732666666667        7.20999000000000      -7.825812167906333E-002
   5.10765958333333       2.000000000000000E-003 -0.622587367573550     
   5.10765958333333       0.302332916666667      -0.607869158067200     
   5.10765958333333       0.602665833333333      -0.567910619251925     
   5.10765958333333       0.902998750000000      -0.512672417977156     
   5.10765958333333        1.20333166666667      -0.451804961515484     
   5.10765958333333        1.50366458333333      -0.393365331890417     
   5.10765958333333        1.80399750000000      -0.342524770465859     
   5.10765958333333        2.10433041666667      -0.301504841138521     
   5.10765958333333        2.40466333333333      -0.269972211465946     
   5.10765958333333        2.70499625000000      -0.245827243600237     
   5.10765958333333        3.00532916666667      -0.226357747713522     
   5.10765958333333        3.30566208333333      -0.209362020342031     
   5.10765958333333        3.60599500000000      -0.193731458964398     
   5.10765958333333        3.90632791666667      -0.179311368797352     
   5.10765958333333        4.20666083333333      -0.166307593734877     
   5.10765958333333        4.50699375000000      -0.154714889594487     
   5.10765958333333        4.80732666666667      -0.144129950799079     
   5.10765958333333        5.10765958333333      -0.133993276706765     
   5.10765958333333        5.40799250000000      -0.123986021855526     
   5.10765958333333        5.70832541666667      -0.114220849897666     
   5.10765958333333        6.00865833333333      -0.105088757345020     
   5.10765958333333        6.30899125000000      -9.693328809461935E-002
   5.10765958333333        6.60932416666667      -8.984222176830503E-002
   5.10765958333333        6.90965708333333      -8.370007378894616E-002
   5.10765958333333        7.20999000000000      -7.826277307581019E-002
   5.40799250000000       2.000000000000000E-003 -0.487384387920347     
   5.40799250000000       0.302332916666667      -0.478650114052998     
   5.40799250000000       0.602665833333333      -0.454741701933925     
   5.40799250000000       0.902998750000000      -0.420497206639178     
   5.40799250000000        1.20333166666667      -0.381860066130631     
   5.40799250000000        1.50366458333333      -0.343478930016850     
   5.40799250000000        1.80399750000000      -0.308218959184253     
   5.40799250000000        2.10433041666667      -0.278272682215010     
   5.40799250000000        2.40466333333333      -0.253839943196404     
   5.40799250000000        2.70499625000000      -0.233686148439544     
   5.40799250000000        3.00532916666667      -0.216193461269506     
   5.40799250000000        3.30566208333333      -0.200237456283059     
   5.40799250000000        3.60599500000000      -0.185484018433028     
   5.40799250000000        3.90632791666667      -0.172091654403034     
   5.40799250000000        4.20666083333333      -0.160198404167199     
   5.40799250000000        4.50699375000000      -0.149603463223440     
   5.40799250000000        4.80732666666667      -0.139802656110214     
   5.40799250000000        5.10765958333333      -0.130286383465961     
   5.40799250000000        5.40799250000000      -0.120852835759087     
   5.40799250000000        5.70832541666667      -0.111685111195367     
   5.40799250000000        6.00865833333333      -0.103141756114360     
   5.40799250000000        6.30899125000000      -9.549607044516598E-002
   5.40799250000000        6.60932416666667      -8.880713518584152E-002
   5.40799250000000        6.90965708333333      -8.292176210539054E-002
   5.40799250000000        7.20999000000000      -7.765636920591454E-002
   5.70832541666667       2.000000000000000E-003 -0.396780036407082     
   5.70832541666667       0.302332916666667      -0.391392438657208     
   5.70832541666667       0.602665833333333      -0.376314417523558     
   5.70832541666667       0.902998750000000      -0.354393150817754     
   5.70832541666667        1.20333166666667      -0.329138009804271     
   5.70832541666667        1.50366458333333      -0.303559365055131     
   5.70832541666667        1.80399750000000      -0.279384091068284     
   5.70832541666667        2.10433041666667      -0.257323397044503     
   5.70832541666667        2.40466333333333      -0.237802921801625     
   5.70832541666667        2.70499625000000      -0.220297475261093     
   5.70832541666667        3.00532916666667      -0.204127842668187     
   5.70832541666667        3.30566208333333      -0.189112934892862     
   5.70832541666667        3.60599500000000      -0.175554180070184     
   5.70832541666667        3.90632791666667      -0.163686612477877     
   5.70832541666667        4.20666083333333      -0.153305736464929     
   5.70832541666667        4.50699375000000      -0.143897605029447     
   5.70832541666667        4.80732666666667      -0.134919023862254     
   5.70832541666667        5.10765958333333      -0.126019672880418     
   5.70832541666667        5.40799250000000      -0.117180614286034     
   5.70832541666667        5.70832541666667      -0.108656209769739     
   5.70832541666667        6.00865833333333      -0.100731489741456     
   5.70832541666667        6.30899125000000      -9.363475227868294E-002
   5.70832541666667        6.60932416666667      -8.736908905909890E-002
   5.70832541666667        6.90965708333333      -8.175979971510482E-002
   5.70832541666667        7.20999000000000      -7.668415952660222E-002
   6.00865833333333       2.000000000000000E-003 -0.334961825636198     
   6.00865833333333       0.302332916666667      -0.331751939524312     
   6.00865833333333       0.602665833333333      -0.322275756864005     
   6.00865833333333       0.902998750000000      -0.307879566707886     
   6.00865833333333        1.20333166666667      -0.290780742096304     
   6.00865833333333        1.50366458333333      -0.272913802828103     
   6.00865833333333        1.80399750000000      -0.255305919405509     
   6.00865833333333        2.10433041666667      -0.238151389088459     
   6.00865833333333        2.40466333333333      -0.221634344606359     
   6.00865833333333        2.70499625000000      -0.205627316544628     
   6.00865833333333        3.00532916666667      -0.190093124694235     
   6.00865833333333        3.30566208333333      -0.175759165367902     
   6.00865833333333        3.60599500000000      -0.163820747120436     
   6.00865833333333        3.90632791666667      -0.154307463991546     
   6.00865833333333        4.20666083333333      -0.146069764772195     
   6.00865833333333        4.50699375000000      -0.138018567483385     
   6.00865833333333        4.80732666666667      -0.129790478751623     
   6.00865833333333        5.10765958333333      -0.121412476928009     
   6.00865833333333        5.40799250000000      -0.113128039437471     
   6.00865833333333        5.70832541666667      -0.105203943595308     
   6.00865833333333        6.00865833333333      -9.792677693992013E-002
   6.00865833333333        6.30899125000000      -9.149872024803522E-002
   6.00865833333333        6.60932416666667      -8.582792005584107E-002
   6.00865833333333        6.90965708333333      -8.056338396605608E-002
   6.00865833333333        7.20999000000000      -7.560775277879819E-002
   6.30899125000000       2.000000000000000E-003 -0.288579780288758     
   6.30899125000000       0.302332916666667      -0.287865850521228     
   6.30899125000000       0.602665833333333      -0.283500211710548     
   6.30899125000000       0.902998750000000      -0.274267805763575     
   6.30899125000000        1.20333166666667      -0.261986068498602     
   6.30899125000000        1.50366458333333      -0.248521479225828     
   6.30899125000000        1.80399750000000      -0.234616424183404     
   6.30899125000000        2.10433041666667      -0.220210090114199     
   6.30899125000000        2.40466333333333      -0.205393852477255     
   6.30899125000000        2.70499625000000      -0.189995502676976     
   6.30899125000000        3.00532916666667      -0.174385411715355     
   6.30899125000000        3.30566208333333      -0.160797400332094     
   6.30899125000000        3.60599500000000      -0.151228566726890     
   6.30899125000000        3.90632791666667      -0.145015305984676     
   6.30899125000000        4.20666083333333      -0.139389801474777     
   6.30899125000000        4.50699375000000      -0.132613501757260     
   6.30899125000000        4.80732666666667      -0.124794680263081     
   6.30899125000000        5.10765958333333      -0.116682307380325     
   6.30899125000000        5.40799250000000      -0.108782346763641     
   6.30899125000000        5.70832541666667      -0.101386390270810     
   6.30899125000000        6.00865833333333      -9.479479749085781E-002
   6.30899125000000        6.30899125000000      -8.924963493645455E-002
   6.30899125000000        6.60932416666667      -8.460637844695294E-002
   6.30899125000000        6.90965708333333      -7.995208765175824E-002
   6.30899125000000        7.20999000000000      -7.484637647481163E-002
   6.60932416666667       2.000000000000000E-003 -0.249214427323926     
   6.60932416666667       0.302332916666667      -0.252379551225454     
   6.60932416666667       0.602665833333333      -0.253808615128421     
   6.60932416666667       0.902998750000000      -0.248294141636763     
   6.60932416666667        1.20333166666667      -0.238645466232897     
   6.60932416666667        1.50366458333333      -0.227526158854981     
   6.60932416666667        1.80399750000000      -0.215754787267311     
   6.60932416666667        2.10433041666667      -0.203227833133046     
   6.60932416666667        2.40466333333333      -0.189705332245302     
   6.60932416666667        2.70499625000000      -0.174947440084829     
   6.60932416666667        3.00532916666667      -0.159982691260380     
   6.60932416666667        3.30566208333333      -0.147665448760442     
   6.60932416666667        3.60599500000000      -0.141362714753286     
   6.60932416666667        3.90632791666667      -0.138906111508742     
   6.60932416666667        4.20666083333333      -0.135145429527971     
   6.60932416666667        4.50699375000000      -0.128508850350989     
   6.60932416666667        4.80732666666667      -0.120245807857916     
   6.60932416666667        5.10765958333333      -0.111944928694021     
   6.60932416666667        5.40799250000000      -0.104225067616071     
   6.60932416666667        5.70832541666667      -9.727950088590029E-002
   6.60932416666667        6.00865833333333      -9.134210883824603E-002
   6.60932416666667        6.30899125000000      -8.676990771602651E-002
   6.60932416666667        6.60932416666667      -8.371451530879354E-002
   6.60932416666667        6.90965708333333      -8.048254805691506E-002
   6.60932416666667        7.20999000000000      -7.472765100963803E-002
   6.90965708333333       2.000000000000000E-003 -0.229220871165091     
   6.90965708333333       0.302332916666667      -0.231657116076216     
   6.90965708333333       0.602665833333333      -0.232189804383261     
   6.90965708333333       0.902998750000000      -0.226842967022992     
   6.90965708333333        1.20333166666667      -0.218101866119442     
   6.90965708333333        1.50366458333333      -0.208291028002236     
   6.90965708333333        1.80399750000000      -0.198045197812663     
   6.90965708333333        2.10433041666667      -0.187268309753599     
   6.90965708333333        2.40466333333333      -0.175640197944220     
   6.90965708333333        2.70499625000000      -0.163154944387377     
   6.90965708333333        3.00532916666667      -0.150907035229274     
   6.90965708333333        3.30566208333333      -0.142101983094157     
   6.90965708333333        3.60599500000000      -0.139852036265680     
   6.90965708333333        3.90632791666667      -0.138373859461658     
   6.90965708333333        4.20666083333333      -0.133721429487526     
   6.90965708333333        4.50699375000000      -0.125535439814205     
   6.90965708333333        4.80732666666667      -0.116042126062390     
   6.90965708333333        5.10765958333333      -0.107156596523825     
   6.90965708333333        5.40799250000000      -9.951614978831599E-002
   6.90965708333333        5.70832541666667      -9.298773859261747E-002
   6.90965708333333        6.00865833333333      -8.758520906934558E-002
   6.90965708333333        6.30899125000000      -8.356807163085848E-002
   6.90965708333333        6.60932416666667      -8.141201208286983E-002
   6.90965708333333        6.90965708333333      -7.999756774476839E-002
   6.90965708333333        7.20999000000000      -7.410981110317195E-002
   7.20999000000000       2.000000000000000E-003 -0.219362908125028     
   7.20999000000000       0.302332916666667      -0.221616266078125     
   7.20999000000000       0.602665833333333      -0.216021100650188     
   7.20999000000000       0.902998750000000      -0.207928031348113     
   7.20999000000000        1.20333166666667      -0.199238332573346     
   7.20999000000000        1.50366458333333      -0.190440458493401     
   7.20999000000000        1.80399750000000      -0.181602392922714     
   7.20999000000000        2.10433041666667      -0.172738436840680     
   7.20999000000000        2.40466333333333      -0.163847377923881     
   7.20999000000000        2.70499625000000      -0.155289052456899     
   7.20999000000000        3.00532916666667      -0.148336489491905     
   7.20999000000000        3.30566208333333      -0.144548706702779     
   7.20999000000000        3.60599500000000      -0.140964642601032     
   7.20999000000000        3.90632791666667      -0.137259075515542     
   7.20999000000000        4.20666083333333      -0.131620563403802     
   7.20999000000000        4.50699375000000      -0.121841748768546     
   7.20999000000000        4.80732666666667      -0.111356138443788     
   7.20999000000000        5.10765958333333      -0.102117757705340     
   7.20999000000000        5.40799250000000      -9.469464011515988E-002
   7.20999000000000        5.70832541666667      -8.865101362537998E-002
   7.20999000000000        6.00865833333333      -8.378077883352948E-002
   7.20999000000000        6.30899125000000      -7.996772211647019E-002
   7.20999000000000        6.60932416666667      -7.709885861376890E-002
   7.20999000000000        6.90965708333333      -7.470414840950769E-002
   7.20999000000000        7.20999000000000      -7.131464093269733E-002
