  2.000000000000000E-003  2.000000000000000E-003 -0.140708880264955     
  2.000000000000000E-003  0.302332916666667      -0.133380602367804     
  2.000000000000000E-003  0.602665833333333      -0.110098179331075     
  2.000000000000000E-003  0.902998750000000      -8.603056317237182E-002
  2.000000000000000E-003   1.20333166666667      -6.751487392483316E-002
  2.000000000000000E-003   1.50366458333333      -5.496479341574221E-002
  2.000000000000000E-003   1.80399750000000      -4.762070172397904E-002
  2.000000000000000E-003   2.10433041666667      -4.459676618255705E-002
  2.000000000000000E-003   2.40466333333333      -4.528111722582423E-002
  2.000000000000000E-003   2.70499625000000      -4.793582905463905E-002
  2.000000000000000E-003   3.00532916666667      -4.867473062354957E-002
  2.000000000000000E-003   3.30566208333333      -4.076298027166003E-002
  2.000000000000000E-003   3.60599500000000      -2.805170002231478E-002
  2.000000000000000E-003   3.90632791666667      -3.138459539002951E-002
  2.000000000000000E-003   4.20666083333333      -3.208789801727383E-002
  2.000000000000000E-003   4.50699375000000      -3.105053644423844E-002
  2.000000000000000E-003   4.80732666666667      -2.848764389601904E-002
  2.000000000000000E-003   5.10765958333333      -2.535991224151036E-002
  2.000000000000000E-003   5.40799250000000      -2.205210291558635E-002
  2.000000000000000E-003   5.70832541666667      -1.802784649308101E-002
  2.000000000000000E-003   6.00865833333333      -1.375757182508638E-002
  2.000000000000000E-003   6.30899125000000      -1.033142979713626E-002
  2.000000000000000E-003   6.60932416666667      -8.682407901258626E-003
  2.000000000000000E-003   6.90965708333333      -6.747853184188191E-003
  2.000000000000000E-003   7.20999000000000      -4.098161321684272E-003
  0.302332916666667       2.000000000000000E-003 -0.133351867837782     
  0.302332916666667       0.302332916666667      -0.125292653452520     
  0.302332916666667       0.602665833333333      -0.104304472971819     
  0.302332916666667       0.902998750000000      -8.271332985054582E-002
  0.302332916666667        1.20333166666667      -6.576867372844517E-002
  0.302332916666667        1.50366458333333      -5.406118779407330E-002
  0.302332916666667        1.80399750000000      -4.703133053913718E-002
  0.302332916666667        2.10433041666667      -4.392748079274481E-002
  0.302332916666667        2.40466333333333      -4.392689736158890E-002
  0.302332916666667        2.70499625000000      -4.551631622513862E-002
  0.302332916666667        3.00532916666667      -4.486177960177290E-002
  0.302332916666667        3.30566208333333      -3.697015013455816E-002
  0.302332916666667        3.60599500000000      -2.675515046257820E-002
  0.302332916666667        3.90632791666667      -2.746604179602816E-002
  0.302332916666667        4.20666083333333      -2.974294509821161E-002
  0.302332916666667        4.50699375000000      -2.972668690957149E-002
  0.302332916666667        4.80732666666667      -2.760919350886965E-002
  0.302332916666667        5.10765958333333      -2.484868385412757E-002
  0.302332916666667        5.40799250000000      -2.176369699413927E-002
  0.302332916666667        5.70832541666667      -1.792576267473068E-002
  0.302332916666667        6.00865833333333      -1.390729525098574E-002
  0.302332916666667        6.30899125000000      -1.075300841486960E-002
  0.302332916666667        6.60932416666667      -9.317849332478329E-003
  0.302332916666667        6.90965708333333      -7.329542475170769E-003
  0.302332916666667        7.20999000000000      -1.217502351972509E-003
  0.602665833333333       2.000000000000000E-003 -0.110051493282452     
  0.602665833333333       0.302332916666667      -0.104296955318150     
  0.602665833333333       0.602665833333333      -9.029442334265821E-002
  0.602665833333333       0.902998750000000      -7.460892012143720E-002
  0.602665833333333        1.20333166666667      -6.138837787354921E-002
  0.602665833333333        1.50366458333333      -5.170620649337359E-002
  0.602665833333333        1.80399750000000      -4.549665420959458E-002
  0.602665833333333        2.10433041666667      -4.221201434813017E-002
  0.602665833333333        2.40466333333333      -4.086283440620080E-002
  0.602665833333333        2.70499625000000      -4.041999185645107E-002
  0.602665833333333        3.00532916666667      -3.799698841951530E-002
  0.602665833333333        3.30566208333333      -3.149627738759560E-002
  0.602665833333333        3.60599500000000      -2.471791265888430E-002
  0.602665833333333        3.90632791666667      -2.387588244095101E-002
  0.602665833333333        4.20666083333333      -2.603706525645713E-002
  0.602665833333333        4.50699375000000      -2.688943411021473E-002
  0.602665833333333        4.80732666666667      -2.554570939506689E-002
  0.602665833333333        5.10765958333333      -2.356933467196348E-002
  0.602665833333333        5.40799250000000      -2.090003948110922E-002
  0.602665833333333        5.70832541666667      -1.752810665552484E-002
  0.602665833333333        6.00865833333333      -1.404466777282961E-002
  0.602665833333333        6.30899125000000      -1.117605802662503E-002
  0.602665833333333        6.60932416666667      -8.964489375128795E-003
  0.602665833333333        6.90965708333333      -5.337898404011981E-003
  0.602665833333333        7.20999000000000      -9.147556041991731E-004
  0.902998750000000       2.000000000000000E-003 -8.599000610885033E-002
  0.902998750000000       0.302332916666667      -8.269754235877215E-002
  0.902998750000000       0.602665833333333      -7.460421044223313E-002
  0.902998750000000       0.902998750000000      -6.477173232168450E-002
  0.902998750000000        1.20333166666667      -5.565308853228078E-002
  0.902998750000000        1.50366458333333      -4.835107800564871E-002
  0.902998750000000        1.80399750000000      -4.316403573617347E-002
  0.902998750000000        2.10433041666667      -3.985685552226615E-002
  0.902998750000000        2.40466333333333      -3.758227341456005E-002
  0.902998750000000        2.70499625000000      -3.562617479589637E-002
  0.902998750000000        3.00532916666667      -3.277843830472838E-002
  0.902998750000000        3.30566208333333      -2.827774776679654E-002
  0.902998750000000        3.60599500000000      -2.418382121551141E-002
  0.902998750000000        3.90632791666667      -2.300805241049774E-002
  0.902998750000000        4.20666083333333      -2.386392766089883E-002
  0.902998750000000        4.50699375000000      -2.428502724985636E-002
  0.902998750000000        4.80732666666667      -2.344302928984673E-002
  0.902998750000000        5.10765958333333      -2.181968138775352E-002
  0.902998750000000        5.40799250000000      -1.954391507886682E-002
  0.902998750000000        5.70832541666667      -1.664048099680875E-002
  0.902998750000000        6.00865833333333      -1.364329701516410E-002
  0.902998750000000        6.30899125000000      -1.092701082643621E-002
  0.902998750000000        6.60932416666667      -8.259511930415853E-003
  0.902998750000000        6.90965708333333      -5.000416967601021E-003
  0.902998750000000        7.20999000000000      -2.366324468268042E-003
   1.20333166666667       2.000000000000000E-003 -6.747213445507724E-002
   1.20333166666667       0.302332916666667      -6.574160139923817E-002
   1.20333166666667       0.602665833333333      -6.137307742792591E-002
   1.20333166666667       0.902998750000000      -5.564552361224091E-002
   1.20333166666667        1.20333166666667      -4.976106752061390E-002
   1.20333166666667        1.50366458333333      -4.450089091531804E-002
   1.20333166666667        1.80399750000000      -4.029876699238342E-002
   1.20333166666667        2.10433041666667      -3.715082041333719E-002
   1.20333166666667        2.40466333333333      -3.459054877083562E-002
   1.20333166666667        2.70499625000000      -3.218594854761783E-002
   1.20333166666667        3.00532916666667      -2.950789317922110E-002
   1.20333166666667        3.30566208333333      -2.648379492941010E-002
   1.20333166666667        3.60599500000000      -2.391640587124602E-002
   1.20333166666667        3.90632791666667      -2.272591070336827E-002
   1.20333166666667        4.20666083333333      -2.256344245023995E-002
   1.20333166666667        4.50699375000000      -2.234795988184480E-002
   1.20333166666667        4.80732666666667      -2.149537316607029E-002
   1.20333166666667        5.10765958333333      -1.992722284508417E-002
   1.20333166666667        5.40799250000000      -1.780949534389685E-002
   1.20333166666667        5.70832541666667      -1.528506909766142E-002
   1.20333166666667        6.00865833333333      -1.271200958084900E-002
   1.20333166666667        6.30899125000000      -1.031659933437826E-002
   1.20333166666667        6.60932416666667      -7.984144584839512E-003
   1.20333166666667        6.90965708333333      -5.640303851330656E-003
   1.20333166666667        7.20999000000000      -3.941026872469982E-003
   1.50366458333333       2.000000000000000E-003 -5.491177078193137E-002
   1.50366458333333       0.302332916666667      -5.402069475160599E-002
   1.50366458333333       0.602665833333333      -5.167866520573251E-002
   1.50366458333333       0.902998750000000      -4.833455493633673E-002
   1.50366458333333        1.20333166666667      -4.449369742683487E-002
   1.50366458333333        1.50366458333333      -4.065043606628353E-002
   1.50366458333333        1.80399750000000      -3.724583969414026E-002
   1.50366458333333        2.10433041666667      -3.436225289815265E-002
   1.50366458333333        2.40466333333333      -3.186945708699414E-002
   1.50366458333333        2.70499625000000      -2.954157871192936E-002
   1.50366458333333        3.00532916666667      -2.721215756275134E-002
   1.50366458333333        3.30566208333333      -2.495012168442072E-002
   1.50366458333333        3.60599500000000      -2.308673576564602E-002
   1.50366458333333        3.90632791666667      -2.189599173626718E-002
   1.50366458333333        4.20666083333333      -2.121817800827211E-002
   1.50366458333333        4.50699375000000      -2.056933528456022E-002
   1.50366458333333        4.80732666666667      -1.952707046469223E-002
   1.50366458333333        5.10765958333333      -1.793640759292031E-002
   1.50366458333333        5.40799250000000      -1.590226938064704E-002
   1.50366458333333        5.70832541666667      -1.366103052159468E-002
   1.50366458333333        6.00865833333333      -1.148210663128292E-002
   1.50366458333333        6.30899125000000      -9.536288966939732E-003
   1.50366458333333        6.60932416666667      -7.792510856106634E-003
   1.50366458333333        6.90965708333333      -6.243468455304501E-003
   1.50366458333333        7.20999000000000      -5.125340196466226E-003
   1.80399750000000       2.000000000000000E-003 -4.755635180820562E-002
   1.80399750000000       0.302332916666667      -4.697989778946771E-002
   1.80399750000000       0.602665833333333      -4.546051454380139E-002
   1.80399750000000       0.902998750000000      -4.314180055601482E-002
   1.80399750000000        1.20333166666667      -4.028760763229314E-002
   1.80399750000000        1.50366458333333      -3.724215043544107E-002
   1.80399750000000        1.80399750000000      -3.431877197150148E-002
   1.80399750000000        2.10433041666667      -3.169809762741483E-002
   1.80399750000000        2.40466333333333      -2.936475641198362E-002
   1.80399750000000        2.70499625000000      -2.720797357330717E-002
   1.80399750000000        3.00532916666667      -2.515406199830281E-002
   1.80399750000000        3.30566208333333      -2.325619553615331E-002
   1.80399750000000        3.60599500000000      -2.166488693220052E-002
   1.80399750000000        3.90632791666667      -2.047072593490550E-002
   1.80399750000000        4.20666083333333      -1.956049654943446E-002
   1.80399750000000        4.50699375000000      -1.864953881435335E-002
   1.80399750000000        4.80732666666667      -1.745802154722650E-002
   1.80399750000000        5.10765958333333      -1.587087068588754E-002
   1.80399750000000        5.40799250000000      -1.397992432842004E-002
   1.80399750000000        5.70832541666667      -1.200554286965744E-002
   1.80399750000000        6.00865833333333      -1.017363539849699E-002
   1.80399750000000        6.30899125000000      -8.654191459126808E-003
   1.80399750000000        6.60932416666667      -7.443322207546383E-003
   1.80399750000000        6.90965708333333      -6.487921446692626E-003
   1.80399750000000        7.20999000000000      -5.807762019494829E-003
   2.10433041666667       2.000000000000000E-003 -4.452430611723032E-002
   2.10433041666667       0.302332916666667      -4.387156034844920E-002
   2.10433041666667       0.602665833333333      -4.217500839747985E-002
   2.10433041666667       0.902998750000000      -3.983600346869701E-002
   2.10433041666667        1.20333166666667      -3.714084623169472E-002
   2.10433041666667        1.50366458333333      -3.435848698972017E-002
   2.10433041666667        1.80399750000000      -3.169721545786187E-002
   2.10433041666667        2.10433041666667      -2.926488591245879E-002
   2.10433041666667        2.40466333333333      -2.706350627881170E-002
   2.10433041666667        2.70499625000000      -2.503685934583806E-002
   2.10433041666667        3.00532916666667      -2.314762912852291E-002
   2.10433041666667        3.30566208333333      -2.142647843904314E-002
   2.10433041666667        3.60599500000000      -1.994547093834130E-002
   2.10433041666667        3.90632791666667      -1.872971950797256E-002
   2.10433041666667        4.20666083333333      -1.768613509267717E-002
   2.10433041666667        4.50699375000000      -1.662341970860671E-002
   2.10433041666667        4.80732666666667      -1.535784161237240E-002
   2.10433041666667        5.10765958333333      -1.382512428524553E-002
   2.10433041666667        5.40799250000000      -1.211789780455714E-002
   2.10433041666667        5.70832541666667      -1.042788314081647E-002
   2.10433041666667        6.00865833333333      -8.940857915224469E-003
   2.10433041666667        6.30899125000000      -7.761853043028229E-003
   2.10433041666667        6.60932416666667      -6.911891664762843E-003
   2.10433041666667        6.90965708333333      -6.359126427218347E-003
   2.10433041666667        7.20999000000000      -6.022655859627752E-003
   2.40466333333333       2.000000000000000E-003 -4.520081519405596E-002
   2.40466333333333       0.302332916666667      -4.387186880221391E-002
   2.40466333333333       0.602665833333333      -4.083345990032879E-002
   2.40466333333333       0.902998750000000      -3.756919397719908E-002
   2.40466333333333        1.20333166666667      -3.458571144248944E-002
   2.40466333333333        1.50366458333333      -3.186814934079540E-002
   2.40466333333333        1.80399750000000      -2.936456768557953E-002
   2.40466333333333        2.10433041666667      -2.706346798288731E-002
   2.40466333333333        2.40466333333333      -2.495092290376021E-002
   2.40466333333333        2.70499625000000      -2.299900452591976E-002
   2.40466333333333        3.00532916666667      -2.119344495029424E-002
   2.40466333333333        3.30566208333333      -1.955544185480386E-002
   2.40466333333333        3.60599500000000      -1.812050668621318E-002
   2.40466333333333        3.90632791666667      -1.688518589648013E-002
   2.40466333333333        4.20666083333333      -1.576995250507103E-002
   2.40466333333333        4.50699375000000      -1.463855680994762E-002
   2.40466333333333        4.80732666666667      -1.337126742976449E-002
   2.40466333333333        5.10765958333333      -1.194168501141737E-002
   2.40466333333333        5.40799250000000      -1.043904608306350E-002
   2.40466333333333        5.70832541666667      -9.018219654568777E-003
   2.40466333333333        6.00865833333333      -7.814263812605462E-003
   2.40466333333333        6.30899125000000      -6.888999405764152E-003
   2.40466333333333        6.60932416666667      -6.258720452621133E-003
   2.40466333333333        6.90965708333333      -5.956867850299789E-003
   2.40466333333333        7.20999000000000      -5.935469139336541E-003
   2.70499625000000       2.000000000000000E-003 -4.785141362689019E-002
   2.70499625000000       0.302332916666667      -4.547126383748903E-002
   2.70499625000000       0.602665833333333      -4.040793985325809E-002
   2.70499625000000       0.902998750000000      -3.562752613230685E-002
   2.70499625000000        1.20333166666667      -3.218895393074379E-002
   2.70499625000000        1.50366458333333      -2.954350113257494E-002
   2.70499625000000        1.80399750000000      -2.720856712438236E-002
   2.70499625000000        2.10433041666667      -2.503665688761741E-002
   2.70499625000000        2.40466333333333      -2.299871061809132E-002
   2.70499625000000        2.70499625000000      -2.109394280073436E-002
   2.70499625000000        3.00532916666667      -1.933348466192977E-002
   2.70499625000000        3.30566208333333      -1.774126788265776E-002
   2.70499625000000        3.60599500000000      -1.633702854885737E-002
   2.70499625000000        3.90632791666667      -1.510422743236990E-002
   2.70499625000000        4.20666083333333      -1.397323143980908E-002
   2.70499625000000        4.50699375000000      -1.284313795393834E-002
   2.70499625000000        4.80732666666667      -1.163636299901784E-002
   2.70499625000000        5.10765958333333      -1.034962351044513E-002
   2.70499625000000        5.40799250000000      -9.061580690351033E-003
   2.70499625000000        5.70832541666667      -7.885206396723136E-003
   2.70499625000000        6.00865833333333      -6.891601096293819E-003
   2.70499625000000        6.30899125000000      -6.063533160473311E-003
   2.70499625000000        6.60932416666667      -5.496762725288907E-003
   2.70499625000000        6.90965708333333      -5.405110472639732E-003
   2.70499625000000        7.20999000000000      -5.688598857321304E-003
   3.00532916666667       2.000000000000000E-003 -4.860298944339681E-002
   3.00532916666667       0.302332916666667      -4.484717272967177E-002
   3.00532916666667       0.602665833333333      -3.801586747373566E-002
   3.00532916666667       0.902998750000000      -3.279897089173049E-002
   3.00532916666667        1.20333166666667      -2.951816991455597E-002
   3.00532916666667        1.50366458333333      -2.721536523379106E-002
   3.00532916666667        1.80399750000000      -2.515389003135981E-002
   3.00532916666667        2.10433041666667      -2.314641297501978E-002
   3.00532916666667        2.40466333333333      -2.119262237384370E-002
   3.00532916666667        2.70499625000000      -1.933345512042369E-002
   3.00532916666667        3.00532916666667      -1.761146119175273E-002
   3.00532916666667        3.30566208333333      -1.606092141324563E-002
   3.00532916666667        3.60599500000000      -1.469705089316504E-002
   3.00532916666667        3.90632791666667      -1.349829630111918E-002
   3.00532916666667        4.20666083333333      -1.240175392074374E-002
   3.00532916666667        4.50699375000000      -1.132920166471895E-002
   3.00532916666667        4.80732666666667      -1.023043797463691E-002
   3.00532916666667        5.10765958333333      -9.114527377806554E-003
   3.00532916666667        5.40799250000000      -8.046118423942190E-003
   3.00532916666667        5.70832541666667      -7.098966980821709E-003
   3.00532916666667        6.00865833333333      -6.275525591775397E-003
   3.00532916666667        6.30899125000000      -5.511686156418168E-003
   3.00532916666667        6.60932416666667      -4.986246111660957E-003
   3.00532916666667        6.90965708333333      -4.887064281838097E-003
   3.00532916666667        7.20999000000000      -5.349444784320197E-003
   3.30566208333333       2.000000000000000E-003 -4.072975018150621E-002
   3.30566208333333       0.302332916666667      -3.699829295372811E-002
   3.30566208333333       0.602665833333333      -3.153862355807160E-002
   3.30566208333333       0.902998750000000      -2.830480897390673E-002
   3.30566208333333        1.20333166666667      -2.649313361126311E-002
   3.30566208333333        1.50366458333333      -2.494946210443554E-002
   3.30566208333333        1.80399750000000      -2.325246231497488E-002
   3.30566208333333        2.10433041666667      -2.142313466691758E-002
   3.30566208333333        2.40466333333333      -1.955419172043474E-002
   3.30566208333333        2.70499625000000      -1.774222133971550E-002
   3.30566208333333        3.00532916666667      -1.606267468327429E-002
   3.30566208333333        3.30566208333333      -1.456186747218551E-002
   3.30566208333333        3.60599500000000      -1.325490117339157E-002
   3.30566208333333        3.90632791666667      -1.211854361319491E-002
   3.30566208333333        4.20666083333333      -1.109339970081518E-002
   3.30566208333333        4.50699375000000      -1.011552707397748E-002
   3.30566208333333        4.80732666666667      -9.152716428944576E-003
   3.30566208333333        5.10765958333333      -8.220485419463528E-003
   3.30566208333333        5.40799250000000      -7.371822196103547E-003
   3.30566208333333        5.70832541666667      -6.657928663819125E-003
   3.30566208333333        6.00865833333333      -6.057603965271972E-003
   3.30566208333333        6.30899125000000      -5.556882675155806E-003
   3.30566208333333        6.60932416666667      -5.097947085276219E-003
   3.30566208333333        6.90965708333333      -4.692974913367703E-003
   3.30566208333333        7.20999000000000      -5.049124217206984E-003
   3.60599500000000       2.000000000000000E-003 -2.806722376977774E-002
   3.60599500000000       0.302332916666667      -2.677177369732452E-002
   3.60599500000000       0.602665833333333      -2.473053584800375E-002
   3.60599500000000       0.902998750000000      -2.418571701404156E-002
   3.60599500000000        1.20333166666667      -2.390921375493452E-002
   3.60599500000000        1.50366458333333      -2.307582019187386E-002
   3.60599500000000        1.80399750000000      -2.165496567365627E-002
   3.60599500000000        2.10433041666667      -1.993944501391397E-002
   3.60599500000000        2.40466333333333      -1.811962596619114E-002
   3.60599500000000        2.70499625000000      -1.634072433059631E-002
   3.60599500000000        3.00532916666667      -1.470307286014481E-002
   3.60599500000000        3.30566208333333      -1.325984802495461E-002
   3.60599500000000        3.60599500000000      -1.202292917205286E-002
   3.60599500000000        3.90632791666667      -1.096533724054604E-002
   3.60599500000000        4.20666083333333      -1.002914794143888E-002
   3.60599500000000        4.50699375000000      -9.160541435160614E-003
   3.60599500000000        4.80732666666667      -8.339573065795391E-003
   3.60599500000000        5.10765958333333      -7.585097665907438E-003
   3.60599500000000        5.40799250000000      -6.942783427526670E-003
   3.60599500000000        5.70832541666667      -6.461953837440496E-003
   3.60599500000000        6.00865833333333      -6.175197754667066E-003
   3.60599500000000        6.30899125000000      -6.106036681180340E-003
   3.60599500000000        6.60932416666667      -6.033572721275981E-003
   3.60599500000000        6.90965708333333      -5.482411017233060E-003
   3.60599500000000        7.20999000000000      -4.968589558728134E-003
   3.90632791666667       2.000000000000000E-003 -3.133919574830983E-002
   3.90632791666667       0.302332916666667      -2.738871736304432E-002
   3.90632791666667       0.602665833333333      -2.381504793279933E-002
   3.90632791666667       0.902998750000000      -2.296448277406138E-002
   3.90632791666667        1.20333166666667      -2.269394724569380E-002
   3.90632791666667        1.50366458333333      -2.187208835388808E-002
   3.90632791666667        1.80399750000000      -2.045427930329939E-002
   3.90632791666667        2.10433041666667      -1.872204923077037E-002
   3.90632791666667        2.40466333333333      -1.688662587922574E-002
   3.90632791666667        2.70499625000000      -1.511326132168444E-002
   3.90632791666667        3.00532916666667      -1.351166238852786E-002
   3.90632791666667        3.30566208333333      -1.213190699614914E-002
   3.90632791666667        3.60599500000000      -1.097412181917979E-002
   3.90632791666667        3.90632791666667      -1.000113990324313E-002
   3.90632791666667        4.20666083333333      -9.155896299122595E-003
   3.90632791666667        4.50699375000000      -8.393027450691076E-003
   3.90632791666667        4.80732666666667      -7.700576998225956E-003
   3.90632791666667        5.10765958333333      -7.098365748673114E-003
   3.90632791666667        5.40799250000000      -6.626032568901321E-003
   3.90632791666667        5.70832541666667      -6.333420120377834E-003
   3.90632791666667        6.00865833333333      -6.298684980171455E-003
   3.90632791666667        6.30899125000000      -6.578674191809783E-003
   3.90632791666667        6.60932416666667      -6.905908280663269E-003
   3.90632791666667        6.90965708333333      -6.583315501887277E-003
   3.90632791666667        7.20999000000000      -4.931940042030137E-003
   4.20666083333333       2.000000000000000E-003 -3.200007331759388E-002
   4.20666083333333       0.302332916666667      -2.962330143503200E-002
   4.20666083333333       0.602665833333333      -2.593466658814581E-002
   4.20666083333333       0.902998750000000      -2.379077657542904E-002
   4.20666083333333        1.20333166666667      -2.251503467563618E-002
   4.20666083333333        1.50366458333333      -2.118521324534621E-002
   4.20666083333333        1.80399750000000      -1.954077662778056E-002
   4.20666083333333        2.10433041666667      -1.768011654934091E-002
   4.20666083333333        2.40466333333333      -1.577716710359412E-002
   4.20666083333333        2.70499625000000      -1.399117854852992E-002
   4.20666083333333        3.00532916666667      -1.242608275886493E-002
   4.20666083333333        3.30566208333333      -1.111877848214945E-002
   4.20666083333333        3.60599500000000      -1.005027404015628E-002
   4.20666083333333        3.90632791666667      -9.168207185350889E-003
   4.20666083333333        4.20666083333333      -8.413365852152202E-003
   4.20666083333333        4.50699375000000      -7.745493104946297E-003
   4.20666083333333        4.80732666666667      -7.156847634014247E-003
   4.20666083333333        5.10765958333333      -6.667064593541540E-003
   4.20666083333333        5.40799250000000      -6.309423520611770E-003
   4.20666083333333        5.70832541666667      -6.122225918747799E-003
   4.20666083333333        6.00865833333333      -6.160660219698123E-003
   4.20666083333333        6.30899125000000      -6.484021621664044E-003
   4.20666083333333        6.60932416666667      -6.785293806234448E-003
   4.20666083333333        6.90965708333333      -6.427969583885924E-003
   4.20666083333333        7.20999000000000      -4.969723057780361E-003
   4.50699375000000       2.000000000000000E-003 -3.096970041899933E-002
   4.50699375000000       0.302332916666667      -2.962269078718249E-002
   4.50699375000000       0.602665833333333      -2.679384936347179E-002
   4.50699375000000       0.902998750000000      -2.421347279593981E-002
   4.50699375000000        1.20333166666667      -2.229756553513966E-002
   4.50699375000000        1.50366458333333      -2.053567597853556E-002
   4.50699375000000        1.80399750000000      -1.863274243087769E-002
   4.50699375000000        2.10433041666667      -1.662434143565078E-002
   4.50699375000000        2.40466333333333      -1.465635663296253E-002
   4.50699375000000        2.70499625000000      -1.287444267447261E-002
   4.50699375000000        3.00532916666667      -1.136853496158390E-002
   4.50699375000000        3.30566208333333      -1.015648614361718E-002
   4.50699375000000        3.60599500000000      -9.197070748411088E-003
   4.50699375000000        3.90632791666667      -8.420261597095021E-003
   4.50699375000000        4.20666083333333      -7.760052264820441E-003
   4.50699375000000        4.50699375000000      -7.176605342626924E-003
   4.50699375000000        4.80732666666667      -6.664156187464616E-003
   4.50699375000000        5.10765958333333      -6.243216182236140E-003
   4.50699375000000        5.40799250000000      -5.942828316345745E-003
   4.50699375000000        5.70832541666667      -5.785755696682535E-003
   4.50699375000000        6.00865833333333      -5.783668874659436E-003
   4.50699375000000        6.30899125000000      -5.932149639589511E-003
   4.50699375000000        6.60932416666667      -6.061172866616082E-003
   4.50699375000000        6.90965708333333      -5.747879591160852E-003
   4.50699375000000        7.20999000000000      -4.858640224040310E-003
   4.80732666666667       2.000000000000000E-003 -2.843405226769085E-002
   4.80732666666667       0.302332916666667      -2.754182018865096E-002
   4.80732666666667       0.602665833333333      -2.548079855689322E-002
   4.80732666666667       0.902998750000000      -2.338856296313762E-002
   4.80732666666667        1.20333166666667      -2.145406079050393E-002
   4.80732666666667        1.50366458333333      -1.950148609999418E-002
   4.80732666666667        1.80399750000000      -1.745122995163265E-002
   4.80732666666667        2.10433041666667      -1.537174214443459E-002
   4.80732666666667        2.40466333333333      -1.340498287934038E-002
   4.80732666666667        2.70499625000000      -1.168572196838274E-002
   4.80732666666667        3.00532916666667      -1.028873558677014E-002
   4.80732666666667        3.30566208333333      -9.212325099482412E-003
   4.80732666666667        3.60599500000000      -8.393628220133766E-003
   4.80732666666667        3.90632791666667      -7.744036417253561E-003
   4.80732666666667        4.20666083333333      -7.186700378952953E-003
   4.80732666666667        4.50699375000000      -6.679090787807058E-003
   4.80732666666667        4.80732666666667      -6.217956991132272E-003
   4.80732666666667        5.10765958333333      -5.827822317384691E-003
   4.80732666666667        5.40799250000000      -5.538548208751905E-003
   4.80732666666667        5.70832541666667      -5.365232646837063E-003
   4.80732666666667        6.00865833333333      -5.297989434200246E-003
   4.80732666666667        6.30899125000000      -5.295642433598811E-003
   4.80732666666667        6.60932416666667      -5.267880817770196E-003
   4.80732666666667        6.90965708333333      -5.069805910304438E-003
   4.80732666666667        7.20999000000000      -4.636074671629521E-003
   5.10765958333333       2.000000000000000E-003 -2.533347664273146E-002
   5.10765958333333       0.302332916666667      -2.481418410297886E-002
   5.10765958333333       0.602665833333333      -2.353215818874459E-002
   5.10765958333333       0.902998750000000      -2.178535012376631E-002
   5.10765958333333        1.20333166666667      -1.990146723411767E-002
   5.10765958333333        1.50366458333333      -1.792525469113316E-002
   5.10765958333333        1.80399750000000      -1.587971981344979E-002
   5.10765958333333        2.10433041666667      -1.385702074363176E-002
   5.10765958333333        2.40466333333333      -1.199581176020098E-002
   5.10765958333333        2.70499625000000      -1.042092717556279E-002
   5.10765958333333        3.00532916666667      -9.194810390804399E-003
   5.10765958333333        3.30566208333333      -8.300583909320250E-003
   5.10765958333333        3.60599500000000      -7.657212429306764E-003
   5.10765958333333        3.90632791666667      -7.157502700260621E-003
   5.10765958333333        4.20666083333333      -6.711078100344347E-003
   5.10765958333333        4.50699375000000      -6.271861667710809E-003
   5.10765958333333        4.80732666666667      -5.841706574936609E-003
   5.10765958333333        5.10765958333333      -5.453344900530069E-003
   5.10765958333333        5.40799250000000      -5.143028513869077E-003
   5.10765958333333        5.70832541666667      -4.927726230541446E-003
   5.10765958333333        6.00865833333333      -4.796485172260793E-003
   5.10765958333333        6.30899125000000      -4.715403891006007E-003
   5.10765958333333        6.60932416666667      -4.640610243903689E-003
   5.10765958333333        6.90965708333333      -4.536561751975171E-003
   5.10765958333333        7.20999000000000      -4.375899117803807E-003
   5.40799250000000       2.000000000000000E-003 -2.204316697576143E-002
   5.40799250000000       0.302332916666667      -2.175195538911754E-002
   5.40799250000000       0.602665833333333      -2.088600155477471E-002
   5.40799250000000       0.902998750000000      -1.953016702999631E-002
   5.40799250000000        1.20333166666667      -1.780150709812178E-002
   5.40799250000000        1.50366458333333      -1.590793816167894E-002
   5.40799250000000        1.80399750000000      -1.400679308226773E-002
   5.40799250000000        2.10433041666667      -1.217016794711465E-002
   5.40799250000000        2.40466333333333      -1.051593102418871E-002
   5.40799250000000        2.70499625000000      -9.156962087123532E-003
   5.40799250000000        3.00532916666667      -8.149867132015801E-003
   5.40799250000000        3.30566208333333      -7.472616782052226E-003
   5.40799250000000        3.60599500000000      -7.031512341801388E-003
   5.40799250000000        3.90632791666667      -6.698068115300270E-003
   5.40799250000000        4.20666083333333      -6.364367678345418E-003
   5.40799250000000        4.50699375000000      -5.982362574505842E-003
   5.40799250000000        4.80732666666667      -5.564367040195993E-003
   5.40799250000000        5.10765958333333      -5.155952326144133E-003
   5.40799250000000        5.40799250000000      -4.802842501564483E-003
   5.40799250000000        5.70832541666667      -4.527474071624678E-003
   5.40799250000000        6.00865833333333      -4.329940784127192E-003
   5.40799250000000        6.30899125000000      -4.228625282190517E-003
   5.40799250000000        6.60932416666667      -4.199051560651651E-003
   5.40799250000000        6.90965708333333      -4.196564171190457E-003
   5.40799250000000        7.20999000000000      -4.182030711922397E-003
   5.70832541666667       2.000000000000000E-003 -1.802743755985235E-002
   5.70832541666667       0.302332916666667      -1.792824436636942E-002
   5.70832541666667       0.602665833333333      -1.753123555511233E-002
   5.70832541666667       0.902998750000000      -1.664339782965118E-002
   5.70832541666667        1.20333166666667      -1.529215736393172E-002
   5.70832541666667        1.50366458333333      -1.368133456801829E-002
   5.70832541666667        1.80399750000000      -1.204873544616977E-002
   5.70832541666667        2.10433041666667      -1.049948742147518E-002
   5.70832541666667        2.40466333333333      -9.117566009509668E-003
   5.70832541666667        2.70499625000000      -8.005187842646779E-003
   5.70832541666667        3.00532916666667      -7.227073565727994E-003
   5.70832541666667        3.30566208333333      -6.779257349375200E-003
   5.70832541666667        3.60599500000000      -6.564622999046608E-003
   5.70832541666667        3.90632791666667      -6.413488792387418E-003
   5.70832541666667        4.20666083333333      -6.182899413138782E-003
   5.70832541666667        4.50699375000000      -5.832146665947125E-003
   5.70832541666667        4.80732666666667      -5.400594506157749E-003
   5.70832541666667        5.10765958333333      -4.952766758917130E-003
   5.70832541666667        5.40799250000000      -4.541077921491847E-003
   5.70832541666667        5.70832541666667      -4.200939311743975E-003
   5.70832541666667        6.00865833333333      -3.993738516508531E-003
   5.70832541666667        6.30899125000000      -3.917427331672873E-003
   5.70832541666667        6.60932416666667      -3.951202101576219E-003
   5.70832541666667        6.90965708333333      -4.045858105882476E-003
   5.70832541666667        7.20999000000000      -4.106834769632905E-003
   6.00865833333333       2.000000000000000E-003 -1.375069516769564E-002
   6.00865833333333       0.302332916666667      -1.391161513089035E-002
   6.00865833333333       0.602665833333333      -1.405710885002786E-002
   6.00865833333333       0.902998750000000      -1.365687311048626E-002
   6.00865833333333        1.20333166666667      -1.272828204409558E-002
   6.00865833333333        1.50366458333333      -1.151129325958941E-002
   6.00865833333333        1.80399750000000      -1.022782572370188E-002
   6.00865833333333        2.10433041666667      -9.027730585905133E-003
   6.00865833333333        2.40466333333333      -7.933886480513061E-003
   6.00865833333333        2.70499625000000      -7.037287793170033E-003
   6.00865833333333        3.00532916666667      -6.432991211176558E-003
   6.00865833333333        3.30566208333333      -6.204709015987050E-003
   6.00865833333333        3.60599500000000      -6.290904777626949E-003
   6.00865833333333        3.90632791666667      -6.380187776241414E-003
   6.00865833333333        4.20666083333333      -6.220169934212448E-003
   6.00865833333333        4.50699375000000      -5.832677181621708E-003
   6.00865833333333        4.80732666666667      -5.341106800641759E-003
   6.00865833333333        5.10765958333333      -4.833610312578736E-003
   6.00865833333333        5.40799250000000      -4.358495852162660E-003
   6.00865833333333        5.70832541666667      -4.009164563172322E-003
   6.00865833333333        6.00865833333333      -3.816610527581052E-003
   6.00865833333333        6.30899125000000      -3.777616149020117E-003
   6.00865833333333        6.60932416666667      -3.901218714417540E-003
   6.00865833333333        6.90965708333333      -4.136551946393952E-003
   6.00865833333333        7.20999000000000      -4.253941126565344E-003
   6.30899125000000       2.000000000000000E-003 -1.029583356248293E-002
   6.30899125000000       0.302332916666667      -1.074588239511589E-002
   6.30899125000000       0.602665833333333      -1.119604557401015E-002
   6.30899125000000       0.902998750000000      -1.095000868651026E-002
   6.30899125000000        1.20333166666667      -1.033796896744291E-002
   6.30899125000000        1.50366458333333      -9.568612080426586E-003
   6.30899125000000        1.80399750000000      -8.712994370952810E-003
   6.30899125000000        2.10433041666667      -7.858093302208657E-003
   6.30899125000000        2.40466333333333      -7.026042799650368E-003
   6.30899125000000        2.70499625000000      -6.240568036134535E-003
   6.30899125000000        3.00532916666667      -5.711986983608508E-003
   6.30899125000000        3.30566208333333      -5.737208569052042E-003
   6.30899125000000        3.60599500000000      -6.229924005050366E-003
   6.30899125000000        3.90632791666667      -6.650507101270485E-003
   6.30899125000000        4.20666083333333      -6.534470665675177E-003
   6.30899125000000        4.50699375000000      -5.981613523928187E-003
   6.30899125000000        4.80732666666667      -5.347125980581003E-003
   6.30899125000000        5.10765958333333      -4.766242229476744E-003
   6.30899125000000        5.40799250000000      -4.273276117471509E-003
   6.30899125000000        5.70832541666667      -3.948417103224098E-003
   6.30899125000000        6.00865833333333      -3.791630003861385E-003
   6.30899125000000        6.30899125000000      -3.804019066204855E-003
   6.30899125000000        6.60932416666667      -4.031248185750270E-003
   6.30899125000000        6.90965708333333      -4.511274861318737E-003
   6.30899125000000        7.20999000000000      -4.753651763195511E-003
   6.60932416666667       2.000000000000000E-003 -8.611263523554093E-003
   6.60932416666667       0.302332916666667      -9.315624037311485E-003
   6.60932416666667       0.602665833333333      -9.018829102912903E-003
   6.60932416666667       0.902998750000000      -8.304969296173808E-003
   6.60932416666667        1.20333166666667      -8.013145337390155E-003
   6.60932416666667        1.50366458333333      -7.825895570942173E-003
   6.60932416666667        1.80399750000000      -7.502147209370156E-003
   6.60932416666667        2.10433041666667      -7.010906728866326E-003
   6.60932416666667        2.40466333333333      -6.408592105728657E-003
   6.60932416666667        2.70499625000000      -5.705219473006678E-003
   6.60932416666667        3.00532916666667      -5.227216987002906E-003
   6.60932416666667        3.30566208333333      -5.308607302421203E-003
   6.60932416666667        3.60599500000000      -6.152398285865473E-003
   6.60932416666667        3.90632791666667      -6.956166410627657E-003
   6.60932416666667        4.20666083333333      -6.827224350472368E-003
   6.60932416666667        4.50699375000000      -6.117233707746529E-003
   6.60932416666667        4.80732666666667      -5.333102949487755E-003
   6.60932416666667        5.10765958333333      -4.708678858676843E-003
   6.60932416666667        5.40799250000000      -4.260813975478172E-003
   6.60932416666667        5.70832541666667      -3.997153061029509E-003
   6.60932416666667        6.00865833333333      -3.925685662108823E-003
   6.60932416666667        6.30899125000000      -4.035865431453241E-003
   6.60932416666667        6.60932416666667      -4.309826911496129E-003
   6.60932416666667        6.90965708333333      -4.964125479715729E-003
   6.60932416666667        7.20999000000000      -5.473235126952069E-003
   6.90965708333333       2.000000000000000E-003 -6.735906070688063E-003
   6.90965708333333       0.302332916666667      -7.429853660646128E-003
   6.90965708333333       0.602665833333333      -5.483245729226722E-003
   6.90965708333333       0.902998750000000      -5.087641100273748E-003
   6.90965708333333        1.20333166666667      -5.683629108712306E-003
   6.90965708333333        1.50366458333333      -6.280008996908927E-003
   6.90965708333333        1.80399750000000      -6.544856345838784E-003
   6.90965708333333        2.10433041666667      -6.454348054606347E-003
   6.90965708333333        2.40466333333333      -6.107518053410299E-003
   6.90965708333333        2.70499625000000      -5.618131978906876E-003
   6.90965708333333        3.00532916666667      -5.137114956420760E-003
   6.90965708333333        3.30566208333333      -4.905085503428946E-003
   6.90965708333333        3.60599500000000      -5.573411304699534E-003
   6.90965708333333        3.90632791666667      -6.622283300534864E-003
   6.90965708333333        4.20666083333333      -6.486673489418787E-003
   6.90965708333333        4.50699375000000      -5.829102166270413E-003
   6.90965708333333        4.80732666666667      -5.158755196225755E-003
   6.90965708333333        5.10765958333333      -4.624719714976646E-003
   6.90965708333333        5.40799250000000      -4.276091289244600E-003
   6.90965708333333        5.70832541666667      -4.106488519082326E-003
   6.90965708333333        6.00865833333333      -4.170298830817846E-003
   6.90965708333333        6.30899125000000      -4.514633331459527E-003
   6.90965708333333        6.60932416666667      -4.945057044562477E-003
   6.90965708333333        6.90965708333333      -5.003667572695448E-003
   6.90965708333333        7.20999000000000      -5.103207517064059E-003
   7.20999000000000       2.000000000000000E-003 -4.159640679287761E-003
   7.20999000000000       0.302332916666667      -1.389135789921905E-003
   7.20999000000000       0.602665833333333      -1.111662453512643E-003
   7.20999000000000       0.902998750000000      -2.479655265303696E-003
   7.20999000000000        1.20333166666667      -3.998240342204275E-003
   7.20999000000000        1.50366458333333      -5.167690342236013E-003
   7.20999000000000        1.80399750000000      -5.862977632113324E-003
   7.20999000000000        2.10433041666667      -6.107799003606485E-003
   7.20999000000000        2.40466333333333      -6.065680939405724E-003
   7.20999000000000        2.70499625000000      -5.863906350768390E-003
   7.20999000000000        3.00532916666667      -5.541023179699606E-003
   7.20999000000000        3.30566208333333      -5.187142431576493E-003
   7.20999000000000        3.60599500000000      -5.018702013913555E-003
   7.20999000000000        3.90632791666667      -5.019118346917235E-003
   7.20999000000000        4.20666083333333      -5.083635060549803E-003
   7.20999000000000        4.50699375000000      -4.980787617599013E-003
   7.20999000000000        4.80732666666667      -4.752987252440126E-003
   7.20999000000000        5.10765958333333      -4.483675879229643E-003
   7.20999000000000        5.40799250000000      -4.277314927343343E-003
   7.20999000000000        5.70832541666667      -4.181083759421208E-003
   7.20999000000000        6.00865833333333      -4.299545949070593E-003
   7.20999000000000        6.30899125000000      -4.766251814982888E-003
   7.20999000000000        6.60932416666667      -5.452679402050171E-003
   7.20999000000000        6.90965708333333      -5.062305901591157E-003
   7.20999000000000        7.20999000000000      -3.793873354408804E-003
