  2.000000000000000E-003  2.000000000000000E-003  -2.38183113293910     
  2.000000000000000E-003  0.302332916666667       -2.30409969919207     
  2.000000000000000E-003  0.602665833333333       -1.88873147392050     
  2.000000000000000E-003  0.902998750000000       -1.44193774083436     
  2.000000000000000E-003   1.20333166666667       -1.08521683019018     
  2.000000000000000E-003   1.50366458333333      -0.819381891483626     
  2.000000000000000E-003   1.80399750000000      -0.624971915212632     
  2.000000000000000E-003   2.10433041666667      -0.484112448816422     
  2.000000000000000E-003   2.40466333333333      -0.380182186465638     
  2.000000000000000E-003   2.70499625000000      -0.304932760002431     
  2.000000000000000E-003   3.00532916666667      -0.256848352020081     
  2.000000000000000E-003   3.30566208333333      -0.233268102033587     
  2.000000000000000E-003   3.60599500000000      -0.227234447748630     
  2.000000000000000E-003   3.90632791666667      -0.189932452142074     
  2.000000000000000E-003   4.20666083333333      -0.165124955419896     
  2.000000000000000E-003   4.50699375000000      -0.149267624897479     
  2.000000000000000E-003   4.80732666666667      -0.139758521831514     
  2.000000000000000E-003   5.10765958333333      -0.135045376594012     
  2.000000000000000E-003   5.40799250000000      -0.135877846751967     
  2.000000000000000E-003   5.70832541666667      -0.143367853932004     
  2.000000000000000E-003   6.00865833333333      -0.157619909445586     
  2.000000000000000E-003   6.30899125000000      -0.177297613220168     
  2.000000000000000E-003   6.60932416666667      -0.196992611064102     
  2.000000000000000E-003   6.90965708333333      -0.201839936222437     
  2.000000000000000E-003   7.20999000000000      -0.178086798403709     
  0.302332916666667       2.000000000000000E-003  -2.30399402014855     
  0.302332916666667       0.302332916666667       -2.11320226163908     
  0.302332916666667       0.602665833333333       -1.74792020583725     
  0.302332916666667       0.902998750000000       -1.36512510654565     
  0.302332916666667        1.20333166666667       -1.04383951666003     
  0.302332916666667        1.50366458333333      -0.796467001511287     
  0.302332916666667        1.80399750000000      -0.612397289262825     
  0.302332916666667        2.10433041666667      -0.477972956956813     
  0.302332916666667        2.40466333333333      -0.378924804840064     
  0.302332916666667        2.70499625000000      -0.307070775819554     
  0.302332916666667        3.00532916666667      -0.262639420950603     
  0.302332916666667        3.30566208333333      -0.241450121071997     
  0.302332916666667        3.60599500000000      -0.227694628323850     
  0.302332916666667        3.90632791666667      -0.197681270720115     
  0.302332916666667        4.20666083333333      -0.169916957824473     
  0.302332916666667        4.50699375000000      -0.151528508657318     
  0.302332916666667        4.80732666666667      -0.140753142628487     
  0.302332916666667        5.10765958333333      -0.134997257109032     
  0.302332916666667        5.40799250000000      -0.134720372659415     
  0.302332916666667        5.70832541666667      -0.140590529191492     
  0.302332916666667        6.00865833333333      -0.151898470421454     
  0.302332916666667        6.30899125000000      -0.165995248174738     
  0.302332916666667        6.60932416666667      -0.176245305292075     
  0.302332916666667        6.90965708333333      -0.180322977565438     
  0.302332916666667        7.20999000000000      -0.196470147081047     
  0.602665833333333       2.000000000000000E-003  -1.88861046480555     
  0.602665833333333       0.302332916666667       -1.74785114702471     
  0.602665833333333       0.602665833333333       -1.47419043962893     
  0.602665833333333       0.902998750000000       -1.19175684050541     
  0.602665833333333        1.20333166666667      -0.940852092575148     
  0.602665833333333        1.50366458333333      -0.736505081994083     
  0.602665833333333        1.80399750000000      -0.578246768010679     
  0.602665833333333        2.10433041666667      -0.460022444949929     
  0.602665833333333        2.40466333333333      -0.373029911599676     
  0.602665833333333        2.70499625000000      -0.309130935547127     
  0.602665833333333        3.00532916666667      -0.269898847010667     
  0.602665833333333        3.30566208333333      -0.248854166333606     
  0.602665833333333        3.60599500000000      -0.231059824040110     
  0.602665833333333        3.90632791666667      -0.204354488593661     
  0.602665833333333        4.20666083333333      -0.176334873575633     
  0.602665833333333        4.50699375000000      -0.155498250378244     
  0.602665833333333        4.80732666666667      -0.142616997670661     
  0.602665833333333        5.10765958333333      -0.134690688875931     
  0.602665833333333        5.40799250000000      -0.132068726002000     
  0.602665833333333        5.70832541666667      -0.134408267181577     
  0.602665833333333        6.00865833333333      -0.140241698081274     
  0.602665833333333        6.30899125000000      -0.147277751041522     
  0.602665833333333        6.60932416666667      -0.154630750972331     
  0.602665833333333        6.90965708333333      -0.171329594246978     
  0.602665833333333        7.20999000000000      -0.188771774122064     
  0.902998750000000       2.000000000000000E-003  -1.44189099947758     
  0.902998750000000       0.302332916666667       -1.36509803410957     
  0.902998750000000       0.602665833333333       -1.19175858510328     
  0.902998750000000       0.902998750000000      -0.996254625864792     
  0.902998750000000        1.20333166666667      -0.813536538676608     
  0.902998750000000        1.50366458333333      -0.656942111964068     
  0.902998750000000        1.80399750000000      -0.530346310279523     
  0.902998750000000        2.10433041666667      -0.432756503279173     
  0.902998750000000        2.40466333333333      -0.359302730349779     
  0.902998750000000        2.70499625000000      -0.305280582098793     
  0.902998750000000        3.00532916666667      -0.269137828940430     
  0.902998750000000        3.30566208333333      -0.245965584058945     
  0.902998750000000        3.60599500000000      -0.225642527001788     
  0.902998750000000        3.90632791666667      -0.201789139205286     
  0.902998750000000        4.20666083333333      -0.177221861291995     
  0.902998750000000        4.50699375000000      -0.157289684345846     
  0.902998750000000        4.80732666666667      -0.143388886503225     
  0.902998750000000        5.10765958333333      -0.134213421992023     
  0.902998750000000        5.40799250000000      -0.129224937480766     
  0.902998750000000        5.70832541666667      -0.128240618390667     
  0.902998750000000        6.00865833333333      -0.129912171350857     
  0.902998750000000        6.30899125000000      -0.133511805729736     
  0.902998750000000        6.60932416666667      -0.140481136679369     
  0.902998750000000        6.90965708333333      -0.153044977244602     
  0.902998750000000        7.20999000000000      -0.159745401335814     
   1.20333166666667       2.000000000000000E-003  -1.08525045447033     
   1.20333166666667       0.302332916666667       -1.04387881253373     
   1.20333166666667       0.602665833333333      -0.940892819131175     
   1.20333166666667       0.902998750000000      -0.813563014738378     
   1.20333166666667        1.20333166666667      -0.686809231926316     
   1.20333166666667        1.50366458333333      -0.572805131951583     
   1.20333166666667        1.80399750000000      -0.476607141905389     
   1.20333166666667        2.10433041666667      -0.399245744236111     
   1.20333166666667        2.40466333333333      -0.339074629880191     
   1.20333166666667        2.70499625000000      -0.293831253321487     
   1.20333166666667        3.00532916666667      -0.260950281431415     
   1.20333166666667        3.30566208333333      -0.236744305649027     
   1.20333166666667        3.60599500000000      -0.215769090583884     
   1.20333166666667        3.90632791666667      -0.194490908600181     
   1.20333166666667        4.20666083333333      -0.173811841437837     
   1.20333166666667        4.50699375000000      -0.156251561253487     
   1.20333166666667        4.80732666666667      -0.142809283503963     
   1.20333166666667        5.10765958333333      -0.133303170669166     
   1.20333166666667        5.40799250000000      -0.127027690936014     
   1.20333166666667        5.70832541666667      -0.123724345975563     
   1.20333166666667        6.00865833333333      -0.122740485294832     
   1.20333166666667        6.30899125000000      -0.123879065218874     
   1.20333166666667        6.60932416666667      -0.127711130520281     
   1.20333166666667        6.90965708333333      -0.133198302507438     
   1.20333166666667        7.20999000000000      -0.134139535788883     
   1.50366458333333       2.000000000000000E-003 -0.819478772271776     
   1.50366458333333       0.302332916666667      -0.796562201235513     
   1.50366458333333       0.602665833333333      -0.736586919521853     
   1.50366458333333       0.902998750000000      -0.656999084810580     
   1.50366458333333        1.20333166666667      -0.572831707132224     
   1.50366458333333        1.50366458333333      -0.493211447827927     
   1.50366458333333        1.80399750000000      -0.422685702751866     
   1.50366458333333        2.10433041666667      -0.363368855602897     
   1.50366458333333        2.40466333333333      -0.315465466195525     
   1.50366458333333        2.70499625000000      -0.277961823615774     
   1.50366458333333        3.00532916666667      -0.248930977957528     
   1.50366458333333        3.30566208333333      -0.225728620549442     
   1.50366458333333        3.60599500000000      -0.205556462510381     
   1.50366458333333        3.90632791666667      -0.186673060412108     
   1.50366458333333        4.20666083333333      -0.169087622670303     
   1.50366458333333        4.50699375000000      -0.153737101247573     
   1.50366458333333        4.80732666666667      -0.141350594530302     
   1.50366458333333        5.10765958333333      -0.132033148942864     
   1.50366458333333        5.40799250000000      -0.125356954803725     
   1.50366458333333        5.70832541666667      -0.120726608870070     
   1.50366458333333        6.00865833333333      -0.117919021110165     
   1.50366458333333        6.30899125000000      -0.116801207644896     
   1.50366458333333        6.60932416666667      -0.117246368714032     
   1.50366458333333        6.90965708333333      -0.118018565513946     
   1.50366458333333        7.20999000000000      -0.116302847002068     
   1.80399750000000       2.000000000000000E-003 -0.625110198578484     
   1.80399750000000       0.302332916666667      -0.612529174155411     
   1.80399750000000       0.602665833333333      -0.578355828385165     
   1.80399750000000       0.902998750000000      -0.530422621345290     
   1.80399750000000        1.20333166666667      -0.476648864414334     
   1.80399750000000        1.50366458333333      -0.422700096816632     
   1.80399750000000        1.80399750000000      -0.372461105099722     
   1.80399750000000        2.10433041666667      -0.328309162301149     
   1.80399750000000        2.40466333333333      -0.291113312540029     
   1.80399750000000        2.70499625000000      -0.260594165208275     
   1.80399750000000        3.00532916666667      -0.235646731549843     
   1.80399750000000        3.30566208333333      -0.214713487706478     
   1.80399750000000        3.60599500000000      -0.196286498098746     
   1.80399750000000        3.90632791666667      -0.179447453697584     
   1.80399750000000        4.20666083333333      -0.164085375755288     
   1.80399750000000        4.50699375000000      -0.150593189413758     
   1.80399750000000        4.80732666666667      -0.139359929896254     
   1.80399750000000        5.10765958333333      -0.130456136348807     
   1.80399750000000        5.40799250000000      -0.123609505683023     
   1.80399750000000        5.70832541666667      -0.118375941897956     
   1.80399750000000        6.00865833333333      -0.114379910855493     
   1.80399750000000        6.30899125000000      -0.111506087917420     
   1.80399750000000        6.60932416666667      -0.109546902665387     
   1.80399750000000        6.90965708333333      -0.107728422700554     
   1.80399750000000        7.20999000000000      -0.104786965234642     
   2.10433041666667       2.000000000000000E-003 -0.484271850072060     
   2.10433041666667       0.302332916666667      -0.478120534104258     
   2.10433041666667       0.602665833333333      -0.460138285053245     
   2.10433041666667       0.902998750000000      -0.432831997140603     
   2.10433041666667        1.20333166666667      -0.399285851114821     
   2.10433041666667        1.50366458333333      -0.363384611318547     
   2.10433041666667        1.80399750000000      -0.328312543454409     
   2.10433041666667        2.10433041666667      -0.296097390121392     
   2.10433041666667        2.40466333333333      -0.267685171380224     
   2.10433041666667        2.70499625000000      -0.243177832643091     
   2.10433041666667        3.00532916666667      -0.222106062572804     
   2.10433041666667        3.30566208333333      -0.203721860060186     
   2.10433041666667        3.60599500000000      -0.187302196868794     
   2.10433041666667        3.90632791666667      -0.172403096247748     
   2.10433041666667        4.20666083333333      -0.158945608970833     
   2.10433041666667        4.50699375000000      -0.147080024439521     
   2.10433041666667        4.80732666666667      -0.136949156921153     
   2.10433041666667        5.10765958333333      -0.128525351120171     
   2.10433041666667        5.40799250000000      -0.121597637134277     
   2.10433041666667        5.70832541666667      -0.115875197660294     
   2.10433041666667        6.00865833333333      -0.111114842252444     
   2.10433041666667        6.30899125000000      -0.107170340552033     
   2.10433041666667        6.60932416666667      -0.103895946908252     
   2.10433041666667        6.90965708333333      -0.100956936811772     
   2.10433041666667        7.20999000000000      -9.766573061058034E-002
   2.40466333333333       2.000000000000000E-003 -0.380352799483553     
   2.40466333333333       0.302332916666667      -0.379075749239068     
   2.40466333333333       0.602665833333333      -0.373133971105392     
   2.40466333333333       0.902998750000000      -0.359361945494613     
   2.40466333333333        1.20333166666667      -0.339101585403017     
   2.40466333333333        1.50366458333333      -0.315473595272979     
   2.40466333333333        1.80399750000000      -0.291114023501323     
   2.40466333333333        2.10433041666667      -0.267685357828893     
   2.40466333333333        2.40466333333333      -0.246027945214949     
   2.40466333333333        2.70499625000000      -0.226415885349159     
   2.40466333333333        3.00532916666667      -0.208781726380652     
   2.40466333333333        3.30566208333333      -0.192897556187506     
   2.40466333333333        3.60599500000000      -0.178514360517755     
   2.40466333333333        3.90632791666667      -0.165466390532333     
   2.40466333333333        4.20666083333333      -0.153709986181863     
   2.40466333333333        4.50699375000000      -0.143264790200779     
   2.40466333333333        4.80732666666667      -0.134113667945133     
   2.40466333333333        5.10765958333333      -0.126145004935120     
   2.40466333333333        5.40799250000000      -0.119171980460476     
   2.40466333333333        5.70832541666667      -0.113008751486992     
   2.40466333333333        6.00865833333333      -0.107556415571055     
   2.40466333333333        6.30899125000000      -0.102859847936089     
   2.40466333333333        6.60932416666667      -9.908107423429210E-002
   2.40466333333333        6.90965708333333      -9.621563776239322E-002
   2.40466333333333        7.20999000000000      -9.354100750054302E-002
   2.70499625000000       2.000000000000000E-003 -0.305107674368647     
   2.70499625000000       0.302332916666667      -0.307214989949119     
   2.70499625000000       0.602665833333333      -0.309207436947382     
   2.70499625000000       0.902998750000000      -0.305307171911982     
   2.70499625000000        1.20333166666667      -0.293835621348856     
   2.70499625000000        1.50366458333333      -0.277958811931361     
   2.70499625000000        1.80399750000000      -0.260592747698902     
   2.70499625000000        2.10433041666667      -0.243181806015111     
   2.70499625000000        2.40466333333333      -0.226422410099102     
   2.70499625000000        2.70499625000000      -0.210635107943168     
   2.70499625000000        3.00532916666667      -0.195952196063475     
   2.70499625000000        3.30566208333333      -0.182410616768505     
   2.70499625000000        3.60599500000000      -0.169996382612803     
   2.70499625000000        3.90632791666667      -0.158676430541261     
   2.70499625000000        4.20666083333333      -0.148419238826823     
   2.70499625000000        4.50699375000000      -0.139173630126688     
   2.70499625000000        4.80732666666667      -0.130835436168465     
   2.70499625000000        5.10765958333333      -0.123246127165180     
   2.70499625000000        5.40799250000000      -0.116230387361684     
   2.70499625000000        5.70832541666667      -0.109654385068971     
   2.70499625000000        6.00865833333333      -0.103491473496839     
   2.70499625000000        6.30899125000000      -9.795101306626064E-002
   2.70499625000000        6.60932416666667      -9.385041566042530E-002
   2.70499625000000        6.90965708333333      -9.195687007093886E-002
   2.70499625000000        7.20999000000000      -9.101324076533716E-002
   3.00532916666667       2.000000000000000E-003 -0.257005657565171     
   3.00532916666667       0.302332916666667      -0.262742063608414     
   3.00532916666667       0.602665833333333      -0.269908652883469     
   3.00532916666667       0.902998750000000      -0.269108273199209     
   3.00532916666667        1.20333166666667      -0.260926245463398     
   3.00532916666667        1.50366458333333      -0.248920375008044     
   3.00532916666667        1.80399750000000      -0.235650370225560     
   3.00532916666667        2.10433041666667      -0.222122980069660     
   3.00532916666667        2.40466333333333      -0.208805588329767     
   3.00532916666667        2.70499625000000      -0.195971246835807     
   3.00532916666667        3.00532916666667      -0.183800743851167     
   3.00532916666667        3.30566208333333      -0.172405489980693     
   3.00532916666667        3.60599500000000      -0.161831912006836     
   3.00532916666667        3.90632791666667      -0.152075445961933     
   3.00532916666667        4.20666083333333      -0.143099851639790     
   3.00532916666667        4.50699375000000      -0.134827303614819     
   3.00532916666667        4.80732666666667      -0.127127429716205     
   3.00532916666667        5.10765958333333      -0.119834780366211     
   3.00532916666667        5.40799250000000      -0.112783595679035     
   3.00532916666667        5.70832541666667      -0.105830418717173     
   3.00532916666667        6.00865833333333      -9.884507318516998E-002
   3.00532916666667        6.30899125000000      -9.204567149098393E-002
   3.00532916666667        6.60932416666667      -8.735906115459501E-002
   3.00532916666667        6.90965708333333      -8.679130555714706E-002
   3.00532916666667        7.20999000000000      -8.866221289705503E-002
   3.30566208333333       2.000000000000000E-003 -0.233386898692586     
   3.30566208333333       0.302332916666667      -0.241463421078940     
   3.30566208333333       0.602665833333333      -0.248771494988402     
   3.30566208333333       0.902998750000000      -0.245881096366320     
   3.30566208333333        1.20333166666667      -0.236699495322021     
   3.30566208333333        1.50366458333333      -0.225722629580127     
   3.30566208333333        1.80399750000000      -0.214734257488505     
   3.30566208333333        2.10433041666667      -0.203763351202018     
   3.30566208333333        2.40466333333333      -0.192950370876864     
   3.30566208333333        2.70499625000000      -0.182460800606762     
   3.30566208333333        3.00532916666667      -0.172437380133786     
   3.30566208333333        3.30566208333333      -0.162962454028135     
   3.30566208333333        3.60599500000000      -0.154046183919334     
   3.30566208333333        3.90632791666667      -0.145652928517786     
   3.30566208333333        4.20666083333333      -0.137739912226691     
   3.30566208333333        4.50699375000000      -0.130237733773129     
   3.30566208333333        4.80732666666667      -0.123034079272774     
   3.30566208333333        5.10765958333333      -0.115991929931053     
   3.30566208333333        5.40799250000000      -0.108967678285020     
   3.30566208333333        5.70832541666667      -0.101781250340145     
   3.30566208333333        6.00865833333333      -9.404108357938384E-002
   3.30566208333333        6.30899125000000      -8.608672552167901E-002
   3.30566208333333        6.60932416666667      -8.029209147465698E-002
   3.30566208333333        6.90965708333333      -8.020076781746080E-002
   3.30566208333333        7.20999000000000      -8.427491246291975E-002
   3.60599500000000       2.000000000000000E-003 -0.227338851218098     
   3.60599500000000       0.302332916666667      -0.227655426239627     
   3.60599500000000       0.602665833333333      -0.230957389477895     
   3.60599500000000       0.902998750000000      -0.225560850788126     
   3.60599500000000        1.20333166666667      -0.215738751181322     
   3.60599500000000        1.50366458333333      -0.205574767491370     
   3.60599500000000        1.80399750000000      -0.196337702085071     
   3.60599500000000        2.10433041666667      -0.187378448197316     
   3.60599500000000        2.40466333333333      -0.178604843138938     
   3.60599500000000        2.70499625000000      -0.170085979740920     
   3.60599500000000        3.00532916666667      -0.161904164108429     
   3.60599500000000        3.30566208333333      -0.154086999898253     
   3.60599500000000        3.60599500000000      -0.146589673380092     
   3.60599500000000        3.90632791666667      -0.139338547561221     
   3.60599500000000        4.20666083333333      -0.132290997210268     
   3.60599500000000        4.50699375000000      -0.125404866001003     
   3.60599500000000        4.80732666666667      -0.118611886540446     
   3.60599500000000        5.10765958333333      -0.111830105172622     
   3.60599500000000        5.40799250000000      -0.104968601499566     
   3.60599500000000        5.70832541666667      -9.787326076367910E-002
   3.60599500000000        6.00865833333333      -9.010158600358810E-002
   3.60599500000000        6.30899125000000      -8.216071911640678E-002
   3.60599500000000        6.60932416666667      -7.639005533188037E-002
   3.60599500000000        6.90965708333333      -7.639119417643697E-002
   3.60599500000000        7.20999000000000      -7.817927933081008E-002
   3.90632791666667       2.000000000000000E-003 -0.190187751885774     
   3.90632791666667       0.302332916666667      -0.197825255506554     
   3.90632791666667       0.602665833333333      -0.204383570758123     
   3.90632791666667       0.902998750000000      -0.201790910712897     
   3.90632791666667        1.20333166666667      -0.194516779983877     
   3.90632791666667        1.50366458333333      -0.186734161878462     
   3.90632791666667        1.80399750000000      -0.179538585595875     
   3.90632791666667        2.10433041666667      -0.172519389541822     
   3.90632791666667        2.40466333333333      -0.165597783266391     
   3.90632791666667        2.70499625000000      -0.158807998443764     
   3.90632791666667        3.00532916666667      -0.152190797027598     
   3.90632791666667        3.30566208333333      -0.145737909773130     
   3.90632791666667        3.60599500000000      -0.139383448769202     
   3.90632791666667        3.90632791666667      -0.133050127566907     
   3.90632791666667        4.20666083333333      -0.126702339421100     
   3.90632791666667        4.50699375000000      -0.120327690771490     
   3.90632791666667        4.80732666666667      -0.113910482259538     
   3.90632791666667        5.10765958333333      -0.107435443374920     
   3.90632791666667        5.40799250000000      -0.100892003528194     
   3.90632791666667        5.70832541666667      -9.424989818255258E-002
   3.90632791666667        6.00865833333333      -8.736241467718682E-002
   3.90632791666667        6.30899125000000      -8.088117217941712E-002
   3.90632791666667        6.60932416666667      -7.708343916749395E-002
   3.90632791666667        6.90965708333333      -7.811132494109169E-002
   3.90632791666667        7.20999000000000      -7.920832524796825E-002
   4.20666083333333       2.000000000000000E-003 -0.165513146529418     
   4.20666083333333       0.302332916666667      -0.170222448351571     
   4.20666083333333       0.602665833333333      -0.176511111259152     
   4.20666083333333       0.902998750000000      -0.177328680844408     
   4.20666083333333        1.20333166666667      -0.173908284286533     
   4.20666083333333        1.50366458333333      -0.169198342814770     
   4.20666083333333        1.80399750000000      -0.164218360579942     
   4.20666083333333        2.10433041666667      -0.159100684284931     
   4.20666083333333        2.40466333333333      -0.153879289241381     
   4.20666083333333        2.70499625000000      -0.148589312339944     
   4.20666083333333        3.00532916666667      -0.143255337536280     
   4.20666083333333        3.30566208333333      -0.137867130215067     
   4.20666083333333        3.60599500000000      -0.132380082363060     
   4.20666083333333        3.90632791666667      -0.126747746368727     
   4.20666083333333        4.20666083333333      -0.120955778902199     
   4.20666083333333        4.50699375000000      -0.115019370403718     
   4.20666083333333        4.80732666666667      -0.108966559026732     
   4.20666083333333        5.10765958333333      -0.102838012396661     
   4.20666083333333        5.40799250000000      -9.669911640479603E-002
   4.20666083333333        5.70832541666667      -9.065596473317532E-002
   4.20666083333333        6.00865833333333      -8.490235242151806E-002
   4.20666083333333        6.30899125000000      -8.008191692203324E-002
   4.20666083333333        6.60932416666667      -7.772004030651770E-002
   4.20666083333333        6.90965708333333      -7.813792505491558E-002
   4.20666083333333        7.20999000000000      -7.782261866562927E-002
   4.50699375000000       2.000000000000000E-003 -0.149643446628185     
   4.50699375000000       0.302332916666667      -0.151857633510979     
   4.50699375000000       0.602665833333333      -0.155739222742175     
   4.50699375000000       0.902998750000000      -0.157466703360261     
   4.50699375000000        1.20333166666667      -0.156404920330292     
   4.50699375000000        1.50366458333333      -0.153892213246909     
   4.50699375000000        1.80399750000000      -0.150762759237483     
   4.50699375000000        2.10433041666667      -0.147267023507487     
   4.50699375000000        2.40466333333333      -0.143463935083396     
   4.50699375000000        2.70499625000000      -0.139373878611115     
   4.50699375000000        3.00532916666667      -0.135015275298395     
   4.50699375000000        3.30566208333333      -0.130400869080748     
   4.50699375000000        3.60599500000000      -0.125533441942412     
   4.50699375000000        3.90632791666667      -0.120415489975269     
   4.50699375000000        4.20666083333333      -0.115063407358100     
   4.50699375000000        4.50699375000000      -0.109512136627906     
   4.50699375000000        4.80732666666667      -0.103811041528209     
   4.50699375000000        5.10765958333333      -9.802874440770977E-002
   4.50699375000000        5.40799250000000      -9.227260599403357E-002
   4.50699375000000        5.70832541666667      -8.671673234144307E-002
   4.50699375000000        6.00865833333333      -8.165196465322389E-002
   4.50699375000000        6.30899125000000      -7.761706808092782E-002
   4.50699375000000        6.60932416666667      -7.530583531605003E-002
   4.50699375000000        6.90965708333333      -7.430601316209640E-002
   4.50699375000000        7.20999000000000      -7.264942930860797E-002
   4.80732666666667       2.000000000000000E-003 -0.140086106800719     
   4.80732666666667       0.302332916666667      -0.141057674524323     
   4.80732666666667       0.602665833333333      -0.142873466932527     
   4.80732666666667       0.902998750000000      -0.143604418986934     
   4.80732666666667        1.20333166666667      -0.143003117093486     
   4.80732666666667        1.50366458333333      -0.141540434272845     
   4.80732666666667        1.80399750000000      -0.139557382146199     
   4.80732666666667        2.10433041666667      -0.137158431253158     
   4.80732666666667        2.40466333333333      -0.134331950804328     
   4.80732666666667        2.70499625000000      -0.131054737041422     
   4.80732666666667        3.00532916666667      -0.127337206226125     
   4.80732666666667        3.30566208333333      -0.123223687145498     
   4.80732666666667        3.60599500000000      -0.118772273916440     
   4.80732666666667        3.90632791666667      -0.114034960030351     
   4.80732666666667        4.20666083333333      -0.109050874176450     
   4.80732666666667        4.50699375000000      -0.103853214817089     
   4.80732666666667        4.80732666666667      -9.848163615916977E-002
   4.80732666666667        5.10765958333333      -9.300046907644355E-002
   4.80732666666667        5.40799250000000      -8.752247961877492E-002
   4.80732666666667        5.70832541666667      -8.222622612438940E-002
   4.80732666666667        6.00865833333333      -7.736110647775032E-002
   4.80732666666667        6.30899125000000      -7.323614224448707E-002
   4.80732666666667        6.60932416666667      -7.011668141566091E-002
   4.80732666666667        6.90965708333333      -6.782575970805588E-002
   4.80732666666667        7.20999000000000      -6.536270215067574E-002
   5.10765958333333       2.000000000000000E-003 -0.135356111225562     
   5.10765958333333       0.302332916666667      -0.135297311120205     
   5.10765958333333       0.602665833333333      -0.134963986351277     
   5.10765958333333       0.902998750000000      -0.134458669317247     
   5.10765958333333        1.20333166666667      -0.133528576049048     
   5.10765958333333        1.50366458333333      -0.132249864730591     
   5.10765958333333        1.80399750000000      -0.130673304668203     
   5.10765958333333        2.10433041666667      -0.128747559776361     
   5.10765958333333        2.40466333333333      -0.126371802806088     
   5.10765958333333        2.70499625000000      -0.123472993505854     
   5.10765958333333        3.00532916666667      -0.120054755556996     
   5.10765958333333        3.30566208333333      -0.116197175149479     
   5.10765958333333        3.60599500000000      -0.112013016390441     
   5.10765958333333        3.90632791666667      -0.107589300071738     
   5.10765958333333        4.20666083333333      -0.102957389388088     
   5.10765958333333        4.50699375000000      -9.810987207055843E-002
   5.10765958333333        4.80732666666667      -9.304134337623667E-002
   5.10765958333333        5.10765958333333      -8.778622537157733E-002
   5.10765958333333        5.40799250000000      -8.244168055373660E-002
   5.10765958333333        5.70832541666667      -7.716627967542666E-002
   5.10765958333333        6.00865833333333      -7.215078678603851E-002
   5.10765958333333        6.30899125000000      -6.757274712020007E-002
   5.10765958333333        6.60932416666667      -6.355003281360574E-002
   5.10765958333333        6.90965708333333      -6.008083097764543E-002
   5.10765958333333        7.20999000000000      -5.708220132500768E-002
   5.40799250000000       2.000000000000000E-003 -0.136222379966065     
   5.40799250000000       0.302332916666667      -0.135056463368437     
   5.40799250000000       0.602665833333333      -0.132379107444395     
   5.40799250000000       0.902998750000000      -0.129504922894609     
   5.40799250000000        1.20333166666667      -0.127282792984725     
   5.40799250000000        1.50366458333333      -0.125596432149569     
   5.40799250000000        1.80399750000000      -0.123840914082563     
   5.40799250000000        2.10433041666667      -0.121825934391831     
   5.40799250000000        2.40466333333333      -0.119399017208949     
   5.40799250000000        2.70499625000000      -0.116455251937290     
   5.40799250000000        3.00532916666667      -0.113003403293261     
   5.40799250000000        3.30566208333333      -0.109178269416529     
   5.40799250000000        3.60599500000000      -0.105164836087195     
   5.40799250000000        3.90632791666667      -0.101067839022228     
   5.40799250000000        4.20666083333333      -9.684812887682764E-002
   5.40799250000000        4.50699375000000      -9.238910400390966E-002
   5.40799250000000        4.80732666666667      -8.760239605289341E-002
   5.40799250000000        5.10765958333333      -8.248253113414195E-002
   5.40799250000000        5.40799250000000      -7.711228575069576E-002
   5.40799250000000        5.70832541666667      -7.163524329790696E-002
   5.40799250000000        6.00865833333333      -6.619986569544141E-002
   5.40799250000000        6.30899125000000      -6.090098176869178E-002
   5.40799250000000        6.60932416666667      -5.581464406304356E-002
   5.40799250000000        6.90965708333333      -5.128432740506510E-002
   5.40799250000000        7.20999000000000      -4.792774274718389E-002
   5.70832541666667       2.000000000000000E-003 -0.143787693614372     
   5.70832541666667       0.302332916666667      -0.140998988908520     
   5.70832541666667       0.602665833333333      -0.134779758650707     
   5.70832541666667       0.902998750000000      -0.128568180021895     
   5.70832541666667        1.20333166666667      -0.124013697155103     
   5.70832541666667        1.50366458333333      -0.120987962969683     
   5.70832541666667        1.80399750000000      -0.118619005349374     
   5.70832541666667        2.10433041666667      -0.116106095792657     
   5.70832541666667        2.40466333333333      -0.113231434830673     
   5.70832541666667        2.70499625000000      -0.109871162261781     
   5.70832541666667        3.00532916666667      -0.106042407244913     
   5.70832541666667        3.30566208333333      -0.101988767510016     
   5.70832541666667        3.60599500000000      -9.807518121861734E-002
   5.70832541666667        3.90632791666667      -9.444192636353496E-002
   5.70832541666667        4.20666083333333      -9.083053865548686E-002
   5.70832541666667        4.50699375000000      -8.686573314034107E-002
   5.70832541666667        4.80732666666667      -8.234350041890265E-002
   5.70832541666667        5.10765958333333      -7.724795583991739E-002
   5.70832541666667        5.40799250000000      -7.167833322780126E-002
   5.70832541666667        5.70832541666667      -6.580362940411402E-002
   5.70832541666667        6.00865833333333      -5.979491962624362E-002
   5.70832541666667        6.30899125000000      -5.357143368061984E-002
   5.70832541666667        6.60932416666667      -4.705988736936009E-002
   5.70832541666667        6.90965708333333      -4.096044509112200E-002
   5.70832541666667        7.20999000000000      -3.702277921921113E-002
   6.00865833333333       2.000000000000000E-003 -0.158137282495369     
   6.00865833333333       0.302332916666667      -0.152396733998973     
   6.00865833333333       0.602665833333333      -0.140683737550557     
   6.00865833333333       0.902998750000000      -0.130292301767770     
   6.00865833333333        1.20333166666667      -0.123066854155648     
   6.00865833333333        1.50366458333333      -0.118203438985564     
   6.00865833333333        1.80399750000000      -0.114634057221552     
   6.00865833333333        2.10433041666667      -0.111347908035887     
   6.00865833333333        2.40466333333333      -0.107774069408199     
   6.00865833333333        2.70499625000000      -0.103697922903847     
   6.00865833333333        3.00532916666667      -9.904400326886231E-002
   6.00865833333333        3.30566208333333      -9.423789466791459E-002
   6.00865833333333        3.60599500000000      -9.030315889370427E-002
   6.00865833333333        3.90632791666667      -8.756839011610176E-002
   6.00865833333333        4.20666083333333      -8.510194912444291E-002
   6.00865833333333        4.50699375000000      -8.183240776336893E-002
   6.00865833333333        4.80732666666667      -7.751438984896601E-002
   6.00865833333333        5.10765958333333      -7.227320982382568E-002
   6.00865833333333        5.40799250000000      -6.628914126468922E-002
   6.00865833333333        5.70832541666667      -5.984468294968435E-002
   6.00865833333333        6.00865833333333      -5.314907218799459E-002
   6.00865833333333        6.30899125000000      -4.598461211429499E-002
   6.00865833333333        6.60932416666667      -3.774733879612494E-002
   6.00865833333333        6.90965708333333      -2.899473714301474E-002
   6.00865833333333        7.20999000000000      -2.371592100181067E-002
   6.30899125000000       2.000000000000000E-003 -0.177901821758335     
   6.30899125000000       0.302332916666667      -0.166565826221296     
   6.30899125000000       0.602665833333333      -0.147775926379206     
   6.30899125000000       0.902998750000000      -0.133938144846803     
   6.30899125000000        1.20333166666667      -0.124239539360188     
   6.30899125000000        1.50366458333333      -0.117107279197357     
   6.30899125000000        1.80399750000000      -0.111771631411488     
   6.30899125000000        2.10433041666667      -0.107407117339029     
   6.30899125000000        2.40466333333333      -0.103075094592786     
   6.30899125000000        2.70499625000000      -9.814814473661117E-002
   6.30899125000000        3.00532916666667      -9.222856273991978E-002
   6.30899125000000        3.30566208333333      -8.626881955297123E-002
   6.30899125000000        3.60599500000000      -8.236096174214433E-002
   6.30899125000000        3.90632791666667      -8.110480927666189E-002
   6.30899125000000        4.20666083333333      -8.031166900246961E-002
   6.30899125000000        4.50699375000000      -7.783056036458424E-002
   6.30899125000000        4.80732666666667      -7.342360274557334E-002
   6.30899125000000        5.10765958333333      -6.773441909323782E-002
   6.30899125000000        5.40799250000000      -6.103719243105141E-002
   6.30899125000000        5.70832541666667      -5.367650872251448E-002
   6.30899125000000        6.00865833333333      -4.604682425417875E-002
   6.30899125000000        6.30899125000000      -3.817179784065290E-002
   6.30899125000000        6.60932416666667      -2.875824178598795E-002
   6.30899125000000        6.90965708333333      -1.618946817676745E-002
   6.30899125000000        7.20999000000000      -7.669429488036689E-003
   6.60932416666667       2.000000000000000E-003 -0.197645213539743     
   6.60932416666667       0.302332916666667      -0.176841557099888     
   6.60932416666667       0.602665833333333      -0.155168989255017     
   6.60932416666667       0.902998750000000      -0.140952280439473     
   6.60932416666667        1.20333166666667      -0.128102530930308     
   6.60932416666667        1.50366458333333      -0.117570185592399     
   6.60932416666667        1.80399750000000      -0.109822410617056     
   6.60932416666667        2.10433041666667      -0.104138433279740     
   6.60932416666667        2.40466333333333      -9.929899056572739E-002
   6.60932416666667        2.70499625000000      -9.404593962936131E-002
   6.60932416666667        3.00532916666667      -8.753649305742413E-002
   6.60932416666667        3.30566208333333      -8.046750015736083E-002
   6.60932416666667        3.60599500000000      -7.659738637945351E-002
   6.60932416666667        3.90632791666667      -7.733496184291445E-002
   6.60932416666667        4.20666083333333      -7.798416107524841E-002
   6.60932416666667        4.50699375000000      -7.555156114111580E-002
   6.60932416666667        4.80732666666667      -7.033338658848874E-002
   6.60932416666667        5.10765958333333      -6.374517079351644E-002
   6.60932416666667        5.40799250000000      -5.599283163230280E-002
   6.60932416666667        5.70832541666667      -4.721995790806052E-002
   6.60932416666667        6.00865833333333      -3.787972093248576E-002
   6.60932416666667        6.30899125000000      -2.884073026922522E-002
   6.60932416666667        6.60932416666667      -2.014738966264159E-002
   6.60932416666667        6.90965708333333      -5.878214159203754E-003
   6.60932416666667        7.20999000000000       9.018735671948365E-003
   6.90965708333333       2.000000000000000E-003 -0.202560821253763     
   6.90965708333333       0.302332916666667      -0.180979879600842     
   6.90965708333333       0.602665833333333      -0.171969547030698     
   6.90965708333333       0.902998750000000      -0.153579503227763     
   6.90965708333333        1.20333166666667      -0.133616528088456     
   6.90965708333333        1.50366458333333      -0.118352837395660     
   6.90965708333333        1.80399750000000      -0.108009674822688     
   6.90965708333333        2.10433041666667      -0.101205449137698     
   6.90965708333333        2.40466333333333      -9.644219019649657E-002
   6.90965708333333        2.70499625000000      -9.216675443236458E-002
   6.90965708333333        3.00532916666667      -8.698916658494618E-002
   6.90965708333333        3.30566208333333      -8.039838487925913E-002
   6.90965708333333        3.60599500000000      -7.662487444570662E-002
   6.90965708333333        3.90632791666667      -7.839606304094492E-002
   6.90965708333333        4.20666083333333      -7.842635436321906E-002
   6.90965708333333        4.50699375000000      -7.456878186282360E-002
   6.90965708333333        4.80732666666667      -6.805923596853855E-002
   6.90965708333333        5.10765958333333      -6.029642682163371E-002
   6.90965708333333        5.40799250000000      -5.149198680198053E-002
   6.90965708333333        5.70832541666667      -4.116347431046329E-002
   6.90965708333333        6.00865833333333      -2.918801576740204E-002
   6.90965708333333        6.30899125000000      -1.635370402902691E-002
   6.90965708333333        6.60932416666667      -5.980366593884116E-003
   6.90965708333333        6.90965708333333       1.480905032353250E-004
   6.90965708333333        7.20999000000000       1.549090805508747E-002
   7.20999000000000       2.000000000000000E-003 -0.178840366600423     
   7.20999000000000       0.302332916666667      -0.197299446239135     
   7.20999000000000       0.602665833333333      -0.189534737946951     
   7.20999000000000       0.902998750000000      -0.160315798838694     
   7.20999000000000        1.20333166666667      -0.134560927020175     
   7.20999000000000        1.50366458333333      -0.116633636715577     
   7.20999000000000        1.80399750000000      -0.105066417614153     
   7.20999000000000        2.10433041666667      -9.791675230359502E-002
   7.20999000000000        2.40466333333333      -9.377743153004431E-002
   7.20999000000000        2.70499625000000      -9.124570682236016E-002
   7.20999000000000        3.00532916666667      -8.890055121729401E-002
   7.20999000000000        3.30566208333333      -8.452607810805837E-002
   7.20999000000000        3.60599500000000      -7.843532625280626E-002
   7.20999000000000        3.90632791666667      -7.948089165529529E-002
   7.20999000000000        4.20666083333333      -7.809258389461445E-002
   7.20999000000000        4.50699375000000      -7.289957201238940E-002
   7.20999000000000        4.80732666666667      -6.559236485151504E-002
   7.20999000000000        5.10765958333333      -5.730121282553219E-002
   7.20999000000000        5.40799250000000      -4.814569077205246E-002
   7.20999000000000        5.70832541666667      -3.724432744510647E-002
   7.20999000000000        6.00865833333333      -2.393692914578793E-002
   7.20999000000000        6.30899125000000      -7.871850475444194E-003
   7.20999000000000        6.60932416666667       8.863050790107539E-003
   7.20999000000000        6.90965708333333       1.538533368728611E-002
   7.20999000000000        7.20999000000000       7.261138760901495E-003
