  2.000000000000000E-003  2.000000000000000E-003 -2.806872792967179E-002
  2.000000000000000E-003  0.302332916666667      -2.739525987523392E-002
  2.000000000000000E-003  0.602665833333333      -2.524674121847245E-002
  2.000000000000000E-003  0.902998750000000      -2.077184246811785E-002
  2.000000000000000E-003   1.20333166666667      -1.757989652073402E-002
  2.000000000000000E-003   1.50366458333333      -1.579019548967792E-002
  2.000000000000000E-003   1.80399750000000      -1.483102475935856E-002
  2.000000000000000E-003   2.10433041666667      -1.427423943610763E-002
  2.000000000000000E-003   2.40466333333333      -1.395882205015170E-002
  2.000000000000000E-003   2.70499625000000      -1.369170124696167E-002
  2.000000000000000E-003   3.00532916666667      -1.312900639850926E-002
  2.000000000000000E-003   3.30566208333333      -1.164739100203355E-002
  2.000000000000000E-003   3.60599500000000      -9.726497938492248E-003
  2.000000000000000E-003   3.90632791666667      -1.019970863389938E-002
  2.000000000000000E-003   4.20666083333333      -1.038593781774016E-002
  2.000000000000000E-003   4.50699375000000      -1.027194693703198E-002
  2.000000000000000E-003   4.80732666666667      -9.807558957439979E-003
  2.000000000000000E-003   5.10765958333333      -9.148214990652489E-003
  2.000000000000000E-003   5.40799250000000      -8.398003925683619E-003
  2.000000000000000E-003   5.70832541666667      -7.487131397167683E-003
  2.000000000000000E-003   6.00865833333333      -6.493444183369948E-003
  2.000000000000000E-003   6.30899125000000      -5.594642282136745E-003
  2.000000000000000E-003   6.60932416666667      -4.995572374603002E-003
  2.000000000000000E-003   6.90965708333333      -4.640749783540780E-003
  2.000000000000000E-003   7.20999000000000      -4.275282883423732E-003
  0.302332916666667       2.000000000000000E-003 -3.464566375777732E-002
  0.302332916666667       0.302332916666667      -3.202690548548735E-002
  0.302332916666667       0.602665833333333      -2.687359131441578E-002
  0.302332916666667       0.902998750000000      -2.197555470137259E-002
  0.302332916666667        1.20333166666667      -1.875882045649218E-002
  0.302332916666667        1.50366458333333      -1.692398595206310E-002
  0.302332916666667        1.80399750000000      -1.593717017339502E-002
  0.302332916666667        2.10433041666667      -1.551869233051835E-002
  0.302332916666667        2.40466333333333      -1.566448232718877E-002
  0.302332916666667        2.70499625000000      -1.635637712724397E-002
  0.302332916666667        3.00532916666667      -1.714276584308992E-002
  0.302332916666667        3.30566208333333      -1.641442008119707E-002
  0.302332916666667        3.60599500000000      -1.248929233269333E-002
  0.302332916666667        3.90632791666667      -9.919313363472662E-003
  0.302332916666667        4.20666083333333      -9.536981968860591E-003
  0.302332916666667        4.50699375000000      -9.468853851062770E-003
  0.302332916666667        4.80732666666667      -9.175558511778977E-003
  0.302332916666667        5.10765958333333      -8.670912620990935E-003
  0.302332916666667        5.40799250000000      -8.069741574831315E-003
  0.302332916666667        5.70832541666667      -7.440736724981706E-003
  0.302332916666667        6.00865833333333      -6.966159860220312E-003
  0.302332916666667        6.30899125000000      -6.920747348079516E-003
  0.302332916666667        6.60932416666667      -7.294784150732966E-003
  0.302332916666667        6.90965708333333      -6.263153498195026E-003
  0.302332916666667        7.20999000000000      -5.351111771348378E-003
  0.602665833333333       2.000000000000000E-003 -3.508754348298073E-002
  0.602665833333333       0.302332916666667      -3.230824653943724E-002
  0.602665833333333       0.602665833333333      -2.729252133062908E-002
  0.602665833333333       0.902998750000000      -2.315972212413915E-002
  0.602665833333333        1.20333166666667      -2.032257450302185E-002
  0.602665833333333        1.50366458333333      -1.846611387799710E-002
  0.602665833333333        1.80399750000000      -1.731613003002743E-002
  0.602665833333333        2.10433041666667      -1.676503621711968E-002
  0.602665833333333        2.40466333333333      -1.680929767505344E-002
  0.602665833333333        2.70499625000000      -1.749767108324601E-002
  0.602665833333333        3.00532916666667      -1.824107282104660E-002
  0.602665833333333        3.30566208333333      -1.759445128507472E-002
  0.602665833333333        3.60599500000000      -1.454297530671109E-002
  0.602665833333333        3.90632791666667      -1.133304092181648E-002
  0.602665833333333        4.20666083333333      -9.781558598138538E-003
  0.602665833333333        4.50699375000000      -9.192171560872006E-003
  0.602665833333333        4.80732666666667      -8.787376091596279E-003
  0.602665833333333        5.10765958333333      -8.287381158412953E-003
  0.602665833333333        5.40799250000000      -7.741400430220403E-003
  0.602665833333333        5.70832541666667      -7.241902491057300E-003
  0.602665833333333        6.00865833333333      -6.891651245673650E-003
  0.602665833333333        6.30899125000000      -6.688613961860276E-003
  0.602665833333333        6.60932416666667      -6.183476944589348E-003
  0.602665833333333        6.90965708333333      -5.010619341307615E-003
  0.602665833333333        7.20999000000000      -5.819073302004909E-003
  0.902998750000000       2.000000000000000E-003 -3.148371643914304E-002
  0.902998750000000       0.302332916666667      -3.018870374588253E-002
  0.902998750000000       0.602665833333333      -2.742186708329812E-002
  0.902998750000000       0.902998750000000      -2.464271050699030E-002
  0.902998750000000        1.20333166666667      -2.228327381603003E-002
  0.902998750000000        1.50366458333333      -2.036956303786583E-002
  0.902998750000000        1.80399750000000      -1.892960619420572E-002
  0.902998750000000        2.10433041666667      -1.805401064256161E-002
  0.902998750000000        2.40466333333333      -1.760650557110830E-002
  0.902998750000000        2.70499625000000      -1.756966954176069E-002
  0.902998750000000        3.00532916666667      -1.765283743123225E-002
  0.902998750000000        3.30566208333333      -1.684549598480165E-002
  0.902998750000000        3.60599500000000      -1.470895655842697E-002
  0.902998750000000        3.90632791666667      -1.218861594128179E-002
  0.902998750000000        4.20666083333333      -1.038631376627296E-002
  0.902998750000000        4.50699375000000      -9.376548418172238E-003
  0.902998750000000        4.80732666666667      -8.701130894552676E-003
  0.902998750000000        5.10765958333333      -8.085758759949515E-003
  0.902998750000000        5.40799250000000      -7.491180551312674E-003
  0.902998750000000        5.70832541666667      -6.967461664172650E-003
  0.902998750000000        6.00865833333333      -6.514315202855563E-003
  0.902998750000000        6.30899125000000      -6.019283902130839E-003
  0.902998750000000        6.60932416666667      -5.307442573292526E-003
  0.902998750000000        6.90965708333333      -4.778525841105292E-003
  0.902998750000000        7.20999000000000      -5.392646081506369E-003
   1.20333166666667       2.000000000000000E-003 -3.045156436854868E-002
   1.20333166666667       0.302332916666667      -2.990173232328101E-002
   1.20333166666667       0.602665833333333      -2.850743407655769E-002
   1.20333166666667       0.902998750000000      -2.666313412005462E-002
   1.20333166666667        1.20333166666667      -2.462061607720866E-002
   1.20333166666667        1.50366458333333      -2.257893306127222E-002
   1.20333166666667        1.80399750000000      -2.078625327707002E-002
   1.20333166666667        2.10433041666667      -1.943056437266298E-002
   1.20333166666667        2.40466333333333      -1.839542638214206E-002
   1.20333166666667        2.70499625000000      -1.761928784660179E-002
   1.20333166666667        3.00532916666667      -1.690861806532552E-002
   1.20333166666667        3.30566208333333      -1.588610786240895E-002
   1.20333166666667        3.60599500000000      -1.426991650849788E-002
   1.20333166666667        3.90632791666667      -1.239487065088762E-002
   1.20333166666667        4.20666083333333      -1.080356816292827E-002
   1.20333166666667        4.50699375000000      -9.646407839245051E-003
   1.20333166666667        4.80732666666667      -8.776718217623681E-003
   1.20333166666667        5.10765958333333      -8.053563409469562E-003
   1.20333166666667        5.40799250000000      -7.391150267653208E-003
   1.20333166666667        5.70832541666667      -6.801324165292887E-003
   1.20333166666667        6.00865833333333      -6.273956193096527E-003
   1.20333166666667        6.30899125000000      -5.736665860866696E-003
   1.20333166666667        6.60932416666667      -5.195735417028108E-003
   1.20333166666667        6.90965708333333      -4.936966283759090E-003
   1.20333166666667        7.20999000000000      -5.211296956473033E-003
   1.50366458333333       2.000000000000000E-003 -3.204815384119913E-002
   1.50366458333333       0.302332916666667      -3.173358224129426E-002
   1.50366458333333       0.602665833333333      -3.081989843059177E-002
   1.50366458333333       0.902998750000000      -2.932610146017902E-002
   1.50366458333333        1.20333166666667      -2.733783631033652E-002
   1.50366458333333        1.50366458333333      -2.507729984846830E-002
   1.50366458333333        1.80399750000000      -2.289351695573499E-002
   1.50366458333333        2.10433041666667      -2.096366571196225E-002
   1.50366458333333        2.40466333333333      -1.934085530356072E-002
   1.50366458333333        2.70499625000000      -1.799016175248687E-002
   1.50366458333333        3.00532916666667      -1.676367141735411E-002
   1.50366458333333        3.30566208333333      -1.546534372434569E-002
   1.50366458333333        3.60599500000000      -1.399563620162847E-002
   1.50366458333333        3.90632791666667      -1.245617092462618E-002
   1.50366458333333        4.20666083333333      -1.104495972157016E-002
   1.50366458333333        4.50699375000000      -9.869999338494256E-003
   1.50366458333333        4.80732666666667      -8.919285421866405E-003
   1.50366458333333        5.10765958333333      -8.132280246977545E-003
   1.50366458333333        5.40799250000000      -7.448271656918207E-003
   1.50366458333333        5.70832541666667      -6.828970725221451E-003
   1.50366458333333        6.00865833333333      -6.296009429650150E-003
   1.50366458333333        6.30899125000000      -5.829485437295979E-003
   1.50366458333333        6.60932416666667      -5.449847104529540E-003
   1.50366458333333        6.90965708333333      -5.271808660246279E-003
   1.50366458333333        7.20999000000000      -5.344006458622741E-003
   1.80399750000000       2.000000000000000E-003 -3.533434366382777E-002
   1.80399750000000       0.302332916666667      -3.502487749647544E-002
   1.80399750000000       0.602665833333333      -3.410857503019298E-002
   1.80399750000000       0.902998750000000      -3.254909575222305E-002
   1.80399750000000        1.20333166666667      -3.038030018356309E-002
   1.80399750000000        1.50366458333333      -2.781762904749864E-002
   1.80399750000000        1.80399750000000      -2.515838938414281E-002
   1.80399750000000        2.10433041666667      -2.264526173560725E-002
   1.80399750000000        2.40466333333333      -2.044194111059892E-002
   1.80399750000000        2.70499625000000      -1.858222455036557E-002
   1.80399750000000        3.00532916666667      -1.697440789288529E-002
   1.80399750000000        3.30566208333333      -1.547694404443326E-002
   1.80399750000000        3.60599500000000      -1.399921545119375E-002
   1.80399750000000        3.90632791666667      -1.255334029992906E-002
   1.80399750000000        4.20666083333333      -1.121631391202819E-002
   1.80399750000000        4.50699375000000      -1.005254201756693E-002
   1.80399750000000        4.80732666666667      -9.076605122784204E-003
   1.80399750000000        5.10765958333333      -8.266701484678243E-003
   1.80399750000000        5.40799250000000      -7.590611108434024E-003
   1.80399750000000        5.70832541666667      -7.018723930701677E-003
   1.80399750000000        6.00865833333333      -6.530506438041153E-003
   1.80399750000000        6.30899125000000      -6.142146013290631E-003
   1.80399750000000        6.60932416666667      -5.855194215711839E-003
   1.80399750000000        6.90965708333333      -5.685502526253410E-003
   1.80399750000000        7.20999000000000      -5.632895264417737E-003
   2.10433041666667       2.000000000000000E-003 -3.988813008733350E-002
   2.10433041666667       0.302332916666667      -3.939820175369041E-002
   2.10433041666667       0.602665833333333      -3.809740096419745E-002
   2.10433041666667       0.902998750000000      -3.610706734856595E-002
   2.10433041666667        1.20333166666667      -3.355827146688645E-002
   2.10433041666667        1.50366458333333      -3.058742146405971E-002
   2.10433041666667        1.80399750000000      -2.742066148891179E-002
   2.10433041666667        2.10433041666667      -2.434116760112940E-002
   2.10433041666667        2.40466333333333      -2.158635436006186E-002
   2.10433041666667        2.70499625000000      -1.925756752031270E-002
   2.10433041666667        3.00532916666667      -1.730940848884864E-002
   2.10433041666667        3.30566208333333      -1.561842440823511E-002
   2.10433041666667        3.60599500000000      -1.407546967672711E-002
   2.10433041666667        3.90632791666667      -1.263998918340772E-002
   2.10433041666667        4.20666083333333      -1.133139380592776E-002
   2.10433041666667        4.50699375000000      -1.018378527609281E-002
   2.10433041666667        4.80732666666667      -9.212867695190249E-003
   2.10433041666667        5.10765958333333      -8.413554369148259E-003
   2.10433041666667        5.40799250000000      -7.771684515744367E-003
   2.10433041666667        5.70832541666667      -7.270392558287532E-003
   2.10433041666667        6.00865833333333      -6.886649048011303E-003
   2.10433041666667        6.30899125000000      -6.588055430393613E-003
   2.10433041666667        6.60932416666667      -6.342955397901181E-003
   2.10433041666667        6.90965708333333      -6.139286526797299E-003
   2.10433041666667        7.20999000000000      -5.965884277180799E-003
   2.40466333333333       2.000000000000000E-003 -4.606917231487254E-002
   2.40466333333333       0.302332916666667      -4.506890721310112E-002
   2.40466333333333       0.602665833333333      -4.263020404873873E-002
   2.40466333333333       0.902998750000000      -3.970411712292763E-002
   2.40466333333333        1.20333166666667      -3.652544240674193E-002
   2.40466333333333        1.50366458333333      -3.306225027265846E-002
   2.40466333333333        1.80399750000000      -2.941506100286513E-002
   2.40466333333333        2.10433041666667      -2.584164267043576E-002
   2.40466333333333        2.40466333333333      -2.261410031389080E-002
   2.40466333333333        2.70499625000000      -1.988317796869729E-002
   2.40466333333333        3.00532916666667      -1.763891454869809E-002
   2.40466333333333        3.30566208333333      -1.576711935108490E-002
   2.40466333333333        3.60599500000000      -1.414092023711795E-002
   2.40466333333333        3.90632791666667      -1.268518760691812E-002
   2.40466333333333        4.20666083333333      -1.138537634362038E-002
   2.40466333333333        4.50699375000000      -1.025537551179208E-002
   2.40466333333333        4.80732666666667      -9.307281596303466E-003
   2.40466333333333        5.10765958333333      -8.543504899569782E-003
   2.40466333333333        5.40799250000000      -7.960207656714857E-003
   2.40466333333333        5.70832541666667      -7.547448066085568E-003
   2.40466333333333        6.00865833333333      -7.279907835124854E-003
   2.40466333333333        6.30899125000000      -7.102999101900195E-003
   2.40466333333333        6.60932416666667      -6.927544566869089E-003
   2.40466333333333        6.90965708333333      -6.662272363006675E-003
   2.40466333333333        7.20999000000000      -6.306122916285300E-003
   2.70499625000000       2.000000000000000E-003 -5.272137038579704E-002
   2.70499625000000       0.302332916666667      -5.114219142696306E-002
   2.70499625000000       0.602665833333333      -4.742565573446820E-002
   2.70499625000000       0.902998750000000      -4.305107706033869E-002
   2.70499625000000        1.20333166666667      -3.892957340631947E-002
   2.70499625000000        1.50366458333333      -3.495151030990536E-002
   2.70499625000000        1.80399750000000      -3.091260323425616E-002
   2.70499625000000        2.10433041666667      -2.697110128816956E-002
   2.70499625000000        2.40466333333333      -2.339539017902417E-002
   2.70499625000000        2.70499625000000      -2.036433001183873E-002
   2.70499625000000        3.00532916666667      -1.789295892497631E-002
   2.70499625000000        3.30566208333333      -1.587449419299131E-002
   2.70499625000000        3.60599500000000      -1.417152840380776E-002
   2.70499625000000        3.90632791666667      -1.268809591742866E-002
   2.70499625000000        4.20666083333333      -1.138881726846656E-002
   2.70499625000000        4.50699375000000      -1.027513087481370E-002
   2.70499625000000        4.80732666666667      -9.357163528423905E-003
   2.70499625000000        5.10765958333333      -8.642139772241257E-003
   2.70499625000000        5.40799250000000      -8.133442161925793E-003
   2.70499625000000        5.70832541666667      -7.829076063639508E-003
   2.70499625000000        6.00865833333333      -7.711485932840413E-003
   2.70499625000000        6.30899125000000      -7.721896559704587E-003
   2.70499625000000        6.60932416666667      -7.663238525042472E-003
   2.70499625000000        6.90965708333333      -7.264047149027357E-003
   2.70499625000000        7.20999000000000      -6.579078514050860E-003
   3.00532916666667       2.000000000000000E-003 -5.767888886539298E-002
   3.00532916666667       0.302332916666667      -5.535797130152415E-002
   3.00532916666667       0.602665833333333      -5.052481657763368E-002
   3.00532916666667       0.902998750000000      -4.545897656923673E-002
   3.00532916666667        1.20333166666667      -4.058047493459575E-002
   3.00532916666667        1.50366458333333      -3.614915297439310E-002
   3.00532916666667        1.80399750000000      -3.184310130679129E-002
   3.00532916666667        2.10433041666667      -2.767582068296153E-002
   3.00532916666667        2.40466333333333      -2.388789200717658E-002
   3.00532916666667        2.70499625000000      -2.066935030083140E-002
   3.00532916666667        3.00532916666667      -1.805076094691606E-002
   3.00532916666667        3.30566208333333      -1.593173595851892E-002
   3.00532916666667        3.60599500000000      -1.417187226694189E-002
   3.00532916666667        3.90632791666667      -1.266567362266780E-002
   3.00532916666667        4.20666083333333      -1.136523800802331E-002
   3.00532916666667        4.50699375000000      -1.026469435790608E-002
   3.00532916666667        4.80732666666667      -9.374929600494970E-003
   3.00532916666667        5.10765958333333      -8.708031723754171E-003
   3.00532916666667        5.40799250000000      -8.274833701621635E-003
   3.00532916666667        5.70832541666667      -8.088494989242700E-003
   3.00532916666667        6.00865833333333      -8.168843187050089E-003
   3.00532916666667        6.30899125000000      -8.471505284694390E-003
   3.00532916666667        6.60932416666667      -8.556542762158205E-003
   3.00532916666667        6.90965708333333      -7.945389840977920E-003
   3.00532916666667        7.20999000000000      -6.760005410103104E-003
   3.30566208333333       2.000000000000000E-003 -5.773649233927921E-002
   3.30566208333333       0.302332916666667      -5.541557686932050E-002
   3.30566208333333       0.602665833333333      -5.102309501765678E-002
   3.30566208333333       0.902998750000000      -4.632423290550523E-002
   3.30566208333333        1.20333166666667      -4.146918239659363E-002
   3.30566208333333        1.50366458333333      -3.675091466376450E-002
   3.30566208333333        1.80399750000000      -3.230269525267083E-002
   3.30566208333333        2.10433041666667      -2.802716654769786E-002
   3.30566208333333        2.40466333333333      -2.413713926481428E-002
   3.30566208333333        2.70499625000000      -2.082500361233765E-002
   3.30566208333333        3.00532916666667      -1.812918397347586E-002
   3.30566208333333        3.30566208333333      -1.595371273824720E-002
   3.30566208333333        3.60599500000000      -1.416009917176116E-002
   3.30566208333333        3.90632791666667      -1.264124794925414E-002
   3.30566208333333        4.20666083333333      -1.134152931198403E-002
   3.30566208333333        4.50699375000000      -1.025017368633285E-002
   3.30566208333333        4.80732666666667      -9.379845136500319E-003
   3.30566208333333        5.10765958333333      -8.747185982294296E-003
   3.30566208333333        5.40799250000000      -8.370313044858647E-003
   3.30566208333333        5.70832541666667      -8.281752065904355E-003
   3.30566208333333        6.00865833333333      -8.565848135548188E-003
   3.30566208333333        6.30899125000000      -9.136574234231606E-003
   3.30566208333333        6.60932416666667      -9.396030220337994E-003
   3.30566208333333        6.90965708333333      -8.509763165720899E-003
   3.30566208333333        7.20999000000000      -6.873860036481577E-003
   3.60599500000000       2.000000000000000E-003 -5.314677460664988E-002
   3.60599500000000       0.302332916666667      -5.321107769082953E-002
   3.60599500000000       0.602665833333333      -5.046556489030564E-002
   3.60599500000000       0.902998750000000      -4.639924696354975E-002
   3.60599500000000        1.20333166666667      -4.172753725728197E-002
   3.60599500000000        1.50366458333333      -3.693764056166115E-002
   3.60599500000000        1.80399750000000      -3.244631701952829E-002
   3.60599500000000        2.10433041666667      -2.813998479043238E-002
   3.60599500000000        2.40466333333333      -2.422053211569114E-002
   3.60599500000000        2.70499625000000      -2.088051047464456E-002
   3.60599500000000        3.00532916666667      -1.816073905431013E-002
   3.60599500000000        3.30566208333333      -1.596677353491556E-002
   3.60599500000000        3.60599500000000      -1.416184028448778E-002
   3.60599500000000        3.90632791666667      -1.263955612774008E-002
   3.60599500000000        4.20666083333333      -1.134086295480386E-002
   3.60599500000000        4.50699375000000      -1.025262776418058E-002
   3.60599500000000        4.80732666666667      -9.388283491586864E-003
   3.60599500000000        5.10765958333333      -8.766356593148117E-003
   3.60599500000000        5.40799250000000      -8.407968648533201E-003
   3.60599500000000        5.70832541666667      -8.354256125515588E-003
   3.60599500000000        6.00865833333333      -8.717320658797167E-003
   3.60599500000000        6.30899125000000      -9.383175541553494E-003
   3.60599500000000        6.60932416666667      -9.700464027946484E-003
   3.60599500000000        6.90965708333333      -8.588512788274907E-003
   3.60599500000000        7.20999000000000      -7.095399246050543E-003
   3.90632791666667       2.000000000000000E-003 -5.773842750034987E-002
   3.90632791666667       0.302332916666667      -5.549223938493920E-002
   3.90632791666667       0.602665833333333      -5.110469888474377E-002
   3.90632791666667       0.902998750000000      -4.639030290083221E-002
   3.90632791666667        1.20333166666667      -4.152171637104354E-002
   3.90632791666667        1.50366458333333      -3.679674217700783E-002
   3.90632791666667        1.80399750000000      -3.234562757138158E-002
   3.90632791666667        2.10433041666667      -2.806759522886550E-002
   3.90632791666667        2.40466333333333      -2.417495191644884E-002
   3.90632791666667        2.70499625000000      -2.086038384993527E-002
   3.90632791666667        3.00532916666667      -1.816269610534788E-002
   3.90632791666667        3.30566208333333      -1.598610383361914E-002
   3.90632791666667        3.60599500000000      -1.419199942679909E-002
   3.90632791666667        3.90632791666667      -1.267286762231435E-002
   3.90632791666667        4.20666083333333      -1.137248809895887E-002
   3.90632791666667        4.50699375000000      -1.027949137361288E-002
   3.90632791666667        4.80732666666667      -9.406094277051493E-003
   3.90632791666667        5.10765958333333      -8.768567491024684E-003
   3.90632791666667        5.40799250000000      -8.384249174843572E-003
   3.90632791666667        5.70832541666667      -8.283019191680936E-003
   3.90632791666667        6.00865833333333      -8.540250425070228E-003
   3.90632791666667        6.30899125000000      -9.059940653026132E-003
   3.90632791666667        6.60932416666667      -9.249036242490911E-003
   3.90632791666667        6.90965708333333      -8.315223495519414E-003
   3.90632791666667        7.20999000000000      -6.715150277340428E-003
   4.20666083333333       2.000000000000000E-003 -5.768182229229361E-002
   4.20666083333333       0.302332916666667      -5.544067619679450E-002
   4.20666083333333       0.602665833333333      -5.063317412271512E-002
   4.20666083333333       0.902998750000000      -4.556063444697554E-002
   4.20666083333333        1.20333166666667      -4.066970734104884E-002
   4.20666083333333        1.50366458333333      -3.623317432983499E-002
   4.20666083333333        1.80399750000000      -3.192464981178531E-002
   4.20666083333333        2.10433041666667      -2.775479080103155E-002
   4.20666083333333        2.40466333333333      -2.396378526434487E-002
   4.20666083333333        2.70499625000000      -2.074200930540002E-002
   4.20666083333333        3.00532916666667      -1.812040343813137E-002
   4.20666083333333        3.30566208333333      -1.599875888230653E-002
   4.20666083333333        3.60599500000000      -1.423662972421873E-002
   4.20666083333333        3.90632791666667      -1.272823016161317E-002
   4.20666083333333        4.20666083333333      -1.142515337591576E-002
   4.20666083333333        4.50699375000000      -1.032094131741160E-002
   4.20666083333333        4.80732666666667      -9.425928139885676E-003
   4.20666083333333        5.10765958333333      -8.751581139264969E-003
   4.20666083333333        5.40799250000000      -8.307512499417772E-003
   4.20666083333333        5.70832541666667      -8.103530311335658E-003
   4.20666083333333        6.00865833333333      -8.150091602254802E-003
   4.20666083333333        6.30899125000000      -8.386779756286369E-003
   4.20666083333333        6.60932416666667      -8.384774855526161E-003
   4.20666083333333        6.90965708333333      -7.703792710867921E-003
   4.20666083333333        7.20999000000000      -6.518586610028677E-003
   4.50699375000000       2.000000000000000E-003 -5.272346820560078E-002
   4.50699375000000       0.302332916666667      -5.120828019896805E-002
   4.50699375000000       0.602665833333333      -4.752615282286755E-002
   4.50699375000000       0.902998750000000      -4.315951569774432E-002
   4.50699375000000        1.20333166666667      -3.903933883099368E-002
   4.50699375000000        1.50366458333333      -3.506366586616467E-002
   4.50699375000000        1.80399750000000      -3.102692758206179E-002
   4.50699375000000        2.10433041666667      -2.708666005309639E-002
   4.50699375000000        2.40466333333333      -2.351098591322910E-002
   4.50699375000000        2.70499625000000      -2.047848831336386E-002
   4.50699375000000        3.00532916666667      -1.800389169441048E-002
   4.50699375000000        3.30566208333333      -1.598032891490916E-002
   4.50699375000000        3.60599500000000      -1.427084066418337E-002
   4.50699375000000        3.90632791666667      -1.278029026444336E-002
   4.50699375000000        4.20666083333333      -1.147408439829386E-002
   4.50699375000000        4.50699375000000      -1.035406045252003E-002
   4.50699375000000        4.80732666666667      -9.430162118620994E-003
   4.50699375000000        5.10765958333333      -8.708756829199206E-003
   4.50699375000000        5.40799250000000      -8.191642230067006E-003
   4.50699375000000        5.70832541666667      -7.874045362409911E-003
   4.50699375000000        6.00865833333333      -7.733149665745743E-003
   4.50699375000000        6.30899125000000      -7.701390838066513E-003
   4.50699375000000        6.60932416666667      -7.584178793922780E-003
   4.50699375000000        6.90965708333333      -7.141195335242011E-003
   4.50699375000000        7.20999000000000      -6.458159241170970E-003
   4.80732666666667       2.000000000000000E-003 -4.607000527932949E-002
   4.80732666666667       0.302332916666667      -4.511850923620762E-002
   4.80732666666667       0.602665833333333      -4.271436311625455E-002
   4.80732666666667       0.902998750000000      -3.980980097183767E-002
   4.80732666666667        1.20333166666667      -3.664595071842191E-002
   4.80732666666667        1.50366458333333      -3.319461696345759E-002
   4.80732666666667        1.80399750000000      -2.955787884036514E-002
   4.80732666666667        2.10433041666667      -2.599372347930563E-002
   4.80732666666667        2.40466333333333      -2.277325362252343E-002
   4.80732666666667        2.70499625000000      -2.004532979910509E-002
   4.80732666666667        3.00532916666667      -1.779818867338902E-002
   4.80732666666667        3.30566208333333      -1.591709600865254E-002
   4.80732666666667        3.60599500000000      -1.427671521603409E-002
   4.80732666666667        3.90632791666667      -1.280513871979292E-002
   4.80732666666667        4.20666083333333      -1.149135657362453E-002
   4.80732666666667        4.50699375000000      -1.035168258346004E-002
   4.80732666666667        4.80732666666667      -9.398696366331899E-003
   4.80732666666667        5.10765958333333      -8.633408607176920E-003
   4.80732666666667        5.40799250000000      -8.049525170040074E-003
   4.80732666666667        5.70832541666667      -7.634524906389105E-003
   4.80732666666667        6.00865833333333      -7.361072769176843E-003
   4.80732666666667        6.30899125000000      -7.173969739930853E-003
   4.80732666666667        6.60932416666667      -6.987138072022473E-003
   4.80732666666667        6.90965708333333      -6.719241402093904E-003
   4.80732666666667        7.20999000000000      -6.381117829537205E-003
   5.10765958333333       2.000000000000000E-003 -3.988780514150394E-002
   5.10765958333333       0.302332916666667      -3.943642983582690E-002
   5.10765958333333       0.602665833333333      -3.816998164841445E-002
   5.10765958333333       0.902998750000000      -3.620856858023903E-002
   5.10765958333333        1.20333166666667      -3.368416543835105E-002
   5.10765958333333        1.50366458333333      -3.073541393035830E-002
   5.10765958333333        1.80399750000000      -2.759028107071673E-002
   5.10765958333333        2.10433041666667      -2.453172372489601E-002
   5.10765958333333        2.40466333333333      -2.179436842248985E-002
   5.10765958333333        2.70499625000000      -1.947510423082479E-002
   5.10765958333333        3.00532916666667      -1.752446001918014E-002
   5.10765958333333        3.30566208333333      -1.581777480567945E-002
   5.10765958333333        3.60599500000000      -1.424915285140032E-002
   5.10765958333333        3.90632791666667      -1.278510068769769E-002
   5.10765958333333        4.20666083333333      -1.145287484467887E-002
   5.10765958333333        4.50699375000000      -1.029185464343818E-002
   5.10765958333333        4.80732666666667      -9.318793005748791E-003
   5.10765958333333        5.10765958333333      -8.525989637188074E-003
   5.10765958333333        5.40799250000000      -7.894993027785912E-003
   5.10765958333333        5.70832541666667      -7.405378474985282E-003
   5.10765958333333        6.00865833333333      -7.033485068199600E-003
   5.10765958333333        6.30899125000000      -6.750685362887551E-003
   5.10765958333333        6.60932416666667      -6.531956008584581E-003
   5.10765958333333        6.90965708333333      -6.365582620973783E-003
   5.10765958333333        7.20999000000000      -6.235402326977292E-003
   5.40799250000000       2.000000000000000E-003 -3.533298909845192E-002
   5.40799250000000       0.302332916666667      -3.505382906034246E-002
   5.40799250000000       0.602665833333333      -3.416951431470823E-002
   5.40799250000000       0.902998750000000      -3.264341222042558E-002
   5.40799250000000        1.20333166666667      -3.050813740497383E-002
   5.40799250000000        1.50366458333333      -2.797874394848197E-002
   5.40799250000000        1.80399750000000      -2.535413979797015E-002
   5.40799250000000        2.10433041666667      -2.287598176612596E-002
   5.40799250000000        2.40466333333333      -2.070288160578453E-002
   5.40799250000000        2.70499625000000      -1.886101878825303E-002
   5.40799250000000        3.00532916666667      -1.725149327831395E-002
   5.40799250000000        3.30566208333333      -1.572997504409070E-002
   5.40799250000000        3.60599500000000      -1.421108345542283E-002
   5.40799250000000        3.90632791666667      -1.271978641351000E-002
   5.40799250000000        4.20666083333333      -1.134734484710425E-002
   5.40799250000000        4.50699375000000      -1.016678009866671E-002
   5.40799250000000        4.80732666666667      -9.193406894017335E-003
   5.40799250000000        5.10765958333333      -8.400464999929247E-003
   5.40799250000000        5.40799250000000      -7.748611238467791E-003
   5.40799250000000        5.70832541666667      -7.202374586845358E-003
   5.40799250000000        6.00865833333333      -6.739896129323051E-003
   5.40799250000000        6.30899125000000      -6.381387993324500E-003
   5.40799250000000        6.60932416666667      -6.139072150137545E-003
   5.40799250000000        6.90965708333333      -6.035675663218307E-003
   5.40799250000000        7.20999000000000      -6.054566731559875E-003
   5.70832541666667       2.000000000000000E-003 -3.204564496044739E-002
   5.70832541666667       0.302332916666667      -3.174704732449452E-002
   5.70832541666667       0.602665833333333      -3.085986162198507E-002
   5.70832541666667       0.902998750000000      -2.940431276580099E-002
   5.70832541666667        1.20333166666667      -2.746113387831476E-002
   5.70832541666667        1.50366458333333      -2.524809201299042E-002
   5.70832541666667        1.80399750000000      -2.311257738541415E-002
   5.70832541666667        2.10433041666667      -2.123233774793119E-002
   5.70832541666667        2.40466333333333      -1.965432286091622E-002
   5.70832541666667        2.70499625000000      -1.833312092119202E-002
   5.70832541666667        3.00532916666667      -1.710907744830566E-002
   5.70832541666667        3.30566208333333      -1.577809209895079E-002
   5.70832541666667        3.60599500000000      -1.424602276234109E-002
   5.70832541666667        3.90632791666667      -1.263769634367418E-002
   5.70832541666667        4.20666083333333      -1.117729360740104E-002
   5.70832541666667        4.50699375000000      -9.984435715427311E-003
   5.70832541666667        4.80732666666667      -9.044276262162323E-003
   5.70832541666667        5.10765958333333      -8.287146385449071E-003
   5.70832541666667        5.40799250000000      -7.642076928272750E-003
   5.70832541666667        5.70832541666667      -7.061358690980184E-003
   5.70832541666667        6.00865833333333      -6.559665083752847E-003
   5.70832541666667        6.30899125000000      -6.121253901988742E-003
   5.70832541666667        6.60932416666667      -5.788036632738319E-003
   5.70832541666667        6.90965708333333      -5.699785252008388E-003
   5.70832541666667        7.20999000000000      -5.885310136262186E-003
   6.00865833333333       2.000000000000000E-003 -3.044747439777958E-002
   6.00865833333333       0.302332916666667      -2.988520063373109E-002
   6.00865833333333       0.602665833333333      -2.850689767612874E-002
   6.00865833333333       0.902998750000000      -2.670831582011536E-002
   6.00865833333333        1.20333166666667      -2.472633561612920E-002
   6.00865833333333        1.50366458333333      -2.274886694840396E-002
   6.00865833333333        1.80399750000000      -2.102019886124083E-002
   6.00865833333333        2.10433041666667      -1.972793187615501E-002
   6.00865833333333        2.40466333333333      -1.875449175399311E-002
   6.00865833333333        2.70499625000000      -1.802839934651956E-002
   6.00865833333333        3.00532916666667      -1.733867380931452E-002
   6.00865833333333        3.30566208333333      -1.628095704379132E-002
   6.00865833333333        3.60599500000000      -1.456535830459780E-002
   6.00865833333333        3.90632791666667      -1.257841483595859E-002
   6.00865833333333        4.20666083333333      -1.092130668569587E-002
   6.00865833333333        4.50699375000000      -9.753208453239867E-003
   6.00865833333333        4.80732666666667      -8.909030104148377E-003
   6.00865833333333        5.10765958333333      -8.232110990152714E-003
   6.00865833333333        5.40799250000000      -7.625721516742085E-003
   6.00865833333333        5.70832541666667      -7.089305194858565E-003
   6.00865833333333        6.00865833333333      -6.600962556811146E-003
   6.00865833333333        6.30899125000000      -6.081167495410096E-003
   6.00865833333333        6.60932416666667      -5.558471999069258E-003
   6.00865833333333        6.90965708333333      -5.389517305007599E-003
   6.00865833333333        7.20999000000000      -5.835543271617149E-003
   6.30899125000000       2.000000000000000E-003 -3.147728448056432E-002
   6.30899125000000       0.302332916666667      -3.011682042490018E-002
   6.30899125000000       0.602665833333333      -2.735223044561158E-002
   6.30899125000000       0.902998750000000      -2.463549398640878E-002
   6.30899125000000        1.20333166666667      -2.235791176187050E-002
   6.30899125000000        1.50366458333333      -2.052481844579456E-002
   6.30899125000000        1.80399750000000      -1.916178853506502E-002
   6.30899125000000        2.10433041666667      -1.836232505235859E-002
   6.30899125000000        2.40466333333333      -1.799619417855106E-002
   6.30899125000000        2.70499625000000      -1.805028092384891E-002
   6.30899125000000        3.00532916666667      -1.819959991425664E-002
   6.30899125000000        3.30566208333333      -1.735085241325469E-002
   6.30899125000000        3.60599500000000      -1.504918629397458E-002
   6.30899125000000        3.90632791666667      -1.234696137881732E-002
   6.30899125000000        4.20666083333333      -1.046030063620821E-002
   6.30899125000000        4.50699375000000      -9.464949453032761E-003
   6.30899125000000        4.80732666666667      -8.843916936156177E-003
   6.30899125000000        5.10765958333333      -8.294390768895765E-003
   6.30899125000000        5.40799250000000      -7.774140237797109E-003
   6.30899125000000        5.70832541666667      -7.328564417876120E-003
   6.30899125000000        6.00865833333333      -6.945042180020514E-003
   6.30899125000000        6.30899125000000      -6.477516587320663E-003
   6.30899125000000        6.60932416666667      -5.721891177307271E-003
   6.30899125000000        6.90965708333333      -5.197484746346894E-003
   6.30899125000000        7.20999000000000      -6.049479578522610E-003
   6.60932416666667       2.000000000000000E-003 -3.507859495058735E-002
   6.60932416666667       0.302332916666667      -3.214838303623468E-002
   6.60932416666667       0.602665833333333      -2.713496946190743E-002
   6.60932416666667       0.902998750000000      -2.309858047358250E-002
   6.60932416666667        1.20333166666667      -2.036559394378092E-002
   6.60932416666667        1.50366458333333      -1.859873389141025E-002
   6.60932416666667        1.80399750000000      -1.752901412055104E-002
   6.60932416666667        2.10433041666667      -1.705890005102116E-002
   6.60932416666667        2.40466333333333      -1.720102030536999E-002
   6.60932416666667        2.70499625000000      -1.802240116072531E-002
   6.60932416666667        3.00532916666667      -1.887195533493798E-002
   6.60932416666667        3.30566208333333      -1.819812300118417E-002
   6.60932416666667        3.60599500000000      -1.490319074009300E-002
   6.60932416666667        3.90632791666667      -1.143438137789648E-002
   6.60932416666667        4.20666083333333      -9.811783008475169E-003
   6.60932416666667        4.50699375000000      -9.273724998338503E-003
   6.60932416666667        4.80732666666667      -8.954525794861296E-003
   6.60932416666667        5.10765958333333      -8.535255121415881E-003
   6.60932416666667        5.40799250000000      -8.075626195270951E-003
   6.60932416666667        5.70832541666667      -7.684017204710779E-003
   6.60932416666667        6.00865833333333      -7.467783163615791E-003
   6.60932416666667        6.30899125000000      -7.388865689865721E-003
   6.60932416666667        6.60932416666667      -6.850044314718748E-003
   6.60932416666667        6.90965708333333      -5.426161763342479E-003
   6.60932416666667        7.20999000000000      -6.456483928718367E-003
   6.90965708333333       2.000000000000000E-003 -3.463885450269636E-002
   6.90965708333333       0.302332916666667      -3.180757233585247E-002
   6.90965708333333       0.602665833333333      -2.670221178522288E-002
   6.90965708333333       0.902998750000000      -2.191998077361201E-002
   6.90965708333333        1.20333166666667      -1.879781434867748E-002
   6.90965708333333        1.50366458333333      -1.703884542644922E-002
   6.90965708333333        1.80399750000000      -1.611939842415681E-002
   6.90965708333333        2.10433041666667      -1.577015847344391E-002
   6.90965708333333        2.40466333333333      -1.600738367084168E-002
   6.90965708333333        2.70499625000000      -1.681866069945275E-002
   6.90965708333333        3.00532916666667      -1.771859427890276E-002
   6.90965708333333        3.30566208333333      -1.699956461359534E-002
   6.90965708333333        3.60599500000000      -1.281105091315189E-002
   6.90965708333333        3.90632791666667      -9.993684816433146E-003
   6.90965708333333        4.20666083333333      -9.612729020655856E-003
   6.90965708333333        4.50699375000000      -9.618478843710943E-003
   6.90965708333333        4.80732666666667      -9.401371626853526E-003
   6.90965708333333        5.10765958333333      -8.966996022287602E-003
   6.90965708333333        5.40799250000000      -8.443576824390094E-003
   6.90965708333333        5.70832541666667      -7.926655634594881E-003
   6.90965708333333        6.00865833333333      -7.626581970233639E-003
   6.90965708333333        6.30899125000000      -7.840397277701177E-003
   6.90965708333333        6.60932416666667      -8.457296548058012E-003
   6.90965708333333        6.90965708333333      -7.095411814608231E-003
   6.90965708333333        7.20999000000000      -6.000866882147975E-003
   7.20999000000000       2.000000000000000E-003 -2.807022632305703E-002
   7.20999000000000       0.302332916666667      -2.744409277158844E-002
   7.20999000000000       0.602665833333333      -2.530545419108621E-002
   7.20999000000000       0.902998750000000      -2.082884902010282E-002
   7.20999000000000        1.20333166666667      -1.765616730317467E-002
   7.20999000000000        1.50366458333333      -1.590001724477749E-002
   7.20999000000000        1.80399750000000      -1.497994972430923E-002
   7.20999000000000        2.10433041666667      -1.446536138100546E-002
   7.20999000000000        2.40466333333333      -1.419934372273544E-002
   7.20999000000000        2.70499625000000      -1.398008868845937E-002
   7.20999000000000        3.00532916666667      -1.344581963873601E-002
   7.20999000000000        3.30566208333333      -1.194987611167796E-002
   7.20999000000000        3.60599500000000      -9.989183249120608E-003
   7.20999000000000        3.90632791666667      -1.048590102947237E-002
   7.20999000000000        4.20666083333333      -1.069162650641695E-002
   7.20999000000000        4.50699375000000      -1.058526200368600E-002
   7.20999000000000        4.80732666666667      -1.013258819080664E-002
   7.20999000000000        5.10765958333333      -9.498145003281253E-003
   7.20999000000000        5.40799250000000      -8.789698281875365E-003
   7.20999000000000        5.70832541666667      -7.945093328574772E-003
   7.20999000000000        6.00865833333333      -7.051732177073698E-003
   7.20999000000000        6.30899125000000      -6.295380073551633E-003
   7.20999000000000        6.60932416666667      -5.851446946831567E-003
   7.20999000000000        6.90965708333333      -5.482254896148443E-003
   7.20999000000000        7.20999000000000      -4.968964206580226E-003
