  2.000000000000000E-003  2.000000000000000E-003 -0.779284606755454     
  2.000000000000000E-003  0.302332916666667      -0.809058938605757     
  2.000000000000000E-003  0.602665833333333      -0.702872803921457     
  2.000000000000000E-003  0.902998750000000      -0.563932079405437     
  2.000000000000000E-003   1.20333166666667      -0.429463294628157     
  2.000000000000000E-003   1.50366458333333      -0.315008007166903     
  2.000000000000000E-003   1.80399750000000      -0.226729680622994     
  2.000000000000000E-003   2.10433041666667      -0.165339614914029     
  2.000000000000000E-003   2.40466333333333      -0.125691307956798     
  2.000000000000000E-003   2.70499625000000      -0.103586080958161     
  2.000000000000000E-003   3.00532916666667      -9.404753336545815E-002
  2.000000000000000E-003   3.30566208333333      -8.275751495613870E-002
  2.000000000000000E-003   3.60599500000000      -7.563556712034289E-002
  2.000000000000000E-003   3.90632791666667      -5.290412500475684E-002
  2.000000000000000E-003   4.20666083333333      -3.799987998996232E-002
  2.000000000000000E-003   4.50699375000000      -3.774747904159094E-002
  2.000000000000000E-003   4.80732666666667      -4.083914554507400E-002
  2.000000000000000E-003   5.10765958333333      -4.179682727995469E-002
  2.000000000000000E-003   5.40799250000000      -3.900014129696212E-002
  2.000000000000000E-003   5.70832541666667      -3.195065849306369E-002
  2.000000000000000E-003   6.00865833333333      -2.054076075134061E-002
  2.000000000000000E-003   6.30899125000000      -5.426289650436198E-003
  2.000000000000000E-003   6.60932416666667       9.033798995731932E-003
  2.000000000000000E-003   6.90965708333333       5.987264265847664E-003
  2.000000000000000E-003   7.20999000000000      -6.383521003369464E-003
  0.302332916666667       2.000000000000000E-003 -0.809061239141309     
  0.302332916666667       0.302332916666667      -0.687237074100019     
  0.302332916666667       0.602665833333333      -0.609208417728493     
  0.302332916666667       0.902998750000000      -0.515925108098640     
  0.302332916666667        1.20333166666667      -0.405409081259099     
  0.302332916666667        1.50366458333333      -0.302950859060196     
  0.302332916666667        1.80399750000000      -0.221030618089778     
  0.302332916666667        2.10433041666667      -0.163097997779438     
  0.302332916666667        2.40466333333333      -0.125253579202919     
  0.302332916666667        2.70499625000000      -0.103602389912240     
  0.302332916666667        3.00532916666667      -9.525272936570887E-002
  0.302332916666667        3.30566208333333      -8.869660303030365E-002
  0.302332916666667        3.60599500000000      -7.754868438339575E-002
  0.302332916666667        3.90632791666667      -5.762077680143507E-002
  0.302332916666667        4.20666083333333      -4.350054962215555E-002
  0.302332916666667        4.50699375000000      -4.112396725013662E-002
  0.302332916666667        4.80732666666667      -4.240429670281714E-002
  0.302332916666667        5.10765958333333      -4.229021116644095E-002
  0.302332916666667        5.40799250000000      -3.926284763390465E-002
  0.302332916666667        5.70832541666667      -3.257793502498453E-002
  0.302332916666667        6.00865833333333      -2.265241784109540E-002
  0.302332916666667        6.30899125000000      -1.144387964958340E-002
  0.302332916666667        6.60932416666667      -5.076426251987908E-003
  0.302332916666667        6.90965708333333      -1.134103577140022E-002
  0.302332916666667        7.20999000000000      -8.562204850717086E-003
  0.602665833333333       2.000000000000000E-003 -0.702881669383908     
  0.602665833333333       0.302332916666667      -0.609208597095102     
  0.602665833333333       0.602665833333333      -0.507198145964286     
  0.602665833333333       0.902998750000000      -0.433608698059006     
  0.602665833333333        1.20333166666667      -0.353764999853824     
  0.602665833333333        1.50366458333333      -0.274246300496524     
  0.602665833333333        1.80399750000000      -0.206498923910921     
  0.602665833333333        2.10433041666667      -0.156506375513768     
  0.602665833333333        2.40466333333333      -0.123146219575591     
  0.602665833333333        2.70499625000000      -0.102616950350018     
  0.602665833333333        3.00532916666667      -9.479373413745365E-002
  0.602665833333333        3.30566208333333      -9.095479469608229E-002
  0.602665833333333        3.60599500000000      -8.175450395126131E-002
  0.602665833333333        3.90632791666667      -6.618954675405776E-002
  0.602665833333333        4.20666083333333      -5.352048129259979E-002
  0.602665833333333        4.50699375000000      -4.793914451924189E-002
  0.602665833333333        4.80732666666667      -4.565115223101424E-002
  0.602665833333333        5.10765958333333      -4.332821256067850E-002
  0.602665833333333        5.40799250000000      -3.957887274893913E-002
  0.602665833333333        5.70832541666667      -3.356907650645363E-002
  0.602665833333333        6.00865833333333      -2.616371120222275E-002
  0.602665833333333        6.30899125000000      -1.989856300724850E-002
  0.602665833333333        6.60932416666667      -1.818538438566236E-002
  0.602665833333333        6.90965708333333      -1.810577055191737E-002
  0.602665833333333        7.20999000000000      -1.095755242826474E-002
  0.902998750000000       2.000000000000000E-003 -0.563919844207382     
  0.902998750000000       0.302332916666667      -0.515907340571647     
  0.902998750000000       0.602665833333333      -0.433593733229909     
  0.902998750000000       0.902998750000000      -0.363994600948275     
  0.902998750000000        1.20333166666667      -0.300699432024125     
  0.902998750000000        1.50366458333333      -0.240258149349697     
  0.902998750000000        1.80399750000000      -0.187209768102524     
  0.902998750000000        2.10433041666667      -0.146368951631520     
  0.902998750000000        2.40466333333333      -0.117705559709642     
  0.902998750000000        2.70499625000000      -9.939476743616310E-002
  0.902998750000000        3.00532916666667      -9.060627803069923E-002
  0.902998750000000        3.30566208333333      -8.629490576530868E-002
  0.902998750000000        3.60599500000000      -7.973581822729078E-002
  0.902998750000000        3.90632791666667      -6.957017334418293E-002
  0.902998750000000        4.20666083333333      -5.978575854466420E-002
  0.902998750000000        4.50699375000000      -5.305112116354004E-002
  0.902998750000000        4.80732666666667      -4.829334536771629E-002
  0.902998750000000        5.10765958333333      -4.406207740060295E-002
  0.902998750000000        5.40799250000000      -3.950087437633563E-002
  0.902998750000000        5.70832541666667      -3.386305769269166E-002
  0.902998750000000        6.00865833333333      -2.796544225184941E-002
  0.902998750000000        6.30899125000000      -2.345777295181166E-002
  0.902998750000000        6.60932416666667      -2.120268023723525E-002
  0.902998750000000        6.90965708333333      -1.904323793925093E-002
  0.902998750000000        7.20999000000000      -1.582381935515484E-002
   1.20333166666667       2.000000000000000E-003 -0.429424582715056     
   1.20333166666667       0.302332916666667      -0.405365949395654     
   1.20333166666667       0.602665833333333      -0.353726004429939     
   1.20333166666667       0.902998750000000      -0.300675132425313     
   1.20333166666667        1.20333166666667      -0.251813403186054     
   1.20333166666667        1.50366458333333      -0.206299784218258     
   1.20333166666667        1.80399750000000      -0.165798593857758     
   1.20333166666667        2.10433041666667      -0.133325392049849     
   1.20333166666667        2.40466333333333      -0.109513861878559     
   1.20333166666667        2.70499625000000      -9.363386689415219E-002
   1.20333166666667        3.00532916666667      -8.441435739273122E-002
   1.20333166666667        3.30566208333333      -7.925692006492562E-002
   1.20333166666667        3.60599500000000      -7.429629232684902E-002
   1.20333166666667        3.90632791666667      -6.779124394010118E-002
   1.20333166666667        4.20666083333333      -6.085623819186982E-002
   1.20333166666667        4.50699375000000      -5.471302587821454E-002
   1.20333166666667        4.80732666666667      -4.923835822370260E-002
   1.20333166666667        5.10765958333333      -4.402225576407023E-002
   1.20333166666667        5.40799250000000      -3.879550616924352E-002
   1.20333166666667        5.70832541666667      -3.329885611554483E-002
   1.20333166666667        6.00865833333333      -2.805900042159401E-002
   1.20333166666667        6.30899125000000      -2.401616081593369E-002
   1.20333166666667        6.60932416666667      -2.147224054890828E-002
   1.20333166666667        6.90965708333333      -1.975259283508876E-002
   1.20333166666667        7.20999000000000      -1.857619592317040E-002
   1.50366458333333       2.000000000000000E-003 -0.314948937147528     
   1.50366458333333       0.302332916666667      -0.302885658952836     
   1.50366458333333       0.602665833333333      -0.274182251032421     
   1.50366458333333       0.902998750000000      -0.240205197562919     
   1.50366458333333        1.20333166666667      -0.206268689851317     
   1.50366458333333        1.50366458333333      -0.173565759497669     
   1.50366458333333        1.80399750000000      -0.143690563594774     
   1.50366458333333        2.10433041666667      -0.118923162194771     
   1.50366458333333        2.40466333333333      -9.993117007410988E-002
   1.50366458333333        2.70499625000000      -8.660807078144525E-002
   1.50366458333333        3.00532916666667      -7.809136172953096E-002
   1.50366458333333        3.30566208333333      -7.271315588012221E-002
   1.50366458333333        3.60599500000000      -6.846754175719953E-002
   1.50366458333333        3.90632791666667      -6.400363468484015E-002
   1.50366458333333        4.20666083333333      -5.904724472088142E-002
   1.50366458333333        4.50699375000000      -5.379582417378818E-002
   1.50366458333333        4.80732666666667      -4.840217752512416E-002
   1.50366458333333        5.10765958333333      -4.295846851900803E-002
   1.50366458333333        5.40799250000000      -3.755783038931568E-002
   1.50366458333333        5.70832541666667      -3.229214232535639E-002
   1.50366458333333        6.00865833333333      -2.751443343586719E-002
   1.50366458333333        6.30899125000000      -2.383606032632305E-002
   1.50366458333333        6.60932416666667      -2.148370763853157E-002
   1.50366458333333        6.90965708333333      -2.018548326070085E-002
   1.50366458333333        7.20999000000000      -1.953155951190486E-002
   1.80399750000000       2.000000000000000E-003 -0.226661672397549     
   1.80399750000000       0.302332916666667      -0.220951962729637     
   1.80399750000000       0.602665833333333      -0.206413368762034     
   1.80399750000000       0.902998750000000      -0.187126996367438     
   1.80399750000000        1.20333166666667      -0.165731984420858     
   1.80399750000000        1.50366458333333      -0.143652673807967     
   1.80399750000000        1.80399750000000      -0.122795930870516     
   1.80399750000000        2.10433041666667      -0.104663354924334     
   1.80399750000000        2.40466333333333      -9.010603210106179E-002
   1.80399750000000        2.70499625000000      -7.936892014198169E-002
   1.80399750000000        3.00532916666667      -7.204357772724432E-002
   1.80399750000000        3.30566208333333      -6.713948702160943E-002
   1.80399750000000        3.60599500000000      -6.340476288665296E-002
   1.80399750000000        3.90632791666667      -5.979469861104539E-002
   1.80399750000000        4.20666083333333      -5.575456902516923E-002
   1.80399750000000        4.50699375000000      -5.116459914670846E-002
   1.80399750000000        4.80732666666667      -4.615403844169012E-002
   1.80399750000000        5.10765958333333      -4.096582833000684E-002
   1.80399750000000        5.40799250000000      -3.587200424120078E-002
   1.80399750000000        5.70832541666667      -3.112152258880971E-002
   1.80399750000000        6.00865833333333      -2.695134810730522E-002
   1.80399750000000        6.30899125000000      -2.371968126329638E-002
   1.80399750000000        6.60932416666667      -2.162585321804180E-002
   1.80399750000000        6.90965708333333      -2.046267976689631E-002
   1.80399750000000        7.20999000000000      -1.979068305972118E-002
   2.10433041666667       2.000000000000000E-003 -0.165276325563234     
   2.10433041666667       0.302332916666667      -0.163015770960045     
   2.10433041666667       0.602665833333333      -0.156402037334996     
   2.10433041666667       0.902998750000000      -0.146253879065641     
   2.10433041666667        1.20333166666667      -0.133218059926603     
   2.10433041666667        1.50366458333333      -0.118841665596322     
   2.10433041666667        1.80399750000000      -0.104620198987846     
   2.10433041666667        2.10433041666667      -9.170516082908688E-002
   2.10433041666667        2.40466333333333      -8.086007600357620E-002
   2.10433041666667        2.70499625000000      -7.242653676177054E-002
   2.10433041666667        3.00532916666667      -6.628383570755339E-002
   2.10433041666667        3.30566208333333      -6.188810216577850E-002
   2.10433041666667        3.60599500000000      -5.844952723295099E-002
   2.10433041666667        3.90632791666667      -5.520309763907890E-002
   2.10433041666667        4.20666083333333      -5.163482613153279E-002
   2.10433041666667        4.50699375000000      -4.755788083507440E-002
   2.10433041666667        4.80732666666667      -4.306002522598489E-002
   2.10433041666667        5.10765958333333      -3.839562567636150E-002
   2.10433041666667        5.40799250000000      -3.387429482279438E-002
   2.10433041666667        5.70832541666667      -2.977987357336021E-002
   2.10433041666667        6.00865833333333      -2.633476419921081E-002
   2.10433041666667        6.30899125000000      -2.369073921677457E-002
   2.10433041666667        6.60932416666667      -2.189580329531639E-002
   2.10433041666667        6.90965708333333      -2.081969495499269E-002
   2.10433041666667        7.20999000000000      -2.007741141696439E-002
   2.40466333333333       2.000000000000000E-003 -0.125648515743837     
   2.40466333333333       0.302332916666667      -0.125173368626917     
   2.40466333333333       0.602665833333333      -0.123015634746073     
   2.40466333333333       0.902998750000000      -0.117545903308861     
   2.40466333333333        1.20333166666667      -0.109356015563456     
   2.40466333333333        1.50366458333333      -9.980073582093986E-002
   2.40466333333333        1.80399750000000      -9.001828242946897E-002
   2.40466333333333        2.10433041666667      -8.081889673157570E-002
   2.40466333333333        2.40466333333333      -7.275089129248249E-002
   2.40466333333333        2.70499625000000      -6.611411531214546E-002
   2.40466333333333        3.00532916666667      -6.092860815836387E-002
   2.40466333333333        3.30566208333333      -5.693100766708473E-002
   2.40466333333333        3.60599500000000      -5.365035008882923E-002
   2.40466333333333        3.90632791666667      -5.056747867246483E-002
   2.40466333333333        4.20666083333333      -4.728998529309187E-002
   2.40466333333333        4.50699375000000      -4.365028437718960E-002
   2.40466333333333        4.80732666666667      -3.970509105738893E-002
   2.40466333333333        5.10765958333333      -3.566550980433436E-002
   2.40466333333333        5.40799250000000      -3.180126881116146E-002
   2.40466333333333        5.70832541666667      -2.836331648081004E-002
   2.40466333333333        6.00865833333333      -2.554518995355086E-002
   2.40466333333333        6.30899125000000      -2.346790076211239E-002
   2.40466333333333        6.60932416666667      -2.214373628245352E-002
   2.40466333333333        6.90965708333333      -2.139418237663179E-002
   2.40466333333333        7.20999000000000      -2.082458478692875E-002
   2.70499625000000       2.000000000000000E-003 -0.103564569224807     
   2.70499625000000       0.302332916666667      -0.103509277690922     
   2.70499625000000       0.602665833333333      -0.102425685101870     
   2.70499625000000       0.902998750000000      -9.915869478060545E-002
   2.70499625000000        1.20333166666667      -9.340909145851467E-002
   2.70499625000000        1.50366458333333      -8.642315602475416E-002
   2.70499625000000        1.80399750000000      -7.923777892481797E-002
   2.70499625000000        2.10433041666667      -7.235018608371994E-002
   2.70499625000000        2.40466333333333      -6.608317562435830E-002
   2.70499625000000        2.70499625000000      -6.065301624404975E-002
   2.70499625000000        3.00532916666667      -5.613248151568823E-002
   2.70499625000000        3.30566208333333      -5.241499188726363E-002
   2.70499625000000        3.60599500000000      -4.923479623973639E-002
   2.70499625000000        3.90632791666667      -4.625776053089548E-002
   2.70499625000000        4.20666083333333      -4.320750160728696E-002
   2.70499625000000        4.50699375000000      -3.995375777147076E-002
   2.70499625000000        4.80732666666667      -3.652972186118118E-002
   2.70499625000000        5.10765958333333      -3.308798473388105E-002
   2.70499625000000        5.40799250000000      -2.983005057839197E-002
   2.70499625000000        5.70832541666667      -2.695180305992122E-002
   2.70499625000000        6.00865833333333      -2.462948155649862E-002
   2.70499625000000        6.30899125000000      -2.303960083258668E-002
   2.70499625000000        6.60932416666667      -2.230476191386436E-002
   2.70499625000000        6.90965708333333      -2.214457224569654E-002
   2.70499625000000        7.20999000000000      -2.201497846275845E-002
   3.00532916666667       2.000000000000000E-003 -9.399370620338267E-002
   3.00532916666667       0.302332916666667      -9.507398598082380E-002
   3.00532916666667       0.602665833333333      -9.446572985981121E-002
   3.00532916666667       0.902998750000000      -9.023769990982512E-002
   3.00532916666667        1.20333166666667      -8.409836520305565E-002
   3.00532916666667        1.50366458333333      -7.784721298557941E-002
   3.00532916666667        1.80399750000000      -7.187231311576027E-002
   3.00532916666667        2.10433041666667      -6.617974587846474E-002
   3.00532916666667        2.40466333333333      -6.087736960082889E-002
   3.00532916666667        2.70499625000000      -5.611536036328257E-002
   3.00532916666667        3.00532916666667      -5.198414922997279E-002
   3.00532916666667        3.30566208333333      -4.845010820854589E-002
   3.00532916666667        3.60599500000000      -4.535924401414048E-002
   3.00532916666667        3.90632791666667      -4.249275441357902E-002
   3.00532916666667        4.20666083333333      -3.965168124126413E-002
   3.00532916666667        4.50699375000000      -3.673305976035124E-002
   3.00532916666667        4.80732666666667      -3.375158782867261E-002
   3.00532916666667        5.10765958333333      -3.080569010330012E-002
   3.00532916666667        5.40799250000000      -2.802658280527346E-002
   3.00532916666667        5.70832541666667      -2.554870861182085E-002
   3.00532916666667        6.00865833333333      -2.353109077442734E-002
   3.00532916666667        6.30899125000000      -2.226318514206996E-002
   3.00532916666667        6.60932416666667      -2.194093256025864E-002
   3.00532916666667        6.90965708333333      -2.220093651671707E-002
   3.00532916666667        7.20999000000000      -2.248472934950068E-002
   3.30566208333333       2.000000000000000E-003 -8.254595957041366E-002
   3.30566208333333       0.302332916666667      -8.829674544969925E-002
   3.30566208333333       0.602665833333333      -9.039362988214433E-002
   3.30566208333333       0.902998750000000      -8.575280124270014E-002
   3.30566208333333        1.20333166666667      -7.883321196914887E-002
   3.30566208333333        1.50366458333333      -7.241197469551373E-002
   3.30566208333333        1.80399750000000      -6.693481820062841E-002
   3.30566208333333        2.10433041666667      -6.176413823108886E-002
   3.30566208333333        2.40466333333333      -5.686806270903091E-002
   3.30566208333333        2.70499625000000      -5.239046919248829E-002
   3.30566208333333        3.00532916666667      -4.844422641770484E-002
   3.30566208333333        3.30566208333333      -4.502618724836500E-002
   3.30566208333333        3.60599500000000      -4.203080605570218E-002
   3.30566208333333        3.90632791666667      -3.929609060305309E-002
   3.30566208333333        4.20666083333333      -3.665894111901718E-002
   3.30566208333333        4.50699375000000      -3.402778203090107E-002
   3.30566208333333        4.80732666666667      -3.140282839775340E-002
   3.30566208333333        5.10765958333333      -2.883857640860665E-002
   3.30566208333333        5.40799250000000      -2.640148819839945E-002
   3.30566208333333        5.70832541666667      -2.415269917009800E-002
   3.30566208333333        6.00865833333333      -2.217661341213235E-002
   3.30566208333333        6.30899125000000      -2.079506846531454E-002
   3.30566208333333        6.60932416666667      -2.029489354711148E-002
   3.30566208333333        6.90965708333333      -2.029088612587214E-002
   3.30566208333333        7.20999000000000      -2.014315636794006E-002
   3.60599500000000       2.000000000000000E-003 -7.529459344407391E-002
   3.60599500000000       0.302332916666667      -7.690298198238323E-002
   3.60599500000000       0.602665833333333      -8.097425187971211E-002
   3.60599500000000       0.902998750000000      -7.905372496242875E-002
   3.60599500000000        1.20333166666667      -7.379343101815712E-002
   3.60599500000000        1.50366458333333      -6.812687244917495E-002
   3.60599500000000        1.80399750000000      -6.317883490977307E-002
   3.60599500000000        2.10433041666667      -5.831430601214913E-002
   3.60599500000000        2.40466333333333      -5.358204955962789E-002
   3.60599500000000        2.70499625000000      -4.920810114135130E-002
   3.60599500000000        3.00532916666667      -4.535251564797563E-002
   3.60599500000000        3.30566208333333      -4.203026943962553E-002
   3.60599500000000        3.60599500000000      -3.914860613768927E-002
   3.60599500000000        3.90632791666667      -3.656465187722198E-002
   3.60599500000000        4.20666083333333      -3.412924817886107E-002
   3.60599500000000        4.50699375000000      -3.175562937875214E-002
   3.60599500000000        4.80732666666667      -2.943124698664937E-002
   3.60599500000000        5.10765958333333      -2.717279182306195E-002
   3.60599500000000        5.40799250000000      -2.498734675006037E-002
   3.60599500000000        5.70832541666667      -2.285348922881981E-002
   3.60599500000000        6.00865833333333      -2.070801738774548E-002
   3.60599500000000        6.30899125000000      -1.875222992428986E-002
   3.60599500000000        6.60932416666667      -1.737844664481679E-002
   3.60599500000000        6.90965708333333      -1.702285075287841E-002
   3.60599500000000        7.20999000000000      -1.733500167643963E-002
   3.90632791666667       2.000000000000000E-003 -5.230832368497437E-002
   3.90632791666667       0.302332916666667      -5.685658154090188E-002
   3.90632791666667       0.602665833333333      -6.535354023976059E-002
   3.90632791666667       0.902998750000000      -6.886105221038248E-002
   3.90632791666667        1.20333166666667      -6.727745372976636E-002
   3.90632791666667        1.50366458333333      -6.365459171199685E-002
   3.90632791666667        1.80399750000000      -5.956419942246568E-002
   3.90632791666667        2.10433041666667      -5.506608894844463E-002
   3.90632791666667        2.40466333333333      -5.049884468554084E-002
   3.90632791666667        2.70499625000000      -4.623121182332622E-002
   3.90632791666667        3.00532916666667      -4.248612802835096E-002
   3.90632791666667        3.30566208333333      -3.929546844399773E-002
   3.90632791666667        3.60599500000000      -3.656445221089775E-002
   3.90632791666667        3.90632791666667      -3.415296445410917E-002
   3.90632791666667        4.20666083333333      -3.192907079883362E-002
   3.90632791666667        4.50699375000000      -2.981485192382585E-002
   3.90632791666667        4.80732666666667      -2.778178354144082E-002
   3.90632791666667        5.10765958333333      -2.580808439709390E-002
   3.90632791666667        5.40799250000000      -2.384884711117749E-002
   3.90632791666667        5.70832541666667      -2.181939522789545E-002
   3.90632791666667        6.00865833333333      -1.954119404429653E-002
   3.90632791666667        6.30899125000000      -1.698528204755955E-002
   3.90632791666667        6.60932416666667      -1.453872127568414E-002
   3.90632791666667        6.90965708333333      -1.308791871119502E-002
   3.90632791666667        7.20999000000000      -1.351720865186330E-002
   4.20666083333333       2.000000000000000E-003 -3.728454094231061E-002
   4.20666083333333       0.302332916666667      -4.274591417332532E-002
   4.20666083333333       0.602665833333333      -5.277593318373069E-002
   4.20666083333333       0.902998750000000      -5.915782487257838E-002
   4.20666083333333        1.20333166666667      -6.039397875569439E-002
   4.20666083333333        1.50366458333333      -5.871977982532277E-002
   4.20666083333333        1.80399750000000      -5.553612542714886E-002
   4.20666083333333        2.10433041666667      -5.150522545744587E-002
   4.20666083333333        2.40466333333333      -4.722536271088766E-002
   4.20666083333333        2.70499625000000      -4.318231237736294E-002
   4.20666083333333        3.00532916666667      -3.964459734820586E-002
   4.20666083333333        3.30566208333333      -3.665686196757052E-002
   4.20666083333333        3.60599500000000      -3.412722173638951E-002
   4.20666083333333        3.90632791666667      -3.192722656704652E-002
   4.20666083333333        4.20666083333333      -2.995051591461309E-002
   4.20666083333333        4.50699375000000      -2.812890889554053E-002
   4.20666083333333        4.80732666666667      -2.641155316270728E-002
   4.20666083333333        5.10765958333333      -2.473463819818435E-002
   4.20666083333333        5.40799250000000      -2.301196228955246E-002
   4.20666083333333        5.70832541666667      -2.113708440155164E-002
   4.20666083333333        6.00865833333333      -1.895480603365664E-002
   4.20666083333333        6.30899125000000      -1.628789195089300E-002
   4.20666083333333        6.60932416666667      -1.349256235967079E-002
   4.20666083333333        6.90965708333333      -1.135566501829510E-002
   4.20666083333333        7.20999000000000      -1.099705702967743E-002
   4.50699375000000       2.000000000000000E-003 -3.711402172241370E-002
   4.50699375000000       0.302332916666667      -4.048863445902005E-002
   4.50699375000000       0.602665833333333      -4.734181607397041E-002
   4.50699375000000       0.902998750000000      -5.254860426638833E-002
   4.50699375000000        1.20333166666667      -5.432138337079573E-002
   4.50699375000000        1.50366458333333      -5.350692057587843E-002
   4.50699375000000        1.80399750000000      -5.096980993230749E-002
   4.50699375000000        2.10433041666667      -4.744263471233213E-002
   4.50699375000000        2.40466333333333      -4.359306012865825E-002
   4.50699375000000        2.70499625000000      -3.993082971208472E-002
   4.50699375000000        3.00532916666667      -3.672490037074991E-002
   4.50699375000000        3.30566208333333      -3.402287538855688E-002
   4.50699375000000        3.60599500000000      -3.175020307751764E-002
   4.50699375000000        3.90632791666667      -2.980973918398456E-002
   4.50699375000000        4.20666083333333      -2.812595469759801E-002
   4.50699375000000        4.50699375000000      -2.663497024627633E-002
   4.50699375000000        4.80732666666667      -2.525584880180297E-002
   4.50699375000000        5.10765958333333      -2.387992836058492E-002
   4.50699375000000        5.40799250000000      -2.239007547915223E-002
   4.50699375000000        5.70832541666667      -2.068986758423915E-002
   4.50699375000000        6.00865833333333      -1.871236311903118E-002
   4.50699375000000        6.30899125000000      -1.641424925352845E-002
   4.50699375000000        6.60932416666667      -1.397580976688355E-002
   4.50699375000000        6.90965708333333      -1.206260561886218E-002
   4.50699375000000        7.20999000000000      -1.137824141959418E-002
   4.80732666666667       2.000000000000000E-003 -4.033759984320581E-002
   4.80732666666667       0.302332916666667      -4.190855417063894E-002
   4.80732666666667       0.602665833333333      -4.519081825017102E-002
   4.80732666666667       0.902998750000000      -4.789150539769935E-002
   4.80732666666667        1.20333166666667      -4.890987614579469E-002
   4.80732666666667        1.50366458333333      -4.815482820304114E-002
   4.80732666666667        1.80399750000000      -4.598698386264968E-002
   4.80732666666667        2.10433041666667      -4.296206904585839E-002
   4.80732666666667        2.40466333333333      -3.965679433398363E-002
   4.80732666666667        2.70499625000000      -3.650940231751771E-002
   4.80732666666667        3.00532916666667      -3.374184010567049E-002
   4.80732666666667        3.30566208333333      -3.139410079121023E-002
   4.80732666666667        3.60599500000000      -2.942135713062806E-002
   4.80732666666667        3.90632791666667      -2.777263086922436E-002
   4.80732666666667        4.20666083333333      -2.640542484633988E-002
   4.80732666666667        4.50699375000000      -2.525335297443537E-002
   4.80732666666667        4.80732666666667      -2.419935634625031E-002
   4.80732666666667        5.10765958333333      -2.309043196921938E-002
   4.80732666666667        5.40799250000000      -2.178793297935932E-002
   4.80732666666667        5.70832541666667      -2.021856136953498E-002
   4.80732666666667        6.00865833333333      -1.839496954375575E-002
   4.80732666666667        6.30899125000000      -1.641223575093531E-002
   4.80732666666667        6.60932416666667      -1.446457234776974E-002
   4.80732666666667        6.90965708333333      -1.288160268035336E-002
   4.80732666666667        7.20999000000000      -1.199763199665895E-002
   5.10765958333333       2.000000000000000E-003 -4.138091174644569E-002
   5.10765958333333       0.302332916666667      -4.187850852168425E-002
   5.10765958333333       0.602665833333333      -4.294110983461959E-002
   5.10765958333333       0.902998750000000      -4.371865776456032E-002
   5.10765958333333        1.20333166666667      -4.373868019336355E-002
   5.10765958333333        1.50366458333333      -4.274492691177335E-002
   5.10765958333333        1.80399750000000      -4.082294363461034E-002
   5.10765958333333        2.10433041666667      -3.831314817794896E-002
   5.10765958333333        2.40466333333333      -3.562515713226622E-002
   5.10765958333333        2.70499625000000      -3.306961256650669E-002
   5.10765958333333        3.00532916666667      -3.079365903173112E-002
   5.10765958333333        3.30566208333333      -2.882518205779197E-002
   5.10765958333333        3.60599500000000      -2.715761471560529E-002
   5.10765958333333        3.90632791666667      -2.579442059901244E-002
   5.10765958333333        4.20666083333333      -2.472552674444159E-002
   5.10765958333333        4.50699375000000      -2.387597529640470E-002
   5.10765958333333        4.80732666666667      -2.308988519363166E-002
   5.10765958333333        5.10765958333333      -2.217547404411323E-002
   5.10765958333333        5.40799250000000      -2.098370672885076E-002
   5.10765958333333        5.70832541666667      -1.947002420995004E-002
   5.10765958333333        6.00865833333333      -1.770537928715687E-002
   5.10765958333333        6.30899125000000      -1.584370524468521E-002
   5.10765958333333        6.60932416666667      -1.407657425836271E-002
   5.10765958333333        6.90965708333333      -1.256646531928723E-002
   5.10765958333333        7.20999000000000      -1.150596266804956E-002
   5.40799250000000       2.000000000000000E-003 -3.858518794535731E-002
   5.40799250000000       0.302332916666667      -3.885620685643205E-002
   5.40799250000000       0.602665833333333      -3.920416522577420E-002
   5.40799250000000       0.902998750000000      -3.917547620124492E-002
   5.40799250000000        1.20333166666667      -3.853189296822168E-002
   5.40799250000000        1.50366458333333      -3.736247876285979E-002
   5.40799250000000        1.80399750000000      -3.574346959091170E-002
   5.40799250000000        2.10433041666667      -3.380138711426465E-002
   5.40799250000000        2.40466333333333      -3.176563828154564E-002
   5.40799250000000        2.70499625000000      -2.981199936551625E-002
   5.40799250000000        3.00532916666667      -2.801123762180752E-002
   5.40799250000000        3.30566208333333      -2.638239311259417E-002
   5.40799250000000        3.60599500000000      -2.496588381995817E-002
   5.40799250000000        3.90632791666667      -2.383013900499207E-002
   5.40799250000000        4.20666083333333      -2.300012814507138E-002
   5.40799250000000        4.50699375000000      -2.238579261934363E-002
   5.40799250000000        4.80732666666667      -2.178881884072415E-002
   5.40799250000000        5.10765958333333      -2.098601367546115E-002
   5.40799250000000        5.40799250000000      -1.983094962231643E-002
   5.40799250000000        5.70832541666667      -1.831326724181736E-002
   5.40799250000000        6.00865833333333      -1.653721174915078E-002
   5.40799250000000        6.30899125000000      -1.458722002628536E-002
   5.40799250000000        6.60932416666667      -1.260186602119846E-002
   5.40799250000000        6.90965708333333      -1.081953904612311E-002
   5.40799250000000        7.20999000000000      -9.498949021701633E-003
   5.70832541666667       2.000000000000000E-003 -3.145878283618434E-002
   5.70832541666667       0.302332916666667      -3.210542944767916E-002
   5.70832541666667       0.602665833333333      -3.315016879566149E-002
   5.70832541666667       0.902998750000000      -3.351279279778108E-002
   5.70832541666667        1.20333166666667      -3.302361433640428E-002
   5.70832541666667        1.50366458333333      -3.209391772490365E-002
   5.70832541666667        1.80399750000000      -3.099387202303606E-002
   5.70832541666667        2.10433041666667      -2.970850218319959E-002
   5.70832541666667        2.40466333333333      -2.832831053383261E-002
   5.70832541666667        2.70499625000000      -2.693228056121189E-002
   5.70832541666667        3.00532916666667      -2.552881304117595E-002
   5.70832541666667        3.30566208333333      -2.412614539433103E-002
   5.70832541666667        3.60599500000000      -2.282391179570737E-002
   5.70832541666667        3.90632791666667      -2.179490266070663E-002
   5.70832541666667        4.20666083333333      -2.112312686746305E-002
   5.70832541666667        4.50699375000000      -2.068666394626116E-002
   5.70832541666667        4.80732666666667      -2.022276441707529E-002
   5.70832541666667        5.10765958333333      -1.947712239324088E-002
   5.70832541666667        5.40799250000000      -1.831898093467786E-002
   5.70832541666667        5.70832541666667      -1.675648692711287E-002
   5.70832541666667        6.00865833333333      -1.479570999650875E-002
   5.70832541666667        6.30899125000000      -1.251286111465378E-002
   5.70832541666667        6.60932416666667      -1.003528842236051E-002
   5.70832541666667        6.90965708333333      -7.687111992221520E-003
   5.70832541666667        7.20999000000000      -6.033146214188614E-003
   6.00865833333333       2.000000000000000E-003 -1.989229997711215E-002
   6.00865833333333       0.302332916666667      -2.204616936958662E-002
   6.00865833333333       0.602665833333333      -2.565158049149354E-002
   6.00865833333333       0.902998750000000      -2.755217337566404E-002
   6.00865833333333        1.20333166666667      -2.774137431941822E-002
   6.00865833333333        1.50366458333333      -2.729017112049961E-002
   6.00865833333333        1.80399750000000      -2.681079648767267E-002
   6.00865833333333        2.10433041666667      -2.625761249570513E-002
   6.00865833333333        2.40466333333333      -2.550812438375971E-002
   6.00865833333333        2.70499625000000      -2.460845290487104E-002
   6.00865833333333        3.00532916666667      -2.350614533276416E-002
   6.00865833333333        3.30566208333333      -2.213910657855951E-002
   6.00865833333333        3.60599500000000      -2.066628921681326E-002
   6.00865833333333        3.90632791666667      -1.951052492410161E-002
   6.00865833333333        4.20666083333333      -1.894140768209042E-002
   6.00865833333333        4.50699375000000      -1.871309944457806E-002
   6.00865833333333        4.80732666666667      -1.840467404398051E-002
   6.00865833333333        5.10765958333333      -1.771949974975270E-002
   6.00865833333333        5.40799250000000      -1.655209583062875E-002
   6.00865833333333        5.70832541666667      -1.480641412374748E-002
   6.00865833333333        6.00865833333333      -1.253433746803573E-002
   6.00865833333333        6.30899125000000      -9.838344256790511E-003
   6.00865833333333        6.60932416666667      -6.741256115871889E-003
   6.00865833333333        6.90965708333333      -3.561326475097230E-003
   6.00865833333333        7.20999000000000      -1.444500900394838E-003
   6.30899125000000       2.000000000000000E-003 -4.541964428978136E-003
   6.30899125000000       0.302332916666667      -1.065048432129710E-002
   6.30899125000000       0.602665833333333      -1.926066260628958E-002
   6.30899125000000       0.902998750000000      -2.294953461131331E-002
   6.30899125000000        1.20333166666667      -2.362828009279216E-002
   6.30899125000000        1.50366458333333      -2.356629934179941E-002
   6.30899125000000        1.80399750000000      -2.355476857620020E-002
   6.30899125000000        2.10433041666667      -2.360407210294967E-002
   6.30899125000000        2.40466333333333      -2.343038098464482E-002
   6.30899125000000        2.70499625000000      -2.302313018960122E-002
   6.30899125000000        3.00532916666667      -2.223737983406445E-002
   6.30899125000000        3.30566208333333      -2.074543687510287E-002
   6.30899125000000        3.60599500000000      -1.869723611402670E-002
   6.30899125000000        3.90632791666667      -1.695292901496553E-002
   6.30899125000000        4.20666083333333      -1.628411923258391E-002
   6.30899125000000        4.50699375000000      -1.642607396476848E-002
   6.30899125000000        4.80732666666667      -1.643029458311238E-002
   6.30899125000000        5.10765958333333      -1.586657680523820E-002
   6.30899125000000        5.40799250000000      -1.461362675973820E-002
   6.30899125000000        5.70832541666667      -1.253912742586636E-002
   6.30899125000000        6.00865833333333      -9.858281149911600E-003
   6.30899125000000        6.30899125000000      -6.824456947181929E-003
   6.30899125000000        6.60932416666667      -3.373012648712608E-003
   6.30899125000000        6.90965708333333       6.968733839717578E-004
   6.30899125000000        7.20999000000000       3.544495559783076E-003
   6.60932416666667       2.000000000000000E-003  1.021022129498532E-002
   6.60932416666667       0.302332916666667      -4.087809539369833E-003
   6.60932416666667       0.602665833333333      -1.740285423323298E-002
   6.60932416666667       0.902998750000000      -2.056479837499899E-002
   6.60932416666667        1.20333166666667      -2.098948130872239E-002
   6.60932416666667        1.50366458333333      -2.115612041970782E-002
   6.60932416666667        1.80399750000000      -2.143167810510183E-002
   6.60932416666667        2.10433041666667      -2.180092928064740E-002
   6.60932416666667        2.40466333333333      -2.211373030043459E-002
   6.60932416666667        2.70499625000000      -2.230814986799050E-002
   6.60932416666667        3.00532916666667      -2.193038369242101E-002
   6.60932416666667        3.30566208333333      -2.024493130832675E-002
   6.60932416666667        3.60599500000000      -1.732002295737119E-002
   6.60932416666667        3.90632791666667      -1.451863704536271E-002
   6.60932416666667        4.20666083333333      -1.350951452965103E-002
   6.60932416666667        4.50699375000000      -1.400667960792769E-002
   6.60932416666667        4.80732666666667      -1.449344548943983E-002
   6.60932416666667        5.10765958333333      -1.410799859650298E-002
   6.60932416666667        5.40799250000000      -1.263952098450558E-002
   6.60932416666667        5.70832541666667      -1.008020829974827E-002
   6.60932416666667        6.00865833333333      -6.791962849924345E-003
   6.60932416666667        6.30899125000000      -3.418271347969895E-003
   6.60932416666667        6.60932416666667      -3.892073612011323E-004
   6.60932416666667        6.90965708333333       3.681939348243984E-003
   6.60932416666667        7.20999000000000       7.825602127981250E-003
   6.90965708333333       2.000000000000000E-003  7.406693834971985E-003
   6.90965708333333       0.302332916666667      -1.016497237819340E-002
   6.90965708333333       0.602665833333333      -1.710550817713254E-002
   6.90965708333333       0.902998750000000      -1.823889818663608E-002
   6.90965708333333        1.20333166666667      -1.916969785315972E-002
   6.90965708333333        1.50366458333333      -1.980418823924288E-002
   6.90965708333333        1.80399750000000      -2.024377356621353E-002
   6.90965708333333        2.10433041666667      -2.072081836121661E-002
   6.90965708333333        2.40466333333333      -2.138248049472529E-002
   6.90965708333333        2.70499625000000      -2.218564734397164E-002
   6.90965708333333        3.00532916666667      -2.223859093165069E-002
   6.90965708333333        3.30566208333333      -2.027639705760858E-002
   6.90965708333333        3.60599500000000      -1.698699558486589E-002
   6.90965708333333        3.90632791666667      -1.309778443760414E-002
   6.90965708333333        4.20666083333333      -1.139697300963060E-002
   6.90965708333333        4.50699375000000      -1.210788325528659E-002
   6.90965708333333        4.80732666666667      -1.291869255105352E-002
   6.90965708333333        5.10765958333333      -1.260185678925251E-002
   6.90965708333333        5.40799250000000      -1.086429595718761E-002
   6.90965708333333        5.70832541666667      -7.747940704224312E-003
   6.90965708333333        6.00865833333333      -3.645711866949767E-003
   6.90965708333333        6.30899125000000       5.841311026825342E-004
   6.90965708333333        6.60932416666667       3.564526724408159E-003
   6.90965708333333        6.90965708333333       5.546453681403536E-003
   6.90965708333333        7.20999000000000       1.048572468378454E-002
   7.20999000000000       2.000000000000000E-003 -4.990993539670455E-003
   7.20999000000000       0.302332916666667      -7.117937141042561E-003
   7.20999000000000       0.602665833333333      -9.751258960354304E-003
   7.20999000000000       0.902998750000000      -1.491888953420651E-002
   7.20999000000000        1.20333166666667      -1.794578066189944E-002
   7.20999000000000        1.50366458333333      -1.912685018652841E-002
   7.20999000000000        1.80399750000000      -1.956145444556028E-002
   7.20999000000000        2.10433041666667      -1.997997350560094E-002
   7.20999000000000        2.40466333333333      -2.083200117709159E-002
   7.20999000000000        2.70499625000000      -2.210006267972661E-002
   7.20999000000000        3.00532916666667      -2.259749253425915E-002
   7.20999000000000        3.30566208333333      -2.021032712349992E-002
   7.20999000000000        3.60599500000000      -1.732160229481890E-002
   7.20999000000000        3.90632791666667      -1.353941573244668E-002
   7.20999000000000        4.20666083333333      -1.104350815528680E-002
   7.20999000000000        4.50699375000000      -1.142206429839347E-002
   7.20999000000000        4.80732666666667      -1.203161424658179E-002
   7.20999000000000        5.10765958333333      -1.153795981536613E-002
   7.20999000000000        5.40799250000000      -9.542507954031856E-003
   7.20999000000000        5.70832541666667      -6.098463379341907E-003
   7.20999000000000        6.00865833333333      -1.544389571930812E-003
   7.20999000000000        6.30899125000000       3.391978933277945E-003
   7.20999000000000        6.60932416666667       7.612179028773675E-003
   7.20999000000000        6.90965708333333       1.029938782765843E-002
   7.20999000000000        7.20999000000000       1.036127706771758E-002
