  2.000000000000000E-003  2.000000000000000E-003 -3.258115553996142E-002
  2.000000000000000E-003  0.302332916666667      -2.891795593259762E-002
  2.000000000000000E-003  0.602665833333333      -2.576220062795371E-002
  2.000000000000000E-003  0.902998750000000      -2.135379921670571E-002
  2.000000000000000E-003   1.20333166666667      -1.880305635083464E-002
  2.000000000000000E-003   1.50366458333333      -1.788169116469352E-002
  2.000000000000000E-003   1.80399750000000      -1.778354024671421E-002
  2.000000000000000E-003   2.10433041666667      -1.796470114066261E-002
  2.000000000000000E-003   2.40466333333333      -1.833778501647601E-002
  2.000000000000000E-003   2.70499625000000      -1.859988333571523E-002
  2.000000000000000E-003   3.00532916666667      -1.806291252096700E-002
  2.000000000000000E-003   3.30566208333333      -1.562138932649194E-002
  2.000000000000000E-003   3.60599500000000      -1.217158279587739E-002
  2.000000000000000E-003   3.90632791666667      -1.408034838863438E-002
  2.000000000000000E-003   4.20666083333333      -1.507644593752120E-002
  2.000000000000000E-003   4.50699375000000      -1.472856413380256E-002
  2.000000000000000E-003   4.80732666666667      -1.362068939389141E-002
  2.000000000000000E-003   5.10765958333333      -1.238157727804298E-002
  2.000000000000000E-003   5.40799250000000      -1.129638817388016E-002
  2.000000000000000E-003   5.70832541666667      -1.024462049008584E-002
  2.000000000000000E-003   6.00865833333333      -9.336486171327913E-003
  2.000000000000000E-003   6.30899125000000      -8.796584056550262E-003
  2.000000000000000E-003   6.60932416666667      -8.677985558050501E-003
  2.000000000000000E-003   6.90965708333333      -7.923776837062366E-003
  2.000000000000000E-003   7.20999000000000      -6.356117726978667E-003
  0.302332916666667       2.000000000000000E-003 -4.637102077506110E-002
  0.302332916666667       0.302332916666667      -3.883028913646455E-002
  0.302332916666667       0.602665833333333      -2.979095525378898E-002
  0.302332916666667       0.902998750000000      -2.426737544139958E-002
  0.302332916666667        1.20333166666667      -2.131574459317446E-002
  0.302332916666667        1.50366458333333      -1.991347675924685E-002
  0.302332916666667        1.80399750000000      -1.930744379103008E-002
  0.302332916666667        2.10433041666667      -1.912944630297706E-002
  0.302332916666667        2.40466333333333      -1.933397119025162E-002
  0.302332916666667        2.70499625000000      -1.973099770329883E-002
  0.302332916666667        3.00532916666667      -1.961209159581698E-002
  0.302332916666667        3.30566208333333      -1.756357863189100E-002
  0.302332916666667        3.60599500000000      -1.403796369823603E-002
  0.302332916666667        3.90632791666667      -1.417547965508380E-002
  0.302332916666667        4.20666083333333      -1.495121920944548E-002
  0.302332916666667        4.50699375000000      -1.457676937523907E-002
  0.302332916666667        4.80732666666667      -1.348399260743092E-002
  0.302332916666667        5.10765958333333      -1.233837363094419E-002
  0.302332916666667        5.40799250000000      -1.136083030368910E-002
  0.302332916666667        5.70832541666667      -1.050517226818764E-002
  0.302332916666667        6.00865833333333      -9.924550984352990E-003
  0.302332916666667        6.30899125000000      -9.799185302084398E-003
  0.302332916666667        6.60932416666667      -9.845760420349689E-003
  0.302332916666667        6.90965708333333      -8.175699008072664E-003
  0.302332916666667        7.20999000000000      -7.649564131037760E-003
  0.602665833333333       2.000000000000000E-003 -5.026322913150050E-002
  0.602665833333333       0.302332916666667      -4.396256341562154E-002
  0.602665833333333       0.602665833333333      -3.452189135642432E-002
  0.602665833333333       0.902998750000000      -2.852222028175766E-002
  0.602665833333333        1.20333166666667      -2.505862866489275E-002
  0.602665833333333        1.50366458333333      -2.290446099671500E-002
  0.602665833333333        1.80399750000000      -2.148668918594428E-002
  0.602665833333333        2.10433041666667      -2.058793708915565E-002
  0.602665833333333        2.40466333333333      -2.009287515625531E-002
  0.602665833333333        2.70499625000000      -1.984395571798573E-002
  0.602665833333333        3.00532916666667      -1.928313436606106E-002
  0.602665833333333        3.30566208333333      -1.761409248006668E-002
  0.602665833333333        3.60599500000000      -1.530905840119513E-002
  0.602665833333333        3.90632791666667      -1.435796781614400E-002
  0.602665833333333        4.20666083333333      -1.428650608482037E-002
  0.602665833333333        4.50699375000000      -1.386504120367055E-002
  0.602665833333333        4.80732666666667      -1.295902608005293E-002
  0.602665833333333        5.10765958333333      -1.203489195589461E-002
  0.602665833333333        5.40799250000000      -1.115633190048944E-002
  0.602665833333333        5.70832541666667      -1.037528302284392E-002
  0.602665833333333        6.00865833333333      -9.749433717936351E-003
  0.602665833333333        6.30899125000000      -9.174365370302178E-003
  0.602665833333333        6.60932416666667      -8.158690223141552E-003
  0.602665833333333        6.90965708333333      -6.843904901521376E-003
  0.602665833333333        7.20999000000000      -8.206301005578096E-003
  0.902998750000000       2.000000000000000E-003 -4.565929432581390E-002
  0.902998750000000       0.302332916666667      -4.289672813634812E-002
  0.902998750000000       0.602665833333333      -3.755541203361659E-002
  0.902998750000000       0.902998750000000      -3.291027005860963E-002
  0.902998750000000        1.20333166666667      -2.934879189960911E-002
  0.902998750000000        1.50366458333333      -2.649645766418024E-002
  0.902998750000000        1.80399750000000      -2.419372885197715E-002
  0.902998750000000        2.10433041666667      -2.247237750962203E-002
  0.902998750000000        2.40466333333333      -2.108299337535559E-002
  0.902998750000000        2.70499625000000      -1.989662650594709E-002
  0.902998750000000        3.00532916666667      -1.872425833528730E-002
  0.902998750000000        3.30566208333333      -1.719600853011314E-002
  0.902998750000000        3.60599500000000      -1.553716704590979E-002
  0.902998750000000        3.90632791666667      -1.441099175273017E-002
  0.902998750000000        4.20666083333333      -1.379533385616424E-002
  0.902998750000000        4.50699375000000      -1.319064562557233E-002
  0.902998750000000        4.80732666666667      -1.243928068291887E-002
  0.902998750000000        5.10765958333333      -1.162605088654762E-002
  0.902998750000000        5.40799250000000      -1.079411866507650E-002
  0.902998750000000        5.70832541666667      -1.000047540415870E-002
  0.902998750000000        6.00865833333333      -9.242881659099707E-003
  0.902998750000000        6.30899125000000      -8.385911613585734E-003
  0.902998750000000        6.60932416666667      -7.332932074259817E-003
  0.902998750000000        6.90965708333333      -6.736278327394801E-003
  0.902998750000000        7.20999000000000      -7.472161673704300E-003
   1.20333166666667       2.000000000000000E-003 -4.474233833573745E-002
   1.20333166666667       0.302332916666667      -4.356933633791455E-002
   1.20333166666667       0.602665833333333      -4.076329282647083E-002
   1.20333166666667       0.902998750000000      -3.738759908115601E-002
   1.20333166666667        1.20333166666667      -3.390702096041981E-002
   1.20333166666667        1.50366458333333      -3.050301230887045E-002
   1.20333166666667        1.80399750000000      -2.741552405984927E-002
   1.20333166666667        2.10433041666667      -2.483499612019601E-002
   1.20333166666667        2.40466333333333      -2.257248279858903E-002
   1.20333166666667        2.70499625000000      -2.059596119253971E-002
   1.20333166666667        3.00532916666667      -1.882463949958523E-002
   1.20333166666667        3.30566208333333      -1.715617910946786E-002
   1.20333166666667        3.60599500000000      -1.563837629997368E-002
   1.20333166666667        3.90632791666667      -1.444201496799254E-002
   1.20333166666667        4.20666083333333      -1.355914098595321E-002
   1.20333166666667        4.50699375000000      -1.280494769331365E-002
   1.20333166666667        4.80732666666667      -1.205406101669304E-002
   1.20333166666667        5.10765958333333      -1.126826244413595E-002
   1.20333166666667        5.40799250000000      -1.044854448209022E-002
   1.20333166666667        5.70832541666667      -9.649796753565870E-003
   1.20333166666667        6.00865833333333      -8.883274334768796E-003
   1.20333166666667        6.30899125000000      -8.093383403699812E-003
   1.20333166666667        6.60932416666667      -7.339767370741523E-003
   1.20333166666667        6.90965708333333      -6.973556403365923E-003
   1.20333166666667        7.20999000000000      -7.177380392666953E-003
   1.50366458333333       2.000000000000000E-003 -4.814117752050067E-002
   1.50366458333333       0.302332916666667      -4.740883096775098E-002
   1.50366458333333       0.602665833333333      -4.540899744420057E-002
   1.50366458333333       0.902998750000000      -4.245247629630255E-002
   1.50366458333333        1.20333166666667      -3.884422922893416E-002
   1.50366458333333        1.50366458333333      -3.493474899549912E-002
   1.50366458333333        1.80399750000000      -3.116507508154224E-002
   1.50366458333333        2.10433041666667      -2.770248983068802E-002
   1.50366458333333        2.40466333333333      -2.461269739722376E-002
   1.50366458333333        2.70499625000000      -2.193611357184969E-002
   1.50366458333333        3.00532916666667      -1.964267183318079E-002
   1.50366458333333        3.30566208333333      -1.767367897457970E-002
   1.50366458333333        3.60599500000000      -1.600607750218153E-002
   1.50366458333333        3.90632791666667      -1.464547147952537E-002
   1.50366458333333        4.20666083333333      -1.355532041951561E-002
   1.50366458333333        4.50699375000000      -1.264475477774908E-002
   1.50366458333333        4.80732666666667      -1.182215107881236E-002
   1.50366458333333        5.10765958333333      -1.103125422162215E-002
   1.50366458333333        5.40799250000000      -1.025137471482674E-002
   1.50366458333333        5.70832541666667      -9.489324879297793E-003
   1.50366458333333        6.00865833333333      -8.804216865927725E-003
   1.50366458333333        6.30899125000000      -8.194572205378035E-003
   1.50366458333333        6.60932416666667      -7.698526451640004E-003
   1.50366458333333        6.90965708333333      -7.432611726896078E-003
   1.50366458333333        7.20999000000000      -7.407507465783046E-003
   1.80399750000000       2.000000000000000E-003 -5.444927910348448E-002
   1.80399750000000       0.302332916666667      -5.365592368074557E-002
   1.80399750000000       0.602665833333333      -5.147874093042096E-002
   1.80399750000000       0.902998750000000      -4.820799976399875E-002
   1.80399750000000        1.20333166666667      -4.415150118446518E-002
   1.80399750000000        1.50366458333333      -3.970492258583427E-002
   1.80399750000000        1.80399750000000      -3.522253526826622E-002
   1.80399750000000        2.10433041666667      -3.094618661958081E-002
   1.80399750000000        2.40466333333333      -2.707548032169627E-002
   1.80399750000000        2.70499625000000      -2.372339572546688E-002
   1.80399750000000        3.00532916666667      -2.089888645574457E-002
   1.80399750000000        3.30566208333333      -1.854630853024941E-002
   1.80399750000000        3.60599500000000      -1.660062537305843E-002
   1.80399750000000        3.90632791666667      -1.500895447269921E-002
   1.80399750000000        4.20666083333333      -1.371583465183470E-002
   1.80399750000000        4.50699375000000      -1.265130177238300E-002
   1.80399750000000        4.80732666666667      -1.174278412408210E-002
   1.80399750000000        5.10765958333333      -1.093606604610352E-002
   1.80399750000000        5.40799250000000      -1.020558360563381E-002
   1.80399750000000        5.70832541666667      -9.547761781870428E-003
   1.80399750000000        6.00865833333333      -8.974250552861739E-003
   1.80399750000000        6.30899125000000      -8.530626012517096E-003
   1.80399750000000        6.60932416666667      -8.218389679002082E-003
   1.80399750000000        6.90965708333333      -8.029623239231769E-003
   1.80399750000000        7.20999000000000      -7.918363319798786E-003
   2.10433041666667       2.000000000000000E-003 -6.304304469847236E-002
   2.10433041666667       0.302332916666667      -6.174096491554176E-002
   2.10433041666667       0.602665833333333      -5.853380915708335E-002
   2.10433041666667       0.902998750000000      -5.421612190054877E-002
   2.10433041666667        1.20333166666667      -4.940150445307341E-002
   2.10433041666667        1.50366458333333      -4.432879993481806E-002
   2.10433041666667        1.80399750000000      -3.918484170304132E-002
   2.10433041666667        2.10433041666667      -3.421315280786156E-002
   2.10433041666667        2.40466333333333      -2.966250942139426E-002
   2.10433041666667        2.70499625000000      -2.569703472732100E-002
   2.10433041666667        3.00532916666667      -2.235915958698799E-002
   2.10433041666667        3.30566208333333      -1.960007640267502E-002
   2.10433041666667        3.60599500000000      -1.733725016597580E-002
   2.10433041666667        3.90632791666667      -1.549290722325670E-002
   2.10433041666667        4.20666083333333      -1.399921904856160E-002
   2.10433041666667        4.50699375000000      -1.278900080511351E-002
   2.10433041666667        4.80732666666667      -1.179615236039796E-002
   2.10433041666667        5.10765958333333      -1.096823108984347E-002
   2.10433041666667        5.40799250000000      -1.027686017672285E-002
   2.10433041666667        5.70832541666667      -9.715662508816321E-003
   2.10433041666667        6.00865833333333      -9.288214816459809E-003
   2.10433041666667        6.30899125000000      -8.995650779566471E-003
   2.10433041666667        6.60932416666667      -8.824165886963616E-003
   2.10433041666667        6.90965708333333      -8.713654158521340E-003
   2.10433041666667        7.20999000000000      -8.558235218885438E-003
   2.40466333333333       2.000000000000000E-003 -7.479920528012442E-002
   2.40466333333333       0.302332916666667      -7.212550630994113E-002
   2.40466333333333       0.602665833333333      -6.609887841277244E-002
   2.40466333333333       0.902998750000000      -5.972965656132821E-002
   2.40466333333333        1.20333166666667      -5.381416941770497E-002
   2.40466333333333        1.50366458333333      -4.811841681179996E-002
   2.40466333333333        1.80399750000000      -4.248775210881253E-002
   2.40466333333333        2.10433041666667      -3.703498763816541E-002
   2.40466333333333        2.40466333333333      -3.199295213425480E-002
   2.40466333333333        2.70499625000000      -2.755217612755078E-002
   2.40466333333333        3.00532916666667      -2.378577282528303E-002
   2.40466333333333        3.30566208333333      -2.066282804468637E-002
   2.40466333333333        3.60599500000000      -1.810291325795989E-002
   2.40466333333333        3.90632791666667      -1.602182638587569E-002
   2.40466333333333        4.20666083333333      -1.434613129521128E-002
   2.40466333333333        4.50699375000000      -1.300692540783099E-002
   2.40466333333333        4.80732666666667      -1.193799219649935E-002
   2.40466333333333        5.10765958333333      -1.108546701794728E-002
   2.40466333333333        5.40799250000000      -1.041750429894852E-002
   2.40466333333333        5.70832541666667      -9.924627093208658E-003
   2.40466333333333        6.00865833333333      -9.610425324414296E-003
   2.40466333333333        6.30899125000000      -9.478159191069622E-003
   2.40466333333333        6.60932416666667      -9.504592311145385E-003
   2.40466333333333        6.90965708333333      -9.565146121971027E-003
   2.40466333333333        7.20999000000000      -9.377963902205194E-003
   2.70499625000000       2.000000000000000E-003 -8.744989643031924E-002
   2.70499625000000       0.302332916666667      -8.279913584006740E-002
   2.70499625000000       0.602665833333333      -7.305655858176519E-002
   2.70499625000000       0.902998750000000      -6.370893054981380E-002
   2.70499625000000        1.20333166666667      -5.656154077533360E-002
   2.70499625000000        1.50366458333333      -5.050589413828178E-002
   2.70499625000000        1.80399750000000      -4.469875798625886E-002
   2.70499625000000        2.10433041666667      -3.905257478311135E-002
   2.70499625000000        2.40466333333333      -3.376244168518821E-002
   2.70499625000000        2.70499625000000      -2.903526940365893E-002
   2.70499625000000        3.00532916666667      -2.497511694955052E-002
   2.70499625000000        3.30566208333333      -2.157874368601276E-002
   2.70499625000000        3.60599500000000      -1.878280217867526E-002
   2.70499625000000        3.90632791666667      -1.650975339403011E-002
   2.70499625000000        4.20666083333333      -1.468653068442061E-002
   2.70499625000000        4.50699375000000      -1.324277214821306E-002
   2.70499625000000        4.80732666666667      -1.211055792616477E-002
   2.70499625000000        5.10765958333333      -1.123310769423720E-002
   2.70499625000000        5.40799250000000      -1.057499389997156E-002
   2.70499625000000        5.70832541666667      -1.012666925026028E-002
   2.70499625000000        6.00865833333333      -9.904256362948673E-003
   2.70499625000000        6.30899125000000      -9.957877045770287E-003
   2.70499625000000        6.60932416666667      -1.025394249190561E-002
   2.70499625000000        6.90965708333333      -1.044817226026083E-002
   2.70499625000000        7.20999000000000      -1.013008906483461E-002
   3.00532916666667       2.000000000000000E-003 -9.617052186722704E-002
   3.00532916666667       0.302332916666667      -8.830970082415841E-002
   3.00532916666667       0.602665833333333      -7.463498093563510E-002
   3.00532916666667       0.902998750000000      -6.425767053005003E-002
   3.00532916666667        1.20333166666667      -5.718794214875599E-002
   3.00532916666667        1.50366458333333      -5.139928315349815E-002
   3.00532916666667        1.80399750000000      -4.577548775544074E-002
   3.00532916666667        2.10433041666667      -4.019587676945870E-002
   3.00532916666667        2.40466333333333      -3.486963110959967E-002
   3.00532916666667        2.70499625000000      -3.002971048917818E-002
   3.00532916666667        3.00532916666667      -2.581227096848042E-002
   3.00532916666667        3.30566208333333      -2.224545243760104E-002
   3.00532916666667        3.60599500000000      -1.929066949562740E-002
   3.00532916666667        3.90632791666667      -1.688457679256095E-002
   3.00532916666667        4.20666083333333      -1.495780909173474E-002
   3.00532916666667        4.50699375000000      -1.343959484682325E-002
   3.00532916666667        4.80732666666667      -1.226121736661840E-002
   3.00532916666667        5.10765958333333      -1.136350933954474E-002
   3.00532916666667        5.40799250000000      -1.070829377791865E-002
   3.00532916666667        5.70832541666667      -1.028884806464032E-002
   3.00532916666667        6.00865833333333      -1.014396100866089E-002
   3.00532916666667        6.30899125000000      -1.034223248527393E-002
   3.00532916666667        6.60932416666667      -1.069046768704490E-002
   3.00532916666667        6.90965708333333      -1.085746359303202E-002
   3.00532916666667        7.20999000000000      -1.030239739148708E-002
   3.30566208333333       2.000000000000000E-003 -9.390254138185705E-002
   3.30566208333333       0.302332916666667      -8.321089843002329E-002
   3.30566208333333       0.602665833333333      -6.938887050679665E-002
   3.30566208333333       0.902998750000000      -6.134088710921762E-002
   3.30566208333333        1.20333166666667      -5.620606912052453E-002
   3.30566208333333        1.50366458333333      -5.133633002256894E-002
   3.30566208333333        1.80399750000000      -4.608817281940270E-002
   3.30566208333333        2.10433041666667      -4.068173155346178E-002
   3.30566208333333        2.40466333333333      -3.541624641220772E-002
   3.30566208333333        2.70499625000000      -3.056126624193094E-002
   3.30566208333333        3.00532916666667      -2.628027495211940E-002
   3.30566208333333        3.30566208333333      -2.262651427984075E-002
   3.30566208333333        3.60599500000000      -1.958358776402987E-002
   3.30566208333333        3.90632791666667      -1.710275649038398E-002
   3.30566208333333        4.20666083333333      -1.511800984282632E-002
   3.30566208333333        4.50699375000000      -1.355811380380026E-002
   3.30566208333333        4.80732666666667      -1.235444362277229E-002
   3.30566208333333        5.10765958333333      -1.144681611706957E-002
   3.30566208333333        5.40799250000000      -1.079586886974868E-002
   3.30566208333333        5.70832541666667      -1.039889233801623E-002
   3.30566208333333        6.00865833333333      -1.031693066725330E-002
   3.30566208333333        6.30899125000000      -1.051284427695570E-002
   3.30566208333333        6.60932416666667      -1.062950288646246E-002
   3.30566208333333        6.90965708333333      -1.023086757276488E-002
   3.30566208333333        7.20999000000000      -9.318795296452784E-003
   3.60599500000000       2.000000000000000E-003 -8.120203305026316E-002
   3.60599500000000       0.302332916666667      -7.469940096187003E-002
   3.60599500000000       0.602665833333333      -6.488200010902019E-002
   3.60599500000000       0.902998750000000      -5.937172186267735E-002
   3.60599500000000        1.20333166666667      -5.552898140052490E-002
   3.60599500000000        1.50366458333333      -5.120922915202667E-002
   3.60599500000000        1.80399750000000      -4.614640948146052E-002
   3.60599500000000        2.10433041666667      -4.081588344420412E-002
   3.60599500000000        2.40466333333333      -3.557665999492574E-002
   3.60599500000000        2.70499625000000      -3.071800686597327E-002
   3.60599500000000        3.00532916666667      -2.641503714020372E-002
   3.60599500000000        3.30566208333333      -2.273039485687289E-002
   3.60599500000000        3.60599500000000      -1.965639021764252E-002
   3.60599500000000        3.90632791666667      -1.715058923951975E-002
   3.60599500000000        4.20666083333333      -1.514806445438084E-002
   3.60599500000000        4.50699375000000      -1.357748654019565E-002
   3.60599500000000        4.80732666666667      -1.237071058053774E-002
   3.60599500000000        5.10765958333333      -1.146742591080244E-002
   3.60599500000000        5.40799250000000      -1.082817801714321E-002
   3.60599500000000        5.70832541666667      -1.045387009520152E-002
   3.60599500000000        6.00865833333333      -1.041908526631149E-002
   3.60599500000000        6.30899125000000      -1.061891269746107E-002
   3.60599500000000        6.60932416666667      -1.054489334894822E-002
   3.60599500000000        6.90965708333333      -9.364161582491620E-003
   3.60599500000000        7.20999000000000      -7.869509450734752E-003
   3.90632791666667       2.000000000000000E-003 -9.390422026434095E-002
   3.90632791666667       0.302332916666667      -8.355863301852713E-002
   3.90632791666667       0.602665833333333      -6.975402183889068E-002
   3.90632791666667       0.902998750000000      -6.161930606446384E-002
   3.90632791666667        1.20333166666667      -5.639898035894898E-002
   3.90632791666667        1.50366458333333      -5.147100285177714E-002
   3.90632791666667        1.80399750000000      -4.618036616875227E-002
   3.90632791666667        2.10433041666667      -4.073344985735105E-002
   3.90632791666667        2.40466333333333      -3.543019045494167E-002
   3.90632791666667        2.70499625000000      -3.054347855302681E-002
   3.90632791666667        3.00532916666667      -2.623859016701968E-002
   3.90632791666667        3.30566208333333      -2.256827709095433E-002
   3.90632791666667        3.60599500000000      -1.951459592452808E-002
   3.90632791666667        3.90632791666667      -1.702788889327145E-002
   3.90632791666667        4.20666083333333      -1.504270465854580E-002
   3.90632791666667        4.50699375000000      -1.348928683470615E-002
   3.90632791666667        4.80732666666667      -1.230014988160685E-002
   3.90632791666667        5.10765958333333      -1.141504765261918E-002
   3.90632791666667        5.40799250000000      -1.079423040309009E-002
   3.90632791666667        5.70832541666667      -1.043853124763713E-002
   3.90632791666667        6.00865833333333      -1.042946023536855E-002
   3.90632791666667        6.30899125000000      -1.074497229813627E-002
   3.90632791666667        6.60932416666667      -1.100187582208899E-002
   3.90632791666667        6.90965708333333      -1.065283053290018E-002
   3.90632791666667        7.20999000000000      -9.510312608904965E-003
   4.20666083333333       2.000000000000000E-003 -9.617181975370138E-002
   4.20666083333333       0.302332916666667      -8.867531728618715E-002
   4.20666083333333       0.602665833333333      -7.510460401249805E-002
   4.20666083333333       0.902998750000000      -6.466614699095813E-002
   4.20666083333333        1.20333166666667      -5.749425826310112E-002
   4.20666083333333        1.50366458333333      -5.162838884604252E-002
   4.20666083333333        1.80399750000000      -4.593357493791590E-002
   4.20666083333333        2.10433041666667      -4.028110499486141E-002
   4.20666083333333        2.40466333333333      -3.488577568094530E-002
   4.20666083333333        2.70499625000000      -2.998789258049216E-002
   4.20666083333333        3.00532916666667      -2.572692464940782E-002
   4.20666083333333        3.30566208333333      -2.212958169176225E-002
   4.20666083333333        3.60599500000000      -1.915390487606501E-002
   4.20666083333333        3.90632791666667      -1.673478405330028E-002
   4.20666083333333        4.20666083333333      -1.480432100924215E-002
   4.20666083333333        4.50699375000000      -1.329517925405036E-002
   4.20666083333333        4.80732666666667      -1.214121298151267E-002
   4.20666083333333        5.10765958333333      -1.128290421498676E-002
   4.20666083333333        5.40799250000000      -1.067971964410714E-002
   4.20666083333333        5.70832541666667      -1.032589735856035E-002
   4.20666083333333        6.00865833333333      -1.027623988166852E-002
   4.20666083333333        6.30899125000000      -1.062615603742168E-002
   4.20666083333333        6.60932416666667      -1.112253981507339E-002
   4.20666083333333        6.90965708333333      -1.132200684995795E-002
   4.20666083333333        7.20999000000000      -1.058098851166000E-002
   4.50699375000000       2.000000000000000E-003 -8.745134728565253E-002
   4.50699375000000       0.302332916666667      -8.307560003830586E-002
   4.50699375000000       0.602665833333333      -7.346133610513220E-002
   4.50699375000000       0.902998750000000      -6.410215439491443E-002
   4.50699375000000        1.20333166666667      -5.689662525122138E-002
   4.50699375000000        1.50366458333333      -5.077218623754019E-002
   4.50699375000000        1.80399750000000      -4.488101419473168E-002
   4.50699375000000        2.10433041666667      -3.914158682307189E-002
   4.50699375000000        2.40466333333333      -3.376192399809544E-002
   4.50699375000000        2.70499625000000      -2.896022809300056E-002
   4.50699375000000        3.00532916666667      -2.484451476300604E-002
   4.50699375000000        3.30566208333333      -2.140818018117165E-002
   4.50699375000000        3.60599500000000      -1.858209628540390E-002
   4.50699375000000        3.90632791666667      -1.628622882137174E-002
   4.50699375000000        4.20666083333333      -1.445069787092153E-002
   4.50699375000000        4.50699375000000      -1.301162785320962E-002
   4.50699375000000        4.80732666666667      -1.190594570503915E-002
   4.50699375000000        5.10765958333333      -1.107626604376402E-002
   4.50699375000000        5.40799250000000      -1.048132848560072E-002
   4.50699375000000        5.70832541666667      -1.010533351650576E-002
   4.50699375000000        6.00865833333333      -9.964733402517346E-003
   4.50699375000000        6.30899125000000      -1.011866575748481E-002
   4.50699375000000        6.60932416666667      -1.050398099340484E-002
   4.50699375000000        6.90965708333333      -1.069378784287664E-002
   4.50699375000000        7.20999000000000      -1.025108692955173E-002
   4.80732666666667       2.000000000000000E-003 -7.480164109617791E-002
   4.80732666666667       0.302332916666667      -7.231120201806465E-002
   4.80732666666667       0.602665833333333      -6.639255404327210E-002
   4.80732666666667       0.902998750000000      -6.005648741999906E-002
   4.80732666666667        1.20333166666667      -5.412304113000729E-002
   4.80732666666667        1.50366458333333      -4.836976562970392E-002
   4.80732666666667        1.80399750000000      -4.265136390302063E-002
   4.80732666666667        2.10433041666667      -3.709631486418421E-002
   4.80732666666667        2.40466333333333      -3.195643361889165E-002
   4.80732666666667        2.70499625000000      -2.743617233872342E-002
   4.80732666666667        3.00532916666667      -2.361159181861645E-002
   4.80732666666667        3.30566208333333      -2.044485857913491E-002
   4.80732666666667        3.60599500000000      -1.784632796114620E-002
   4.80732666666667        3.90632791666667      -1.572873027704991E-002
   4.80732666666667        4.20666083333333      -1.402490147547436E-002
   4.80732666666667        4.50699375000000      -1.267743959563007E-002
   4.80732666666667        4.80732666666667      -1.162884079527349E-002
   4.80732666666667        5.10765958333333      -1.082491613636319E-002
   4.80732666666667        5.40799250000000      -1.022391118739583E-002
   4.80732666666667        5.70832541666667      -9.801865688776086E-003
   4.80732666666667        6.00865833333333      -9.550078856293720E-003
   4.80732666666667        6.30899125000000      -9.464140872600828E-003
   4.80732666666667        6.60932416666667      -9.510474469400097E-003
   4.80732666666667        6.90965708333333      -9.544373356680196E-003
   4.80732666666667        7.20999000000000      -9.283579631031753E-003
   5.10765958333333       2.000000000000000E-003 -6.304691349774084E-002
   5.10765958333333       0.302332916666667      -6.186497557444353E-002
   5.10765958333333       0.602665833333333      -5.874914719943878E-002
   5.10765958333333       0.902998750000000      -5.447589512646378E-002
   5.10765958333333        1.20333166666667      -4.965554583174078E-002
   5.10765958333333        1.50366458333333      -4.452987292424235E-002
   5.10765958333333        1.80399750000000      -3.929728600434239E-002
   5.10765958333333        2.10433041666667      -3.422185686084982E-002
   5.10765958333333        2.40466333333333      -2.957523514042106E-002
   5.10765958333333        2.70499625000000      -2.553636915804769E-002
   5.10765958333333        3.00532916666667      -2.214753680199662E-002
   5.10765958333333        3.30566208333333      -1.934703322622834E-002
   5.10765958333333        3.60599500000000      -1.703776798176356E-002
   5.10765958333333        3.90632791666667      -1.513834449670355E-002
   5.10765958333333        4.20666083333333      -1.359256653251946E-002
   5.10765958333333        4.50699375000000      -1.235286285685266E-002
   5.10765958333333        4.80732666666667      -1.136792930179668E-002
   5.10765958333333        5.10765958333333      -1.058602877029553E-002
   5.10765958333333        5.40799250000000      -9.964416201379302E-003
   5.10765958333333        5.70832541666667      -9.473687230687890E-003
   5.10765958333333        6.00865833333333      -9.094994836150377E-003
   5.10765958333333        6.30899125000000      -8.815405983152433E-003
   5.10765958333333        6.60932416666667      -8.621609339064236E-003
   5.10765958333333        6.90965708333333      -8.477165672243155E-003
   5.10765958333333        7.20999000000000      -8.288352015909106E-003
   5.40799250000000       2.000000000000000E-003 -5.445497145557750E-002
   5.40799250000000       0.302332916666667      -5.373563285883227E-002
   5.40799250000000       0.602665833333333      -5.162628256435155E-002
   5.40799250000000       0.902998750000000      -4.840117451846091E-002
   5.40799250000000        1.20333166666667      -4.434521862066289E-002
   5.40799250000000        1.50366458333333      -3.984265934458429E-002
   5.40799250000000        1.80399750000000      -3.526750739796863E-002
   5.40799250000000        2.10433041666667      -3.088742136083500E-002
   5.40799250000000        2.40466333333333      -2.692797008770209E-002
   5.40799250000000        2.70499625000000      -2.351712636708462E-002
   5.40799250000000        3.00532916666667      -2.065893927037321E-002
   5.40799250000000        3.30566208333333      -1.827513737274273E-002
   5.40799250000000        3.60599500000000      -1.627640369423066E-002
   5.40799250000000        3.90632791666667      -1.460494200062436E-002
   5.40799250000000        4.20666083333333      -1.322670581895232E-002
   5.40799250000000        4.50699375000000      -1.210476370943896E-002
   5.40799250000000        4.80732666666667      -1.118980188969118E-002
   5.40799250000000        5.10765958333333      -1.042914766410289E-002
   5.40799250000000        5.40799250000000      -9.777372381492795E-003
   5.40799250000000        5.70832541666667      -9.197995356560575E-003
   5.40799250000000        6.00865833333333      -8.669202579257126E-003
   5.40799250000000        6.30899125000000      -8.230713277469798E-003
   5.40799250000000        6.60932416666667      -7.906496070040316E-003
   5.40799250000000        6.90965708333333      -7.715979738954898E-003
   5.40799250000000        7.20999000000000      -7.623466913814107E-003
   5.70832541666667       2.000000000000000E-003 -4.814921350502273E-002
   5.70832541666667       0.302332916666667      -4.744598356104655E-002
   5.70832541666667       0.602665833333333      -4.549108683105577E-002
   5.70832541666667       0.902998750000000      -4.257868401080976E-002
   5.70832541666667        1.20333166666667      -3.897786224334288E-002
   5.70832541666667        1.50366458333333      -3.501604656134631E-002
   5.70832541666667        1.80399750000000      -3.114216614131897E-002
   5.70832541666667        2.10433041666667      -2.756904575711274E-002
   5.70832541666667        2.40466333333333      -2.439586748172506E-002
   5.70832541666667        2.70499625000000      -2.168008225139946E-002
   5.70832541666667        3.00532916666667      -1.938310087415890E-002
   5.70832541666667        3.30566208333333      -1.740804211112499E-002
   5.70832541666667        3.60599500000000      -1.568459039544314E-002
   5.70832541666667        3.90632791666667      -1.420783805738368E-002
   5.70832541666667        4.20666083333333      -1.298530592983726E-002
   5.70832541666667        4.50699375000000      -1.198442450354989E-002
   5.70832541666667        4.80732666666667      -1.114543200060286E-002
   5.70832541666667        5.10765958333333      -1.041034778323998E-002
   5.70832541666667        5.40799250000000      -9.731074676930738E-003
   5.70832541666667        5.70832541666667      -9.073225854504445E-003
   5.70832541666667        6.00865833333333      -8.461391447075358E-003
   5.70832541666667        6.30899125000000      -7.884541728512960E-003
   5.70832541666667        6.60932416666667      -7.419518824460960E-003
   5.70832541666667        6.90965708333333      -7.231341476487272E-003
   5.70832541666667        7.20999000000000      -7.306482294897601E-003
   6.00865833333333       2.000000000000000E-003 -4.475356993204448E-002
   6.00865833333333       0.302332916666667      -4.356674091133499E-002
   6.00865833333333       0.602665833333333      -4.079326291498606E-002
   6.00865833333333       0.902998750000000      -3.746760241801977E-002
   6.00865833333333        1.20333166666667      -3.399734998673705E-002
   6.00865833333333        1.50366458333333      -3.053604568347338E-002
   6.00865833333333        1.80399750000000      -2.733241308998527E-002
   6.00865833333333        2.10433041666667      -2.461961967600313E-002
   6.00865833333333        2.40466333333333      -2.226710468845966E-002
   6.00865833333333        2.70499625000000      -2.026980494319900E-002
   6.00865833333333        3.00532916666667      -1.854801495051755E-002
   6.00865833333333        3.30566208333333      -1.694135577876562E-002
   6.00865833333333        3.60599500000000      -1.537700483900705E-002
   6.00865833333333        3.90632791666667      -1.399092776813503E-002
   6.00865833333333        4.20666083333333      -1.289166621302206E-002
   6.00865833333333        4.50699375000000      -1.201294670880261E-002
   6.00865833333333        4.80732666666667      -1.125256445691889E-002
   6.00865833333333        5.10765958333333      -1.055066633316644E-002
   6.00865833333333        5.40799250000000      -9.872725638639784E-003
   6.00865833333333        5.70832541666667      -9.238694066342470E-003
   6.00865833333333        6.00865833333333      -8.605386052143357E-003
   6.00865833333333        6.30899125000000      -7.897913324145255E-003
   6.00865833333333        6.60932416666667      -7.247025654325467E-003
   6.00865833333333        6.90965708333333      -7.113515793853997E-003
   6.00865833333333        7.20999000000000      -7.581264662048222E-003
   6.30899125000000       2.000000000000000E-003 -4.567485262339059E-002
   6.30899125000000       0.302332916666667      -4.286157558885025E-002
   6.30899125000000       0.602665833333333      -3.755909350420761E-002
   6.30899125000000       0.902998750000000      -3.297734424338791E-002
   6.30899125000000        1.20333166666667      -2.942273795686415E-002
   6.30899125000000        1.50366458333333      -2.649350880936025E-002
   6.30899125000000        1.80399750000000      -2.404750611424545E-002
   6.30899125000000        2.10433041666667      -2.215867795298236E-002
   6.30899125000000        2.40466333333333      -2.064487601324104E-002
   6.30899125000000        2.70499625000000      -1.943295773288841E-002
   6.30899125000000        3.00532916666667      -1.838690049877552E-002
   6.30899125000000        3.30566208333333      -1.704689040547227E-002
   6.30899125000000        3.60599500000000      -1.536847586469743E-002
   6.30899125000000        3.90632791666667      -1.391939000747247E-002
   6.30899125000000        4.20666083333333      -1.294701047506363E-002
   6.30899125000000        4.50699375000000      -1.220023391938082E-002
   6.30899125000000        4.80732666666667      -1.149851738781387E-002
   6.30899125000000        5.10765958333333      -1.082705606983093E-002
   6.30899125000000        5.40799250000000      -1.020692445429121E-002
   6.30899125000000        5.70832541666667      -9.669604200465412E-003
   6.30899125000000        6.00865833333333      -9.139756449860464E-003
   6.30899125000000        6.30899125000000      -8.434739584896952E-003
   6.30899125000000        6.60932416666667      -7.550903486575220E-003
   6.30899125000000        6.90965708333333      -7.435286405191462E-003
   6.30899125000000        7.20999000000000      -8.785008523352669E-003
   6.60932416666667       2.000000000000000E-003 -5.028284880351715E-002
   6.60932416666667       0.302332916666667      -4.389569970884427E-002
   6.60932416666667       0.602665833333333      -3.450074922879724E-002
   6.60932416666667       0.902998750000000      -2.857483807928734E-002
   6.60932416666667        1.20333166666667      -2.511721073185169E-002
   6.60932416666667        1.50366458333333      -2.286448596865243E-002
   6.60932416666667        1.80399750000000      -2.126632548195247E-002
   6.60932416666667        2.10433041666667      -2.014856903486068E-002
   6.60932416666667        2.40466333333333      -1.944522142366947E-002
   6.60932416666667        2.70499625000000      -1.908646332790931E-002
   6.60932416666667        3.00532916666667      -1.868461269534014E-002
   6.60932416666667        3.30566208333333      -1.739032702827394E-002
   6.60932416666667        3.60599500000000      -1.515435363438571E-002
   6.60932416666667        3.90632791666667      -1.367625431931482E-002
   6.60932416666667        4.20666083333333      -1.310898128368405E-002
   6.60932416666667        4.50699375000000      -1.257827274718947E-002
   6.60932416666667        4.80732666666667      -1.185618078655471E-002
   6.60932416666667        5.10765958333333      -1.116866458523266E-002
   6.60932416666667        5.40799250000000      -1.058898692464397E-002
   6.60932416666667        5.70832541666667      -1.016878017155486E-002
   6.60932416666667        6.00865833333333      -9.903502609835985E-003
   6.60932416666667        6.30899125000000      -9.595862743231747E-003
   6.60932416666667        6.60932416666667      -8.749775551510656E-003
   6.60932416666667        6.90965708333333      -8.040837819322584E-003
   6.60932416666667        7.20999000000000      -1.062640905546641E-002
   6.90965708333333       2.000000000000000E-003 -4.638622304410296E-002
   6.90965708333333       0.302332916666667      -3.866429378257327E-002
   6.90965708333333       0.602665833333333      -2.956377235787331E-002
   6.90965708333333       0.902998750000000      -2.418078762983209E-002
   6.90965708333333        1.20333166666667      -2.130014251344693E-002
   6.90965708333333        1.50366458333333      -1.981023047132860E-002
   6.90965708333333        1.80399750000000      -1.899982063918738E-002
   6.90965708333333        2.10433041666667      -1.854580772359364E-002
   6.90965708333333        2.40466333333333      -1.840993682755572E-002
   6.90965708333333        2.70499625000000      -1.852656726553060E-002
   6.90965708333333        3.00532916666667      -1.843755538956783E-002
   6.90965708333333        3.30566208333333      -1.688761169064664E-002
   6.90965708333333        3.60599500000000      -1.365660707011179E-002
   6.90965708333333        3.90632791666667      -1.307528606509768E-002
   6.90965708333333        4.20666083333333      -1.338312329651828E-002
   6.90965708333333        4.50699375000000      -1.304369380969178E-002
   6.90965708333333        4.80732666666667      -1.224923687477523E-002
   6.90965708333333        5.10765958333333      -1.144007642040243E-002
   6.90965708333333        5.40799250000000      -1.081472971920038E-002
   6.90965708333333        5.70832541666667      -1.038901807061998E-002
   6.90965708333333        6.00865833333333      -1.029334459876146E-002
   6.90965708333333        6.30899125000000      -1.062578279091123E-002
   6.90965708333333        6.60932416666667      -1.095046213954882E-002
   6.90965708333333        6.90965708333333      -9.436716238285311E-003
   6.90965708333333        7.20999000000000      -9.942183390708230E-003
   7.20999000000000       2.000000000000000E-003 -3.258677178096232E-002
   7.20999000000000       0.302332916666667      -2.835235662573864E-002
   7.20999000000000       0.602665833333333      -2.500500587033614E-002
   7.20999000000000       0.902998750000000      -2.098791933383815E-002
   7.20999000000000        1.20333166666667      -1.864735904943543E-002
   7.20999000000000        1.50366458333333      -1.768775985092570E-002
   7.20999000000000        1.80399750000000      -1.738906408985995E-002
   7.20999000000000        2.10433041666667      -1.726432691714879E-002
   7.20999000000000        2.40466333333333      -1.720291708653009E-002
   7.20999000000000        2.70499625000000      -1.702967816817572E-002
   7.20999000000000        3.00532916666667      -1.630818180037253E-002
   7.20999000000000        3.30566208333333      -1.427070392499611E-002
   7.20999000000000        3.60599500000000      -1.152321183054906E-002
   7.20999000000000        3.90632791666667      -1.286823831129710E-002
   7.20999000000000        4.20666083333333      -1.352482697982193E-002
   7.20999000000000        4.50699375000000      -1.324760472231581E-002
   7.20999000000000        4.80732666666667      -1.242107625523079E-002
   7.20999000000000        5.10765958333333      -1.150608502960919E-002
   7.20999000000000        5.40799250000000      -1.074917609547863E-002
   7.20999000000000        5.70832541666667      -1.010090604750877E-002
   7.20999000000000        6.00865833333333      -9.669581801725193E-003
   7.20999000000000        6.30899125000000      -9.632830451935252E-003
   7.20999000000000        6.60932416666667      -9.935871703278924E-003
   7.20999000000000        6.90965708333333      -9.323512885357732E-003
   7.20999000000000        7.20999000000000      -7.428157641425476E-003
