  2.000000000000000E-003  2.000000000000000E-003 -0.201331376307356     
  2.000000000000000E-003  0.302332916666667      -0.203869665993329     
  2.000000000000000E-003  0.602665833333333      -0.198301245955981     
  2.000000000000000E-003  0.902998750000000      -0.193696546236261     
  2.000000000000000E-003   1.20333166666667      -0.186492562629708     
  2.000000000000000E-003   1.50366458333333      -0.177144431594360     
  2.000000000000000E-003   1.80399750000000      -0.166711083771509     
  2.000000000000000E-003   2.10433041666667      -0.155868251750237     
  2.000000000000000E-003   2.40466333333333      -0.144609190133381     
  2.000000000000000E-003   2.70499625000000      -0.133868138988785     
  2.000000000000000E-003   3.00532916666667      -0.126253706764438     
  2.000000000000000E-003   3.30566208333333      -0.125059159567415     
  2.000000000000000E-003   3.60599500000000      -0.126444096753689     
  2.000000000000000E-003   3.90632791666667      -0.114145564127701     
  2.000000000000000E-003   4.20666083333333      -0.103415904436525     
  2.000000000000000E-003   4.50699375000000      -9.548120592553631E-002
  2.000000000000000E-003   4.80732666666667      -8.986955948399462E-002
  2.000000000000000E-003   5.10765958333333      -8.559326400286134E-002
  2.000000000000000E-003   5.40799250000000      -8.235138679766862E-002
  2.000000000000000E-003   5.70832541666667      -8.043579142996964E-002
  2.000000000000000E-003   6.00865833333333      -7.949963032410749E-002
  2.000000000000000E-003   6.30899125000000      -7.879976955909809E-002
  2.000000000000000E-003   6.60932416666667      -7.735072840986293E-002
  2.000000000000000E-003   6.90965708333333      -7.479033882145628E-002
  2.000000000000000E-003   7.20999000000000      -7.043654827416096E-002
  0.302332916666667       2.000000000000000E-003 -0.206484756633878     
  0.302332916666667       0.302332916666667      -0.213265777071411     
  0.302332916666667       0.602665833333333      -0.215351882062695     
  0.302332916666667       0.902998750000000      -0.212401232291527     
  0.302332916666667        1.20333166666667      -0.204802870162540     
  0.302332916666667        1.50366458333333      -0.194431133176912     
  0.302332916666667        1.80399750000000      -0.182645372571353     
  0.302332916666667        2.10433041666667      -0.170029986177795     
  0.302332916666667        2.40466333333333      -0.156404292663554     
  0.302332916666667        2.70499625000000      -0.142350962583129     
  0.302332916666667        3.00532916666667      -0.130823446418276     
  0.302332916666667        3.30566208333333      -0.126561673647387     
  0.302332916666667        3.60599500000000      -0.128928737290912     
  0.302332916666667        3.90632791666667      -0.121431643050981     
  0.302332916666667        4.20666083333333      -0.110431190157914     
  0.302332916666667        4.50699375000000      -0.101819019552015     
  0.302332916666667        4.80732666666667      -9.557291885805332E-002
  0.302332916666667        5.10765958333333      -9.054049191147995E-002
  0.302332916666667        5.40799250000000      -8.651107638266484E-002
  0.302332916666667        5.70832541666667      -8.368188259278510E-002
  0.302332916666667        6.00865833333333      -8.160889896873078E-002
  0.302332916666667        6.30899125000000      -7.948622153996980E-002
  0.302332916666667        6.60932416666667      -7.642728624010436E-002
  0.302332916666667        6.90965708333333      -7.414898017699496E-002
  0.302332916666667        7.20999000000000      -7.658526514517192E-002
  0.602665833333333       2.000000000000000E-003 -0.226195552475577     
  0.602665833333333       0.302332916666667      -0.231938015136065     
  0.602665833333333       0.602665833333333      -0.236431503102662     
  0.602665833333333       0.902998750000000      -0.233141116186062     
  0.602665833333333        1.20333166666667      -0.224510697051492     
  0.602665833333333        1.50366458333333      -0.213053941093164     
  0.602665833333333        1.80399750000000      -0.200086797422368     
  0.602665833333333        2.10433041666667      -0.186211445606845     
  0.602665833333333        2.40466333333333      -0.171680505367840     
  0.602665833333333        2.70499625000000      -0.156617329141223     
  0.602665833333333        3.00532916666667      -0.143944203463141     
  0.602665833333333        3.30566208333333      -0.136585184813875     
  0.602665833333333        3.60599500000000      -0.133440645919366     
  0.602665833333333        3.90632791666667      -0.127311294172261     
  0.602665833333333        4.20666083333333      -0.117892575422420     
  0.602665833333333        4.50699375000000      -0.108992418988142     
  0.602665833333333        4.80732666666667      -0.101882681966780     
  0.602665833333333        5.10765958333333      -9.572675131022654E-002
  0.602665833333333        5.40799250000000      -9.066839688781160E-002
  0.602665833333333        5.70832541666667      -8.660378899971238E-002
  0.602665833333333        6.00865833333333      -8.307782575263725E-002
  0.602665833333333        6.30899125000000      -7.961414164693723E-002
  0.602665833333333        6.60932416666667      -7.661291481082973E-002
  0.602665833333333        6.90965708333333      -7.693447905286181E-002
  0.602665833333333        7.20999000000000      -7.832294576867624E-002
  0.902998750000000       2.000000000000000E-003 -0.264004198092461     
  0.902998750000000       0.302332916666667      -0.265075709394445     
  0.902998750000000       0.602665833333333      -0.264160283540977     
  0.902998750000000       0.902998750000000      -0.257764581280923     
  0.902998750000000        1.20333166666667      -0.246944315183282     
  0.902998750000000        1.50366458333333      -0.233610144004956     
  0.902998750000000        1.80399750000000      -0.219000397351926     
  0.902998750000000        2.10433041666667      -0.203806423466156     
  0.902998750000000        2.40466333333333      -0.188643215444324     
  0.902998750000000        2.70499625000000      -0.173765637526359     
  0.902998750000000        3.00532916666667      -0.160378534176204     
  0.902998750000000        3.30566208333333      -0.150248272606786     
  0.902998750000000        3.60599500000000      -0.142492263940529     
  0.902998750000000        3.90632791666667      -0.134332608318983     
  0.902998750000000        4.20666083333333      -0.125017927737703     
  0.902998750000000        4.50699375000000      -0.115976281273761     
  0.902998750000000        4.80732666666667      -0.107985922150813     
  0.902998750000000        5.10765958333333      -0.100919702898774     
  0.902998750000000        5.40799250000000      -9.482239333101188E-002
  0.902998750000000        5.70832541666667      -8.959790467178870E-002
  0.902998750000000        6.00865833333333      -8.492070840799001E-002
  0.902998750000000        6.30899125000000      -8.074233800667317E-002
  0.902998750000000        6.60932416666667      -7.773000109735972E-002
  0.902998750000000        6.90965708333333      -7.675213268587061E-002
  0.902998750000000        7.20999000000000      -7.537130461930919E-002
   1.20333166666667       2.000000000000000E-003 -0.310630983280285     
   1.20333166666667       0.302332916666667      -0.308665038969894     
   1.20333166666667       0.602665833333333      -0.302100080862666     
   1.20333166666667       0.902998750000000      -0.290523431509441     
   1.20333166666667        1.20333166666667      -0.275178646963288     
   1.20333166666667        1.50366458333333      -0.257868231168625     
   1.20333166666667        1.80399750000000      -0.240010990067577     
   1.20333166666667        2.10433041666667      -0.222451871107295     
   1.20333166666667        2.40466333333333      -0.205830142736912     
   1.20333166666667        2.70499625000000      -0.190376217770526     
   1.20333166666667        3.00532916666667      -0.176245502417179     
   1.20333166666667        3.30566208333333      -0.163769696282676     
   1.20333166666667        3.60599500000000      -0.152735549273830     
   1.20333166666667        3.90632791666667      -0.142218367105528     
   1.20333166666667        4.20666083333333      -0.131939099725779     
   1.20333166666667        4.50699375000000      -0.122351258593152     
   1.20333166666667        4.80732666666667      -0.113673954651372     
   1.20333166666667        5.10765958333333      -0.105875262461137     
   1.20333166666667        5.40799250000000      -9.890897488029579E-002
   1.20333166666667        5.70832541666667      -9.271216352149576E-002
   1.20333166666667        6.00865833333333      -8.714393059675771E-002
   1.20333166666667        6.30899125000000      -8.229598298762900E-002
   1.20333166666667        6.60932416666667      -7.851626621845847E-002
   1.20333166666667        6.90965708333333      -7.579721511055483E-002
   1.20333166666667        7.20999000000000      -7.289126699278269E-002
   1.50366458333333       2.000000000000000E-003 -0.373765454930862     
   1.50366458333333       0.302332916666667      -0.369251624812673     
   1.50366458333333       0.602665833333333      -0.356380237881080     
   1.50366458333333       0.902998750000000      -0.336867975483092     
   1.50366458333333        1.20333166666667      -0.313357551547734     
   1.50366458333333        1.50366458333333      -0.288573860143266     
   1.50366458333333        1.80399750000000      -0.264474072531128     
   1.50366458333333        2.10433041666667      -0.242233107857444     
   1.50366458333333        2.40466333333333      -0.222627030607308     
   1.50366458333333        2.70499625000000      -0.205387718899160     
   1.50366458333333        3.00532916666667      -0.189879746327194     
   1.50366458333333        3.30566208333333      -0.175620720460018     
   1.50366458333333        3.60599500000000      -0.162348380792729     
   1.50366458333333        3.90632791666667      -0.149959020321368     
   1.50366458333333        4.20666083333333      -0.138539057217069     
   1.50366458333333        4.50699375000000      -0.128212975441584     
   1.50366458333333        4.80732666666667      -0.118927499901355     
   1.50366458333333        5.10765958333333      -0.110497764419390     
   1.50366458333333        5.40799250000000      -0.102784803467871     
   1.50366458333333        5.70832541666667      -9.575877759005244E-002
   1.50366458333333        6.00865833333333      -8.941197221446209E-002
   1.50366458333333        6.30899125000000      -8.385344157917440E-002
   1.50366458333333        6.60932416666667      -7.921515856106619E-002
   1.50366458333333        6.90965708333333      -7.533068098560984E-002
   1.50366458333333        7.20999000000000      -7.159728551342884E-002
   1.80399750000000       2.000000000000000E-003 -0.465479151949143     
   1.80399750000000       0.302332916666667      -0.457379364245463     
   1.80399750000000       0.602665833333333      -0.435174077649138     
   1.80399750000000       0.902998750000000      -0.402928116576519     
   1.80399750000000        1.20333166666667      -0.365900434069498     
   1.80399750000000        1.50366458333333      -0.328428546880607     
   1.80399750000000        1.80399750000000      -0.293508268040099     
   1.80399750000000        2.10433041666667      -0.263540106768772     
   1.80399750000000        2.40466333333333      -0.238971961906982     
   1.80399750000000        2.70499625000000      -0.218784643071644     
   1.80399750000000        3.00532916666667      -0.201432233207495     
   1.80399750000000        3.30566208333333      -0.185660077629628     
   1.80399750000000        3.60599500000000      -0.170886039827032     
   1.80399750000000        3.90632791666667      -0.157122501984224     
   1.80399750000000        4.20666083333333      -0.144629955479802     
   1.80399750000000        4.50699375000000      -0.133537938982179     
   1.80399750000000        4.80732666666667      -0.123673755950346     
   1.80399750000000        5.10765958333333      -0.114690566789687     
   1.80399750000000        5.40799250000000      -0.106327373652964     
   1.80399750000000        5.70832541666667      -9.854938991876097E-002
   1.80399750000000        6.00865833333333      -9.147499004643882E-002
   1.80399750000000        6.30899125000000      -8.523530330177377E-002
   1.80399750000000        6.60932416666667      -7.989819564434715E-002
   1.80399750000000        6.90965708333333      -7.530216445774056E-002
   1.80399750000000        7.20999000000000      -7.109259465108274E-002
   2.10433041666667       2.000000000000000E-003 -0.600632031065541     
   2.10433041666667       0.302332916666667      -0.586461020983805     
   2.10433041666667       0.602665833333333      -0.547972870047720     
   2.10433041666667       0.902998750000000      -0.494525972883941     
   2.10433041666667        1.20333166666667      -0.435249050526323     
   2.10433041666667        1.50366458333333      -0.377929027356056     
   2.10433041666667        1.80399750000000      -0.327666610522364     
   2.10433041666667        2.10433041666667      -0.286761728878535     
   2.10433041666667        2.40466333333333      -0.255059426968923     
   2.10433041666667        2.70499625000000      -0.230660443125501     
   2.10433041666667        3.00532916666667      -0.210980454569201     
   2.10433041666667        3.30566208333333      -0.193820174246514     
   2.10433041666667        3.60599500000000      -0.177985893496610     
   2.10433041666667        3.90632791666667      -0.163266131638557     
   2.10433041666667        4.20666083333333      -0.149937654573278     
   2.10433041666667        4.50699375000000      -0.138184817689389     
   2.10433041666667        4.80732666666667      -0.127808442858907     
   2.10433041666667        5.10765958333333      -0.118349095828562     
   2.10433041666667        5.40799250000000      -0.109427422810036     
   2.10433041666667        5.70832541666667      -0.100974635518169     
   2.10433041666667        6.00865833333333      -9.318767284692636E-002
   2.10433041666667        6.30899125000000      -8.630368490141208E-002
   2.10433041666667        6.60932416666667      -8.040706213160249E-002
   2.10433041666667        6.90965708333333      -7.539515777852739E-002
   2.10433041666667        7.20999000000000      -7.096279941232878E-002
   2.40466333333333       2.000000000000000E-003 -0.801561857840779     
   2.40466333333333       0.302332916666667      -0.775188695814032     
   2.40466333333333       0.602665833333333      -0.705156813350365     
   2.40466333333333       0.902998750000000      -0.613737513539544     
   2.40466333333333        1.20333166666667      -0.520451781687859     
   2.40466333333333        1.50366458333333      -0.436413644796939     
   2.40466333333333        1.80399750000000      -0.366435391414011     
   2.40466333333333        2.10433041666667      -0.311695209807141     
   2.40466333333333        2.40466333333333      -0.270939771429658     
   2.40466333333333        2.70499625000000      -0.241177269717249     
   2.40466333333333        3.00532916666667      -0.218668033673862     
   2.40466333333333        3.30566208333333      -0.200119803883786     
   2.40466333333333        3.60599500000000      -0.183512991321562     
   2.40466333333333        3.90632791666667      -0.168187459560455     
   2.40466333333333        4.20666083333333      -0.154294181464681     
   2.40466333333333        4.50699375000000      -0.142043718566270     
   2.40466333333333        4.80732666666667      -0.131249947710180     
   2.40466333333333        5.10765958333333      -0.121389604932904     
   2.40466333333333        5.40799250000000      -0.111986126554730     
   2.40466333333333        5.70832541666667      -0.102919205841226     
   2.40466333333333        6.00865833333333      -9.442287124600826E-002
   2.40466333333333        6.30899125000000      -8.684743129900391E-002
   2.40466333333333        6.60932416666667      -8.043024979002981E-002
   2.40466333333333        6.90965708333333      -7.519687758665110E-002
   2.40466333333333        7.20999000000000      -7.087970424436814E-002
   2.70499625000000       2.000000000000000E-003  -1.07046157589375     
   2.70499625000000       0.302332916666667       -1.02843934258591     
   2.70499625000000       0.602665833333333      -0.915118816798055     
   2.70499625000000       0.902998750000000      -0.764148889619780     
   2.70499625000000        1.20333166666667      -0.619460570293396     
   2.70499625000000        1.50366458333333      -0.500559142859621     
   2.70499625000000        1.80399750000000      -0.407230523166876     
   2.70499625000000        2.10433041666667      -0.336883741329221     
   2.70499625000000        2.40466333333333      -0.286060409809764     
   2.70499625000000        2.70499625000000      -0.250324423697192     
   2.70499625000000        3.00532916666667      -0.224698395051138     
   2.70499625000000        3.30566208333333      -0.204746770673243     
   2.70499625000000        3.60599500000000      -0.187538742762586     
   2.70499625000000        3.90632791666667      -0.171859297230759     
   2.70499625000000        4.20666083333333      -0.157638296445289     
   2.70499625000000        4.50699375000000      -0.145060583796613     
   2.70499625000000        4.80732666666667      -0.133953825472895     
   2.70499625000000        5.10765958333333      -0.123763710858528     
   2.70499625000000        5.40799250000000      -0.113941736702128     
   2.70499625000000        5.70832541666667      -0.104302283806907     
   2.70499625000000        6.00865833333333      -9.505948455538166E-002
   2.70499625000000        6.30899125000000      -8.661276515775418E-002
   2.70499625000000        6.60932416666667      -7.950440915791215E-002
   2.70499625000000        6.90965708333333      -7.428195522870688E-002
   2.70499625000000        7.20999000000000      -7.054957328281442E-002
   3.00532916666667       2.000000000000000E-003  -1.36856914405056     
   3.00532916666667       0.302332916666667       -1.31179017081786     
   3.00532916666667       0.602665833333333       -1.14981140485490     
   3.00532916666667       0.902998750000000      -0.932587316244004     
   3.00532916666667        1.20333166666667      -0.722744356566087     
   3.00532916666667        1.50366458333333      -0.562390442110934     
   3.00532916666667        1.80399750000000      -0.444805640736936     
   3.00532916666667        2.10433041666667      -0.359355446991096     
   3.00532916666667        2.40466333333333      -0.299049598541739     
   3.00532916666667        2.70499625000000      -0.257707988664078     
   3.00532916666667        3.00532916666667      -0.229152263754798     
   3.00532916666667        3.30566208333333      -0.207909384566055     
   3.00532916666667        3.60599500000000      -0.190221613898243     
   3.00532916666667        3.90632791666667      -0.174350509399806     
   3.00532916666667        4.20666083333333      -0.159976836112684     
   3.00532916666667        4.50699375000000      -0.147217014762218     
   3.00532916666667        4.80732666666667      -0.135898342022817     
   3.00532916666667        5.10765958333333      -0.125453449155386     
   3.00532916666667        5.40799250000000      -0.115282811392671     
   3.00532916666667        5.70832541666667      -0.105120536917648     
   3.00532916666667        6.00865833333333      -9.506931847646491E-002
   3.00532916666667        6.30899125000000      -8.548855991036138E-002
   3.00532916666667        6.60932416666667      -7.753731850049760E-002
   3.00532916666667        6.90965708333333      -7.246950925549098E-002
   3.00532916666667        7.20999000000000      -6.975445387036537E-002
   3.30566208333333       2.000000000000000E-003  -1.60570599518052     
   3.30566208333333       0.302332916666667       -1.54555403030182     
   3.30566208333333       0.602665833333333       -1.34843656113273     
   3.30566208333333       0.902998750000000       -1.07089640715395     
   3.30566208333333        1.20333166666667      -0.807474857429619     
   3.30566208333333        1.50366458333333      -0.609013976883806     
   3.30566208333333        1.80399750000000      -0.471940586836666     
   3.30566208333333        2.10433041666667      -0.375193924922151     
   3.30566208333333        2.40466333333333      -0.308002392644913     
   3.30566208333333        2.70499625000000      -0.262614790044996     
   3.30566208333333        3.00532916666667      -0.231931857004670     
   3.30566208333333        3.30566208333333      -0.209743463320073     
   3.30566208333333        3.60599500000000      -0.191722298719362     
   3.30566208333333        3.90632791666667      -0.175766724047333     
   3.30566208333333        4.20666083333333      -0.161349542665918     
   3.30566208333333        4.50699375000000      -0.148509882781322     
   3.30566208333333        4.80732666666667      -0.137070603658926     
   3.30566208333333        5.10765958333333      -0.126461119366333     
   3.30566208333333        5.40799250000000      -0.116047187395383     
   3.30566208333333        5.70832541666667      -0.105481805708756     
   3.30566208333333        6.00865833333333      -9.467643802905981E-002
   3.30566208333333        6.30899125000000      -8.400336950674525E-002
   3.30566208333333        6.60932416666667      -7.502721317359015E-002
   3.30566208333333        6.90965708333333      -7.005517604101444E-002
   3.30566208333333        7.20999000000000      -6.812540009012565E-002
   3.60599500000000       2.000000000000000E-003  -1.76621554819382     
   3.60599500000000       0.302332916666667       -1.64146162656151     
   3.60599500000000       0.602665833333333       -1.42835451333462     
   3.60599500000000       0.902998750000000       -1.12561916843791     
   3.60599500000000        1.20333166666667      -0.840717201334884     
   3.60599500000000        1.50366458333333      -0.626678513344215     
   3.60599500000000        1.80399750000000      -0.481940291182427     
   3.60599500000000        2.10433041666667      -0.380948689186617     
   3.60599500000000        2.40466333333333      -0.311220311407735     
   3.60599500000000        2.70499625000000      -0.264350324564661     
   3.60599500000000        3.00532916666667      -0.232885611841568     
   3.60599500000000        3.30566208333333      -0.210345557177060     
   3.60599500000000        3.60599500000000      -0.192201701545270     
   3.60599500000000        3.90632791666667      -0.176227414628244     
   3.60599500000000        4.20666083333333      -0.161808437382975     
   3.60599500000000        4.50699375000000      -0.148948297739269     
   3.60599500000000        4.80732666666667      -0.137469487709716     
   3.60599500000000        5.10765958333333      -0.126801550319276     
   3.60599500000000        5.40799250000000      -0.116296111144682     
   3.60599500000000        5.70832541666667      -0.105567595120515     
   3.60599500000000        6.00865833333333      -9.442529773579247E-002
   3.60599500000000        6.30899125000000      -8.324628556136271E-002
   3.60599500000000        6.60932416666667      -7.369755261493763E-002
   3.60599500000000        6.90965708333333      -6.873324902595190E-002
   3.60599500000000        7.20999000000000      -6.595764290497992E-002
   3.90632791666667       2.000000000000000E-003  -1.60572381276537     
   3.90632791666667       0.302332916666667       -1.54628628180016     
   3.90632791666667       0.602665833333333       -1.34914148925747     
   3.90632791666667       0.902998750000000       -1.07136211601257     
   3.90632791666667        1.20333166666667      -0.807734101667772     
   3.90632791666667        1.50366458333333      -0.609150501442423     
   3.90632791666667        1.80399750000000      -0.472013151992722     
   3.90632791666667        2.10433041666667      -0.375229463101511     
   3.90632791666667        2.40466333333333      -0.308019770875867     
   3.90632791666667        2.70499625000000      -0.262628114805906     
   3.90632791666667        3.00532916666667      -0.231949578730389     
   3.90632791666667        3.30566208333333      -0.209768381438179     
   3.90632791666667        3.60599500000000      -0.191753159488353     
   3.90632791666667        3.90632791666667      -0.175800480149537     
   3.90632791666667        4.20666083333333      -0.161383427313949     
   3.90632791666667        4.50699375000000      -0.148542167316835     
   3.90632791666667        4.80732666666667      -0.137099999464682     
   3.90632791666667        5.10765958333333      -0.126485722716520     
   3.90632791666667        5.40799250000000      -0.116063132371378     
   3.90632791666667        5.70832541666667      -0.105481044393641     
   3.90632791666667        6.00865833333333      -9.463859192959534E-002
   3.90632791666667        6.30899125000000      -8.389800208993360E-002
   3.90632791666667        6.60932416666667      -7.483821172819630E-002
   3.90632791666667        6.90965708333333      -6.984158757175297E-002
   3.90632791666667        7.20999000000000      -6.809531866102241E-002
   4.20666083333333       2.000000000000000E-003  -1.36859289114257     
   4.20666083333333       0.302332916666667       -1.31250722811347     
   4.20666083333333       0.602665833333333       -1.15065248204267     
   4.20666083333333       0.902998750000000      -0.933220839548812     
   4.20666083333333        1.20333166666667      -0.723126843539446     
   4.20666083333333        1.50366458333333      -0.562615379918662     
   4.20666083333333        1.80399750000000      -0.444933149291803     
   4.20666083333333        2.10433041666667      -0.359423136733417     
   4.20666083333333        2.40466333333333      -0.299088249182285     
   4.20666083333333        2.70499625000000      -0.257741679423818     
   4.20666083333333        3.00532916666667      -0.229195494704293     
   4.20666083333333        3.30566208333333      -0.207966731482550     
   4.20666083333333        3.60599500000000      -0.190290188585127     
   4.20666083333333        3.90632791666667      -0.174424150477734     
   4.20666083333333        4.20666083333333      -0.160049955027761     
   4.20666083333333        4.50699375000000      -0.147286125681587     
   4.20666083333333        4.80732666666667      -0.135961307481029     
   4.20666083333333        5.10765958333333      -0.125507604145096     
   4.20666083333333        5.40799250000000      -0.115322969881619     
   4.20666083333333        5.70832541666667      -0.105136576080418     
   4.20666083333333        6.00865833333333      -9.503966138263262E-002
   4.20666083333333        6.30899125000000      -8.537579970788331E-002
   4.20666083333333        6.60932416666667      -7.734166332045006E-002
   4.20666083333333        6.90965708333333      -7.227484072905294E-002
   4.20666083333333        7.20999000000000      -6.972431808213299E-002
   4.50699375000000       2.000000000000000E-003  -1.07048191349322     
   4.50699375000000       0.302332916666667       -1.02892364324708     
   4.50699375000000       0.602665833333333      -0.915763946139432     
   4.50699375000000       0.902998750000000      -0.764691998268712     
   4.50699375000000        1.20333166666667      -0.619843943411925     
   4.50699375000000        1.50366458333333      -0.500813356281103     
   4.50699375000000        1.80399750000000      -0.407387325095113     
   4.50699375000000        2.10433041666667      -0.336977003463226     
   4.50699375000000        2.40466333333333      -0.286124386711722     
   4.50699375000000        2.70499625000000      -0.250387574031706     
   4.50699375000000        3.00532916666667      -0.224778010408391     
   4.50699375000000        3.30566208333333      -0.204847718164471     
   4.50699375000000        3.60599500000000      -0.187656216246291     
   4.50699375000000        3.90632791666667      -0.171983845194570     
   4.50699375000000        4.20666083333333      -0.157761172919798     
   4.50699375000000        4.50699375000000      -0.145176178538892     
   4.50699375000000        4.80732666666667      -0.134059265019733     
   4.50699375000000        5.10765958333333      -0.123856961975315     
   4.50699375000000        5.40799250000000      -0.114019382556303     
   4.50699375000000        5.70832541666667      -0.104358019229956     
   4.50699375000000        6.00865833333333      -9.508235788993874E-002
   4.50699375000000        6.30899125000000      -8.658557435702352E-002
   4.50699375000000        6.60932416666667      -7.943086627117309E-002
   4.50699375000000        6.90965708333333      -7.422825645452207E-002
   4.50699375000000        7.20999000000000      -7.060544672366451E-002
   4.80732666666667       2.000000000000000E-003 -0.801576997336842     
   4.80732666666667       0.302332916666667      -0.775471852476811     
   4.80732666666667       0.602665833333333      -0.705564634564373     
   4.80732666666667       0.902998750000000      -0.614137339454779     
   4.80732666666667        1.20333166666667      -0.520779919549436     
   4.80732666666667        1.50366458333333      -0.436653421441346     
   4.80732666666667        1.80399750000000      -0.366596818823261     
   4.80732666666667        2.10433041666667      -0.311804238520997     
   4.80732666666667        2.40466333333333      -0.271028515180585     
   4.80732666666667        2.70499625000000      -0.241274314052918     
   4.80732666666667        3.00532916666667      -0.218791115136988     
   4.80732666666667        3.30566208333333      -0.200273479115356     
   4.80732666666667        3.60599500000000      -0.183690709652187     
   4.80732666666667        3.90632791666667      -0.168376585980299     
   4.80732666666667        4.20666083333333      -0.154481736489407     
   4.80732666666667        4.50699375000000      -0.142220582983282     
   4.80732666666667        4.80732666666667      -0.131411725368216     
   4.80732666666667        5.10765958333333      -0.121535239140723     
   4.80732666666667        5.40799250000000      -0.112115894176835     
   4.80732666666667        5.70832541666667      -0.103033376884851     
   4.80732666666667        6.00865833333333      -9.452171782713929E-002
   4.80732666666667        6.30899125000000      -8.693328497100621E-002
   4.80732666666667        6.60932416666667      -8.051391949957440E-002
   4.80732666666667        6.90965708333333      -7.530744536287269E-002
   4.80732666666667        7.20999000000000      -7.105420741479901E-002
   5.10765958333333       2.000000000000000E-003 -0.600644009459925     
   5.10765958333333       0.302332916666667      -0.586627699448846     
   5.10765958333333       0.602665833333333      -0.548235718399280     
   5.10765958333333       0.902998750000000      -0.494811733336314     
   5.10765958333333        1.20333166666667      -0.435504177604323     
   5.10765958333333        1.50366458333333      -0.378129055287657     
   5.10765958333333        1.80399750000000      -0.327812907879644     
   5.10765958333333        2.10433041666667      -0.286873759838478     
   5.10765958333333        2.40466333333333      -0.255165133179810     
   5.10765958333333        2.70499625000000      -0.230786473347195     
   5.10765958333333        3.00532916666667      -0.211144926696945     
   5.10765958333333        3.30566208333333      -0.194028824137309     
   5.10765958333333        3.60599500000000      -0.178231836943928     
   5.10765958333333        3.90632791666667      -0.163533326555518     
   5.10765958333333        4.20666083333333      -0.150207190322595     
   5.10765958333333        4.50699375000000      -0.138441392416012     
   5.10765958333333        4.80732666666667      -0.128043813275543     
   5.10765958333333        5.10765958333333      -0.118562252380315     
   5.10765958333333        5.40799250000000      -0.109622548179860     
   5.10765958333333        5.70832541666667      -0.101159171919124     
   5.10765958333333        6.00865833333333      -9.337161281021915E-002
   5.10765958333333        6.30899125000000      -8.649992314082587E-002
   5.10765958333333        6.60932416666667      -8.063024097660446E-002
   5.10765958333333        6.90965708333333      -7.565528542957978E-002
   5.10765958333333        7.20999000000000      -7.125988671510677E-002
   5.40799250000000       2.000000000000000E-003 -0.465491815068869     
   5.40799250000000       0.302332916666667      -0.457487793092252     
   5.40799250000000       0.602665833333333      -0.435347531796994     
   5.40799250000000       0.902998750000000      -0.403123466682042     
   5.40799250000000        1.20333166666667      -0.366081132219458     
   5.40799250000000        1.50366458333333      -0.328577229684726     
   5.40799250000000        1.80399750000000      -0.293625758911913     
   5.40799250000000        2.10433041666667      -0.263641686174349     
   5.40799250000000        2.40466333333333      -0.239080977818446     
   5.40799250000000        2.70499625000000      -0.218926095300066     
   5.40799250000000        3.00532916666667      -0.201626773425286     
   5.40799250000000        3.30566208333333      -0.185918497347185     
   5.40799250000000        3.60599500000000      -0.171204247403770     
   5.40799250000000        3.90632791666667      -0.157480702684471     
   5.40799250000000        4.20666083333333      -0.144999663344809     
   5.40799250000000        4.50699375000000      -0.133893342555998     
   5.40799250000000        4.80732666666667      -0.123999855761522     
   5.40799250000000        5.10765958333333      -0.114984822347533     
   5.40799250000000        5.40799250000000      -0.106597139179514     
   5.40799250000000        5.70832541666667      -9.880879371200786E-002
   5.40799250000000        6.00865833333333      -9.174363433865625E-002
   5.40799250000000        6.30899125000000      -8.553571902396073E-002
   5.40799250000000        6.60932416666667      -8.024551695333129E-002
   5.40799250000000        6.90965708333333      -7.569389685782535E-002
   5.40799250000000        7.20999000000000      -7.150338927193506E-002
   5.70832541666667       2.000000000000000E-003 -0.373782277937130     
   5.70832541666667       0.302332916666667      -0.369323420452304     
   5.70832541666667       0.602665833333333      -0.356490989213433     
   5.70832541666667       0.902998750000000      -0.336992556592448     
   5.70832541666667        1.20333166666667      -0.313472671514844     
   5.70832541666667        1.50366458333333      -0.288668710958654     
   5.70832541666667        1.80399750000000      -0.264555249133032     
   5.70832541666667        2.10433041666667      -0.242313750585843     
   5.70832541666667        2.40466333333333      -0.222725614120023     
   5.70832541666667        2.70499625000000      -0.205527524206101     
   5.70832541666667        3.00532916666667      -0.190087237868061     
   5.70832541666667        3.30566208333333      -0.175919467675887     
   5.70832541666667        3.60599500000000      -0.162744183985576     
   5.70832541666667        3.90632791666667      -0.150426140013460     
   5.70832541666667        4.20666083333333      -0.139030018436099     
   5.70832541666667        4.50699375000000      -0.128684715381877     
   5.70832541666667        4.80732666666667      -0.119356721275042     
   5.70832541666667        5.10765958333333      -0.110880799972776     
   5.70832541666667        5.40799250000000      -0.103131943284119     
   5.70832541666667        5.70832541666667      -9.608984964988090E-002
   5.70832541666667        6.00865833333333      -8.975577985871674E-002
   5.70832541666667        6.30899125000000      -8.424121036833536E-002
   5.70832541666667        6.60932416666667      -7.966938448179636E-002
   5.70832541666667        6.90965708333333      -7.584309147109490E-002
   5.70832541666667        7.20999000000000      -7.211593553452433E-002
   6.00865833333333       2.000000000000000E-003 -0.310654436671922     
   6.00865833333333       0.302332916666667      -0.308703348525854     
   6.00865833333333       0.602665833333333      -0.302155483055885     
   6.00865833333333       0.902998750000000      -0.290587723053373     
   6.00865833333333        1.20333166666667      -0.275237301503568     
   6.00865833333333        1.50366458333333      -0.257915233847158     
   6.00865833333333        1.80399750000000      -0.240054455320957     
   6.00865833333333        2.10433041666667      -0.222508904168744     
   6.00865833333333        2.40466333333333      -0.205911491818131     
   6.00865833333333        2.70499625000000      -0.190499181570619     
   6.00865833333333        3.00532916666667      -0.176442934600598     
   6.00865833333333        3.30566208333333      -0.164095632631443     
   6.00865833333333        3.60599500000000      -0.153229101710203     
   6.00865833333333        3.90632791666667      -0.142839792560184     
   6.00865833333333        4.20666083333333      -0.132588626282889     
   6.00865833333333        4.50699375000000      -0.122956249200704     
   6.00865833333333        4.80732666666667      -0.114209725023645     
   6.00865833333333        5.10765958333333      -0.106345074215867     
   6.00865833333333        5.40799250000000      -9.932918879447519E-002
   6.00865833333333        5.70832541666667      -9.310803579974876E-002
   6.00865833333333        6.00865833333333      -8.754708749546655E-002
   6.00865833333333        6.30899125000000      -8.274323675599088E-002
   6.00865833333333        6.60932416666667      -7.904575699707012E-002
   6.00865833333333        6.90965708333333      -7.641237266439894E-002
   6.00865833333333        7.20999000000000      -7.350700092414304E-002
   6.30899125000000       2.000000000000000E-003 -0.264034814593300     
   6.30899125000000       0.302332916666667      -0.265061723355791     
   6.30899125000000       0.602665833333333      -0.264153209441285     
   6.30899125000000       0.902998750000000      -0.257774373302653     
   6.30899125000000        1.20333166666667      -0.246955548855673     
   6.30899125000000        1.50366458333333      -0.233619165444024     
   6.30899125000000        1.80399750000000      -0.219017281813619     
   6.30899125000000        2.10433041666667      -0.203849463629222     
   6.30899125000000        2.40466333333333      -0.188715492499490     
   6.30899125000000        2.70499625000000      -0.173862378131372     
   6.30899125000000        3.00532916666667      -0.160533094246371     
   6.30899125000000        3.30566208333333      -0.150572399715983     
   6.30899125000000        3.60599500000000      -0.143094800826406     
   6.30899125000000        3.90632791666667      -0.135162834160220     
   6.30899125000000        4.20666083333333      -0.125884481974663     
   6.30899125000000        4.50699375000000      -0.116732931521572     
   6.30899125000000        4.80732666666667      -0.108617526434975     
   6.30899125000000        5.10765958333333      -0.101462103239678     
   6.30899125000000        5.40799250000000      -9.530683570006489E-002
   6.30899125000000        5.70832541666667      -9.005338261553172E-002
   6.30899125000000        6.00865833333333      -8.537373146918159E-002
   6.30899125000000        6.30899125000000      -8.121991603044540E-002
   6.30899125000000        6.60932416666667      -7.827885895802350E-002
   6.30899125000000        6.90965708333333      -7.742409911693349E-002
   6.30899125000000        7.20999000000000      -7.606177521732442E-002
   6.60932416666667       2.000000000000000E-003 -0.226230701458492     
   6.60932416666667       0.302332916666667      -0.231843539032287     
   6.60932416666667       0.602665833333333      -0.236377897972621     
   6.60932416666667       0.902998750000000      -0.233123088511265     
   6.60932416666667        1.20333166666667      -0.224495401435438     
   6.60932416666667        1.50366458333333      -0.213044503174438     
   6.60932416666667        1.80399750000000      -0.200101191576060     
   6.60932416666667        2.10433041666667      -0.186267742598085     
   6.60932416666667        2.40466333333333      -0.171778522669391     
   6.60932416666667        2.70499625000000      -0.156722595373283     
   6.60932416666667        3.00532916666667      -0.144074699130744     
   6.60932416666667        3.30566208333333      -0.136875536774894     
   6.60932416666667        3.60599500000000      -0.134127490694277     
   6.60932416666667        3.90632791666667      -0.128344866608543     
   6.60932416666667        4.20666083333333      -0.118937608132679     
   6.60932416666667        4.50699375000000      -0.109865539959356     
   6.60932416666667        4.80732666666667      -0.102573089910692     
   6.60932416666667        5.10765958333333      -9.631274741522207E-002
   6.60932416666667        5.40799250000000      -9.120285469717802E-002
   6.60932416666667        5.70832541666667      -8.712144458024863E-002
   6.60932416666667        6.00865833333333      -8.359964389365532E-002
   6.60932416666667        6.30899125000000      -8.013880853884556E-002
   6.60932416666667        6.60932416666667      -7.713658431948998E-002
   6.60932416666667        6.90965708333333      -7.756794727729752E-002
   6.60932416666667        7.20999000000000      -7.905020619687013E-002
   6.90965708333333       2.000000000000000E-003 -0.206517803280223     
   6.90965708333333       0.302332916666667      -0.213195217803265     
   6.90965708333333       0.602665833333333      -0.215388977579472     
   6.90965708333333       0.902998750000000      -0.212432472063181     
   6.90965708333333        1.20333166666667      -0.204804224054116     
   6.90965708333333        1.50366458333333      -0.194437079709340     
   6.90965708333333        1.80399750000000      -0.182692469687045     
   6.90965708333333        2.10433041666667      -0.170146902829001     
   6.90965708333333        2.40466333333333      -0.156599765245531     
   6.90965708333333        2.70499625000000      -0.142594548118783     
   6.90965708333333        3.00532916666667      -0.131081399445971     
   6.90965708333333        3.30566208333333      -0.126871870028302     
   6.90965708333333        3.60599500000000      -0.129605255006559     
   6.90965708333333        3.90632791666667      -0.122495997285656     
   6.90965708333333        4.20666083333333      -0.111442966938293     
   6.90965708333333        4.50699375000000      -0.102645887571597     
   6.90965708333333        4.80732666666667      -9.624225857597020E-002
   6.90965708333333        5.10765958333333      -9.112511869489863E-002
   6.90965708333333        5.40799250000000      -8.707316535203233E-002
   6.90965708333333        5.70832541666667      -8.426169798616696E-002
   6.90965708333333        6.00865833333333      -8.223836550489563E-002
   6.90965708333333        6.30899125000000      -8.016950677848850E-002
   6.90965708333333        6.60932416666667      -7.708586737241334E-002
   6.90965708333333        6.90965708333333      -7.470500506605711E-002
   6.90965708333333        7.20999000000000      -7.730460312263940E-002
   7.20999000000000       2.000000000000000E-003 -0.201355838947028     
   7.20999000000000       0.302332916666667      -0.204047532414052     
   7.20999000000000       0.602665833333333      -0.198555084829733     
   7.20999000000000       0.902998750000000      -0.193834857980562     
   7.20999000000000        1.20333166666667      -0.186555109458993     
   7.20999000000000        1.50366458333333      -0.177205456842706     
   7.20999000000000        1.80399750000000      -0.166828985245801     
   7.20999000000000        2.10433041666667      -0.156087946365968     
   7.20999000000000        2.40466333333333      -0.144974021867582     
   7.20999000000000        2.70499625000000      -0.134386958687330     
   7.20999000000000        3.00532916666667      -0.126897208625673     
   7.20999000000000        3.30566208333333      -0.125719104066913     
   7.20999000000000        3.60599500000000      -0.126981198049230     
   7.20999000000000        3.90632791666667      -0.114789331811206     
   7.20999000000000        4.20666083333333      -0.104046714369527     
   7.20999000000000        4.50699375000000      -9.607003554464941E-002
   7.20999000000000        4.80732666666667      -9.042053676767003E-002
   7.20999000000000        5.10765958333333      -8.612995133746724E-002
   7.20999000000000        5.40799250000000      -8.290773595857197E-002
   7.20999000000000        5.70832541666667      -8.104644740323323E-002
   7.20999000000000        6.00865833333333      -8.020675254479019E-002
   7.20999000000000        6.30899125000000      -7.964867896273362E-002
   7.20999000000000        6.60932416666667      -7.833462276285509E-002
   7.20999000000000        6.90965708333333      -7.566480149958163E-002
   7.20999000000000        7.20999000000000      -7.103432271252222E-002
