  2.000000000000000E-003  2.000000000000000E-003 -4.755957266677059E-002
  2.000000000000000E-003  0.302332916666667      -3.579048136572679E-002
  2.000000000000000E-003  0.602665833333333      -2.676844387834442E-002
  2.000000000000000E-003  0.902998750000000      -2.258285756285803E-002
  2.000000000000000E-003   1.20333166666667      -2.085062818131293E-002
  2.000000000000000E-003   1.50366458333333      -2.031464862251281E-002
  2.000000000000000E-003   1.80399750000000      -2.030157172273687E-002
  2.000000000000000E-003   2.10433041666667      -2.043579676373756E-002
  2.000000000000000E-003   2.40466333333333      -2.073017900031461E-002
  2.000000000000000E-003   2.70499625000000      -2.095311761218312E-002
  2.000000000000000E-003   3.00532916666667      -2.050581154106763E-002
  2.000000000000000E-003   3.30566208333333      -1.836681058916648E-002
  2.000000000000000E-003   3.60599500000000      -1.485476400723907E-002
  2.000000000000000E-003   3.90632791666667      -1.708272824552298E-002
  2.000000000000000E-003   4.20666083333333      -1.785262551749151E-002
  2.000000000000000E-003   4.50699375000000      -1.705784960538640E-002
  2.000000000000000E-003   4.80732666666667      -1.538375733027874E-002
  2.000000000000000E-003   5.10765958333333      -1.350499690361996E-002
  2.000000000000000E-003   5.40799250000000      -1.177066516063923E-002
  2.000000000000000E-003   5.70832541666667      -1.003607662620782E-002
  2.000000000000000E-003   6.00865833333333      -8.503211729843675E-003
  2.000000000000000E-003   6.30899125000000      -7.568889284640686E-003
  2.000000000000000E-003   6.60932416666667      -7.394456377314878E-003
  2.000000000000000E-003   6.90965708333333      -6.514426684712287E-003
  2.000000000000000E-003   7.20999000000000      -5.035300353796177E-003
  0.302332916666667       2.000000000000000E-003 -6.667929675212635E-002
  0.302332916666667       0.302332916666667      -4.815959350450436E-002
  0.302332916666667       0.602665833333333      -3.209520137346605E-002
  0.302332916666667       0.902998750000000      -2.535105964570748E-002
  0.302332916666667        1.20333166666667      -2.262706849780165E-002
  0.302332916666667        1.50366458333333      -2.160946818927193E-002
  0.302332916666667        1.80399750000000      -2.131374005224759E-002
  0.302332916666667        2.10433041666667      -2.133844181551092E-002
  0.302332916666667        2.40466333333333      -2.171809275477237E-002
  0.302332916666667        2.70499625000000      -2.237367941876559E-002
  0.302332916666667        3.00532916666667      -2.254338492360546E-002
  0.302332916666667        3.30566208333333      -2.074305271188755E-002
  0.302332916666667        3.60599500000000      -1.668956496488395E-002
  0.302332916666667        3.90632791666667      -1.581109621839539E-002
  0.302332916666667        4.20666083333333      -1.634253483139346E-002
  0.302332916666667        4.50699375000000      -1.592075380745363E-002
  0.302332916666667        4.80732666666667      -1.459322588432085E-002
  0.302332916666667        5.10765958333333      -1.298914361528547E-002
  0.302332916666667        5.40799250000000      -1.141827773976458E-002
  0.302332916666667        5.70832541666667      -9.862398757731067E-003
  0.302332916666667        6.00865833333333      -8.565419941601985E-003
  0.302332916666667        6.30899125000000      -7.883922044628979E-003
  0.302332916666667        6.60932416666667      -7.812879235780093E-003
  0.302332916666667        6.90965708333333      -6.773010890420313E-003
  0.302332916666667        7.20999000000000      -4.699581092159129E-003
  0.602665833333333       2.000000000000000E-003 -7.090207673700316E-002
  0.602665833333333       0.302332916666667      -5.775925634627074E-002
  0.602665833333333       0.602665833333333      -3.990485838601566E-002
  0.602665833333333       0.902998750000000      -3.017529456391609E-002
  0.602665833333333        1.20333166666667      -2.570481228241935E-002
  0.602665833333333        1.50366458333333      -2.363278358448883E-002
  0.602665833333333        1.80399750000000      -2.263871419931853E-002
  0.602665833333333        2.10433041666667      -2.215971192418923E-002
  0.602665833333333        2.40466333333333      -2.204737432484421E-002
  0.602665833333333        2.70499625000000      -2.231435902742551E-002
  0.602665833333333        3.00532916666667      -2.211517080447155E-002
  0.602665833333333        3.30566208333333      -2.044190843840847E-002
  0.602665833333333        3.60599500000000      -1.746749126990146E-002
  0.602665833333333        3.90632791666667      -1.564411004876724E-002
  0.602665833333333        4.20666083333333      -1.522155916810012E-002
  0.602665833333333        4.50699375000000      -1.473859767099022E-002
  0.602665833333333        4.80732666666667      -1.368051677994159E-002
  0.602665833333333        5.10765958333333      -1.240121802972733E-002
  0.602665833333333        5.40799250000000      -1.102974043433502E-002
  0.602665833333333        5.70832541666667      -9.682516404722532E-003
  0.602665833333333        6.00865833333333      -8.565616768172753E-003
  0.602665833333333        6.30899125000000      -7.819491589741144E-003
  0.602665833333333        6.60932416666667      -7.136649890224047E-003
  0.602665833333333        6.90965708333333      -5.712798413988788E-003
  0.602665833333333        7.20999000000000      -4.705519518525050E-003
  0.902998750000000       2.000000000000000E-003 -6.103223072959977E-002
  0.902998750000000       0.302332916666667      -5.459236070125487E-002
  0.902998750000000       0.602665833333333      -4.284626229382323E-002
  0.902998750000000       0.902998750000000      -3.394927597358558E-002
  0.902998750000000        1.20333166666667      -2.871323118342538E-002
  0.902998750000000        1.50366458333333      -2.572987957792849E-002
  0.902998750000000        1.80399750000000      -2.395017319945319E-002
  0.902998750000000        2.10433041666667      -2.284647480646294E-002
  0.902998750000000        2.40466333333333      -2.208699212937970E-002
  0.902998750000000        2.70499625000000      -2.154949760980153E-002
  0.902998750000000        3.00532916666667      -2.085648805082399E-002
  0.902998750000000        3.30566208333333      -1.937327135811511E-002
  0.902998750000000        3.60599500000000      -1.731262221249771E-002
  0.902998750000000        3.90632791666667      -1.565059078552527E-002
  0.902998750000000        4.20666083333333      -1.470179634146352E-002
  0.902998750000000        4.50699375000000      -1.392838980919109E-002
  0.902998750000000        4.80732666666667      -1.297445566774131E-002
  0.902998750000000        5.10765958333333      -1.184948076869925E-002
  0.902998750000000        5.40799250000000      -1.062346562256660E-002
  0.902998750000000        5.70832541666667      -9.430650523103469E-003
  0.902998750000000        6.00865833333333      -8.413819310170663E-003
  0.902998750000000        6.30899125000000      -7.583743844062354E-003
  0.902998750000000        6.60932416666667      -6.709185548350548E-003
  0.902998750000000        6.90965708333333      -5.639908491794174E-003
  0.902998750000000        7.20999000000000      -5.000082084859111E-003
   1.20333166666667       2.000000000000000E-003 -5.209372281243243E-002
   1.20333166666667       0.302332916666667      -4.898239930669748E-002
   1.20333166666667       0.602665833333333      -4.222910565763612E-002
   1.20333166666667       0.902998750000000      -3.568241943954564E-002
   1.20333166666667        1.20333166666667      -3.079730989395746E-002
   1.20333166666667        1.50366458333333      -2.740014537269904E-002
   1.20333166666667        1.80399750000000      -2.504074398539250E-002
   1.20333166666667        2.10433041666667      -2.338410538482939E-002
   1.20333166666667        2.40466333333333      -2.207662392919526E-002
   1.20333166666667        2.70499625000000      -2.093231366861389E-002
   1.20333166666667        3.00532916666667      -1.976383135927945E-002
   1.20333166666667        3.30566208333333      -1.838565491480202E-002
   1.20333166666667        3.60599500000000      -1.682352123063082E-002
   1.20333166666667        3.90632791666667      -1.541460813615117E-002
   1.20333166666667        4.20666083333333      -1.432536174318021E-002
   1.20333166666667        4.50699375000000      -1.339456084138931E-002
   1.20333166666667        4.80732666666667      -1.242666242624921E-002
   1.20333166666667        5.10765958333333      -1.135304746646573E-002
   1.20333166666667        5.40799250000000      -1.020666962172118E-002
   1.20333166666667        5.70832541666667      -9.110568700720122E-003
   1.20333166666667        6.00865833333333      -8.173462557400183E-003
   1.20333166666667        6.30899125000000      -7.385091163632326E-003
   1.20333166666667        6.60932416666667      -6.633839435197731E-003
   1.20333166666667        6.90965708333333      -5.903995414427128E-003
   1.20333166666667        7.20999000000000      -5.417328486475805E-003
   1.50366458333333       2.000000000000000E-003 -4.660720348710824E-002
   1.50366458333333       0.302332916666667      -4.491943317590060E-002
   1.50366458333333       0.602665833333333      -4.088611824915925E-002
   1.50366458333333       0.902998750000000      -3.622210103066118E-002
   1.50366458333333        1.20333166666667      -3.201082919520238E-002
   1.50366458333333        1.50366458333333      -2.856551561936055E-002
   1.50366458333333        1.80399750000000      -2.589395856243649E-002
   1.50366458333333        2.10433041666667      -2.379696932474965E-002
   1.50366458333333        2.40466333333333      -2.207250224621616E-002
   1.50366458333333        2.70499625000000      -2.056222632155793E-002
   1.50366458333333        3.00532916666667      -1.913142378298191E-002
   1.50366458333333        3.30566208333333      -1.770295760245721E-002
   1.50366458333333        3.60599500000000      -1.630320883072845E-002
   1.50366458333333        3.90632791666667      -1.503044461283721E-002
   1.50366458333333        4.20666083333333      -1.392756893278995E-002
   1.50366458333333        4.50699375000000      -1.292554327699042E-002
   1.50366458333333        4.80732666666667      -1.192223095149434E-002
   1.50366458333333        5.10765958333333      -1.086891467460163E-002
   1.50366458333333        5.40799250000000      -9.791262943186264E-003
   1.50366458333333        5.70832541666667      -8.767910941927934E-003
   1.50366458333333        6.00865833333333      -7.911489806415435E-003
   1.50366458333333        6.30899125000000      -7.230511642265974E-003
   1.50366458333333        6.60932416666667      -6.662017644921182E-003
   1.50366458333333        6.90965708333333      -6.178062500914247E-003
   1.50366458333333        7.20999000000000      -5.825061780279328E-003
   1.80399750000000       2.000000000000000E-003 -4.409803903027041E-002
   1.80399750000000       0.302332916666667      -4.298038980235372E-002
   1.80399750000000       0.602665833333333      -4.013497348603422E-002
   1.80399750000000       0.902998750000000      -3.647965160895051E-002
   1.80399750000000        1.20333166666667      -3.275203511577737E-002
   1.80399750000000        1.50366458333333      -2.938699074880689E-002
   1.80399750000000        1.80399750000000      -2.652333461399643E-002
   1.80399750000000        2.10433041666667      -2.411142394419140E-002
   1.80399750000000        2.40466333333333      -2.206844393634748E-002
   1.80399750000000        2.70499625000000      -2.029492035779595E-002
   1.80399750000000        3.00532916666667      -1.869495314355388E-002
   1.80399750000000        3.30566208333333      -1.720938805799565E-002
   1.80399750000000        3.60599500000000      -1.583246012161661E-002
   1.80399750000000        3.90632791666667      -1.458579530704322E-002
   1.80399750000000        4.20666083333333      -1.346659214547768E-002
   1.80399750000000        4.50699375000000      -1.242639117785393E-002
   1.80399750000000        4.80732666666667      -1.140390860430895E-002
   1.80399750000000        5.10765958333333      -1.037378101665594E-002
   1.80399750000000        5.40799250000000      -9.366067800299707E-003
   1.80399750000000        5.70832541666667      -8.445393488642733E-003
   1.80399750000000        6.00865833333333      -7.675216871253177E-003
   1.80399750000000        6.30899125000000      -7.101133277234622E-003
   1.80399750000000        6.60932416666667      -6.683285744008831E-003
   1.80399750000000        6.90965708333333      -6.368163613732651E-003
   1.80399750000000        7.20999000000000      -6.128664871053966E-003
   2.10433041666667       2.000000000000000E-003 -4.411276227915067E-002
   2.10433041666667       0.302332916666667      -4.300489604473100E-002
   2.10433041666667       0.602665833333333      -4.027945661472550E-002
   2.10433041666667       0.902998750000000      -3.677202453643263E-002
   2.10433041666667        1.20333166666667      -3.321653544491423E-002
   2.10433041666667        1.50366458333333      -2.990451060865992E-002
   2.10433041666667        1.80399750000000      -2.692596598674295E-002
   2.10433041666667        2.10433041666667      -2.430485913652928E-002
   2.10433041666667        2.40466333333333      -2.202941148575270E-002
   2.10433041666667        2.70499625000000      -2.005322292487472E-002
   2.10433041666667        3.00532916666667      -1.831203593052236E-002
   2.10433041666667        3.30566208333333      -1.675260612470086E-002
   2.10433041666667        3.60599500000000      -1.534825850222332E-002
   2.10433041666667        3.90632791666667      -1.408739629450669E-002
   2.10433041666667        4.20666083333333      -1.294844200103176E-002
   2.10433041666667        4.50699375000000      -1.188986820740531E-002
   2.10433041666667        4.80732666666667      -1.087000738281192E-002
   2.10433041666667        5.10765958333333      -9.878325501601150E-003
   2.10433041666667        5.40799250000000      -8.947367197380793E-003
   2.10433041666667        5.70832541666667      -8.133698778167137E-003
   2.10433041666667        6.00865833333333      -7.482583592732981E-003
   2.10433041666667        6.30899125000000      -7.003827718564711E-003
   2.10433041666667        6.60932416666667      -6.674661141078434E-003
   2.10433041666667        6.90965708333333      -6.451322294631329E-003
   2.10433041666667        7.20999000000000      -6.279971222531884E-003
   2.40466333333333       2.000000000000000E-003 -4.687476875360019E-002
   2.40466333333333       0.302332916666667      -4.514880002535829E-002
   2.40466333333333       0.602665833333333      -4.120312906880227E-002
   2.40466333333333       0.902998750000000      -3.704409731188608E-002
   2.40466333333333        1.20333166666667      -3.333115910545500E-002
   2.40466333333333        1.50366458333333      -3.002089240275262E-002
   2.40466333333333        1.80399750000000      -2.701882535009433E-002
   2.40466333333333        2.10433041666667      -2.430773010053006E-002
   2.40466333333333        2.40466333333333      -2.189890332377894E-002
   2.40466333333333        2.70499625000000      -1.978441858091027E-002
   2.40466333333333        3.00532916666667      -1.793019557733708E-002
   2.40466333333333        3.30566208333333      -1.629493861575559E-002
   2.40466333333333        3.60599500000000      -1.484603464366840E-002
   2.40466333333333        3.90632791666667      -1.355850749442422E-002
   2.40466333333333        4.20666083333333      -1.240354322358384E-002
   2.40466333333333        4.50699375000000      -1.134379066679302E-002
   2.40466333333333        4.80732666666667      -1.034795336690212E-002
   2.40466333333333        5.10765958333333      -9.412815815128237E-003
   2.40466333333333        5.40799250000000      -8.568930899840135E-003
   2.40466333333333        5.70832541666667      -7.861507220905208E-003
   2.40466333333333        6.00865833333333      -7.318417998845613E-003
   2.40466333333333        6.30899125000000      -6.929564460036630E-003
   2.40466333333333        6.60932416666667      -6.656954182956115E-003
   2.40466333333333        6.90965708333333      -6.463955845822390E-003
   2.40466333333333        7.20999000000000      -6.304752569980960E-003
   2.70499625000000       2.000000000000000E-003 -5.095706885839275E-002
   2.70499625000000       0.302332916666667      -4.824455358436749E-002
   2.70499625000000       0.602665833333333      -4.245742658896658E-002
   2.70499625000000       0.902998750000000      -3.690155846972635E-002
   2.70499625000000        1.20333166666667      -3.282174007719878E-002
   2.70499625000000        1.50366458333333      -2.960814894917127E-002
   2.70499625000000        1.80399750000000      -2.672926981372867E-002
   2.70499625000000        2.10433041666667      -2.406466939953839E-002
   2.70499625000000        2.40466333333333      -2.162976624732242E-002
   2.70499625000000        2.70499625000000      -1.944952686298621E-002
   2.70499625000000        3.00532916666667      -1.752230430658723E-002
   2.70499625000000        3.30566208333333      -1.582703956285128E-002
   2.70499625000000        3.60599500000000      -1.433767692711494E-002
   2.70499625000000        3.90632791666667      -1.302784058620336E-002
   2.70499625000000        4.20666083333333      -1.186747829319805E-002
   2.70499625000000        4.50699375000000      -1.082296216493547E-002
   2.70499625000000        4.80732666666667      -9.869575793866943E-003
   2.70499625000000        5.10765958333333      -9.006988842192450E-003
   2.70499625000000        5.40799250000000      -8.260709204430745E-003
   2.70499625000000        5.70832541666667      -7.663599418553814E-003
   2.70499625000000        6.00865833333333      -7.225567467755218E-003
   2.70499625000000        6.30899125000000      -6.910781012778261E-003
   2.70499625000000        6.60932416666667      -6.671630459903121E-003
   2.70499625000000        6.90965708333333      -6.457750847416104E-003
   2.70499625000000        7.20999000000000      -6.228938236298096E-003
   3.00532916666667       2.000000000000000E-003 -5.259711506680224E-002
   3.00532916666667       0.302332916666667      -4.838212437783118E-002
   3.00532916666667       0.602665833333333      -4.090432373195335E-002
   3.00532916666667       0.902998750000000      -3.522626610581463E-002
   3.00532916666667        1.20333166666667      -3.149711462385430E-002
   3.00532916666667        1.50366458333333      -2.869668169280296E-002
   3.00532916666667        1.80399750000000      -2.610975450739477E-002
   3.00532916666667        2.10433041666667      -2.360172826150720E-002
   3.00532916666667        2.40466333333333      -2.122170108824586E-002
   3.00532916666667        2.70499625000000      -1.903470185027074E-002
   3.00532916666667        3.00532916666667      -1.707435776826311E-002
   3.00532916666667        3.30566208333333      -1.534420852531604E-002
   3.00532916666667        3.60599500000000      -1.383158762132837E-002
   3.00532916666667        3.90632791666667      -1.251495372252298E-002
   3.00532916666667        4.20666083333333      -1.136507713844958E-002
   3.00532916666667        4.50699375000000      -1.035138852641893E-002
   3.00532916666667        4.80732666666667      -9.454412385206402E-003
   3.00532916666667        5.10765958333333      -8.675320709554332E-003
   3.00532916666667        5.40799250000000      -8.034841140637239E-003
   3.00532916666667        5.70832541666667      -7.557819993194197E-003
   3.00532916666667        6.00865833333333      -7.245630838576845E-003
   3.00532916666667        6.30899125000000      -7.050027155632056E-003
   3.00532916666667        6.60932416666667      -6.851291070138291E-003
   3.00532916666667        6.90965708333333      -6.518461824133881E-003
   3.00532916666667        7.20999000000000      -6.106232029770285E-003
   3.30566208333333       2.000000000000000E-003 -4.647985770311169E-002
   3.30566208333333       0.302332916666667      -4.167885256642063E-002
   3.30566208333333       0.602665833333333      -3.544029589275729E-002
   3.30566208333333       0.902998750000000      -3.186694627552967E-002
   3.30566208333333        1.20333166666667      -2.964845561231341E-002
   3.30566208333333        1.50366458333333      -2.759481555350608E-002
   3.30566208333333        1.80399750000000      -2.536682379815304E-002
   3.30566208333333        2.10433041666667      -2.303494041248035E-002
   3.30566208333333        2.40466333333333      -2.072722500399671E-002
   3.30566208333333        2.70499625000000      -1.855541538712980E-002
   3.30566208333333        3.00532916666667      -1.658618735276676E-002
   3.30566208333333        3.30566208333333      -1.484455024632721E-002
   3.30566208333333        3.60599500000000      -1.333024519370732E-002
   3.30566208333333        3.90632791666667      -1.202689059164309E-002
   3.30566208333333        4.20666083333333      -1.090488983244707E-002
   3.30566208333333        4.50699375000000      -9.935140999843967E-003
   3.30566208333333        4.80732666666667      -9.102558876351918E-003
   3.30566208333333        5.10765958333333      -8.410260678400018E-003
   3.30566208333333        5.40799250000000      -7.877285251211768E-003
   3.30566208333333        5.70832541666667      -7.530053302992875E-003
   3.30566208333333        6.00865833333333      -7.391681702244480E-003
   3.30566208333333        6.30899125000000      -7.407855118152315E-003
   3.30566208333333        6.60932416666667      -7.295671164376292E-003
   3.30566208333333        6.90965708333333      -6.724805708256390E-003
   3.30566208333333        7.20999000000000      -6.089008311429860E-003
   3.60599500000000       2.000000000000000E-003 -3.533339087723560E-002
   3.60599500000000       0.302332916666667      -3.365361553792338E-002
   3.60599500000000       0.602665833333333      -3.085620637040397E-002
   3.60599500000000       0.902998750000000      -2.945899107682952E-002
   3.60599500000000        1.20333166666667      -2.835224667695788E-002
   3.60599500000000        1.50366458333333      -2.678161215748052E-002
   3.60599500000000        1.80399750000000      -2.474994579741228E-002
   3.60599500000000        2.10433041666667      -2.249762539253963E-002
   3.60599500000000        2.40466333333333      -2.021202105992129E-002
   3.60599500000000        2.70499625000000      -1.803895773671017E-002
   3.60599500000000        3.00532916666667      -1.606698059197551E-002
   3.60599500000000        3.30566208333333      -1.433196524627822E-002
   3.60599500000000        3.60599500000000      -1.283693206309846E-002
   3.60599500000000        3.90632791666667      -1.156474072684913E-002
   3.60599500000000        4.20666083333333      -1.048327613183409E-002
   3.60599500000000        4.50699375000000      -9.564110183608877E-003
   3.60599500000000        4.80732666666667      -8.795726431755522E-003
   3.60599500000000        5.10765958333333      -8.183526295745943E-003
   3.60599500000000        5.40799250000000      -7.747017159095475E-003
   3.60599500000000        5.70832541666667      -7.519724669403428E-003
   3.60599500000000        6.00865833333333      -7.566547468743875E-003
   3.60599500000000        6.30899125000000      -7.832068594705184E-003
   3.60599500000000        6.60932416666667      -7.931996160498453E-003
   3.60599500000000        6.90965708333333      -7.170108168738672E-003
   3.60599500000000        7.20999000000000      -6.055631858146211E-003
   3.90632791666667       2.000000000000000E-003 -4.298665234856335E-002
   3.90632791666667       0.302332916666667      -3.838091329168639E-002
   3.90632791666667       0.602665833333333      -3.288220260856707E-002
   3.90632791666667       0.902998750000000      -3.008370532962625E-002
   3.90632791666667        1.20333166666667      -2.832566343862303E-002
   3.90632791666667        1.50366458333333      -2.648688893234452E-002
   3.90632791666667        1.80399750000000      -2.435425319924399E-002
   3.90632791666667        2.10433041666667      -2.203395600089713E-002
   3.90632791666667        2.40466333333333      -1.969664493171622E-002
   3.90632791666667        2.70499625000000      -1.749473907286881E-002
   3.90632791666667        3.00532916666667      -1.552173965326394E-002
   3.90632791666667        3.30566208333333      -1.381047287073962E-002
   3.90632791666667        3.60599500000000      -1.235419777484670E-002
   3.90632791666667        3.90632791666667      -1.112580255645166E-002
   3.90632791666667        4.20666083333333      -1.008988947295984E-002
   3.90632791666667        4.50699375000000      -9.219577476609845E-003
   3.90632791666667        4.80732666666667      -8.506154341809301E-003
   3.90632791666667        5.10765958333333      -7.956643472575945E-003
   3.90632791666667        5.40799250000000      -7.589713699346075E-003
   3.90632791666667        5.70832541666667      -7.438388367806712E-003
   3.90632791666667        6.00865833333333      -7.579815158747887E-003
   3.90632791666667        6.30899125000000      -7.995820326341262E-003
   3.90632791666667        6.60932416666667      -8.310511476245784E-003
   3.90632791666667        6.90965708333333      -7.874074789985442E-003
   3.90632791666667        7.20999000000000      -6.534306691991543E-003
   4.20666083333333       2.000000000000000E-003 -4.587649616492414E-002
   4.20666083333333       0.302332916666667      -4.236322477873732E-002
   4.20666083333333       0.602665833333333      -3.621956531306886E-002
   4.20666083333333       0.902998750000000      -3.176056351053236E-002
   4.20666083333333        1.20333166666667      -2.878913900149790E-002
   4.20666083333333        1.50366458333333      -2.640997589033358E-002
   4.20666083333333        1.80399750000000      -2.402032905955025E-002
   4.20666083333333        2.10433041666667      -2.155101045109853E-002
   4.20666083333333        2.40466333333333      -1.913063770940356E-002
   4.20666083333333        2.70499625000000      -1.690042531005910E-002
   4.20666083333333        3.00532916666667      -1.494394251147203E-002
   4.20666083333333        3.30566208333333      -1.327881280692203E-002
   4.20666083333333        3.60599500000000      -1.187951300593392E-002
   4.20666083333333        3.90632791666667      -1.070432926825104E-002
   4.20666083333333        4.20666083333333      -9.714298298875493E-003
   4.20666083333333        4.50699375000000      -8.884899673181222E-003
   4.20666083333333        4.80732666666667      -8.210018148777799E-003
   4.20666083333333        5.10765958333333      -7.697716950577195E-003
   4.20666083333333        5.40799250000000      -7.363457904338141E-003
   4.20666083333333        5.70832541666667      -7.228032495187151E-003
   4.20666083333333        6.00865833333333      -7.330455176802999E-003
   4.20666083333333        6.30899125000000      -7.694800396106063E-003
   4.20666083333333        6.60932416666667      -7.995855675874885E-003
   4.20666083333333        6.90965708333333      -7.757770870944522E-003
   4.20666083333333        7.20999000000000      -6.750552763941244E-003
   4.50699375000000       2.000000000000000E-003 -4.255842442725623E-002
   4.50699375000000       0.302332916666667      -4.048925195795895E-002
   4.50699375000000       0.602665833333333      -3.601106908318857E-002
   4.50699375000000       0.902998750000000      -3.175058368350549E-002
   4.50699375000000        1.20333166666667      -2.861769899846921E-002
   4.50699375000000        1.50366458333333      -2.601599497012692E-002
   4.50699375000000        1.80399750000000      -2.345166231064812E-002
   4.50699375000000        2.10433041666667      -2.088142649287121E-002
   4.50699375000000        2.40466333333333      -1.842880726822640E-002
   4.50699375000000        2.70499625000000      -1.622299023169711E-002
   4.50699375000000        3.00532916666667      -1.432918107993565E-002
   4.50699375000000        3.30566208333333      -1.274322164902609E-002
   4.50699375000000        3.60599500000000      -1.141936370038042E-002
   4.50699375000000        3.90632791666667      -1.030362052629263E-002
   4.50699375000000        4.20666083333333      -9.355621962783034E-003
   4.50699375000000        4.50699375000000      -8.554789266587303E-003
   4.50699375000000        4.80732666666667      -7.898560105907566E-003
   4.50699375000000        5.10765958333333      -7.396155919158409E-003
   4.50699375000000        5.40799250000000      -7.058908341451293E-003
   4.50699375000000        5.70832541666667      -6.892443562265474E-003
   4.50699375000000        6.00865833333333      -6.894822578807662E-003
   4.50699375000000        6.30899125000000      -7.054336997389261E-003
   4.50699375000000        6.60932416666667      -7.225240513427486E-003
   4.50699375000000        6.90965708333333      -7.076176849309240E-003
   4.50699375000000        7.20999000000000      -6.498329571493913E-003
   4.80732666666667       2.000000000000000E-003 -3.662422045658151E-002
   4.80732666666667       0.302332916666667      -3.546337245805419E-002
   4.80732666666667       0.602665833333333      -3.276113899682979E-002
   4.80732666666667       0.902998750000000      -2.998922747596560E-002
   4.80732666666667        1.20333166666667      -2.745918351155969E-002
   4.80732666666667        1.50366458333333      -2.497587387701002E-002
   4.80732666666667        1.80399750000000      -2.243569758008122E-002
   4.80732666666667        2.10433041666667      -1.991002871134295E-002
   4.80732666666667        2.40466333333333      -1.754510916323791E-002
   4.80732666666667        2.70499625000000      -1.545975474639470E-002
   4.80732666666667        3.00532916666667      -1.369692282668260E-002
   4.80732666666667        3.30566208333333      -1.222992426991130E-002
   4.80732666666667        3.60599500000000      -1.099787171357497E-002
   4.80732666666667        3.90632791666667      -9.942414556004538E-003
   4.80732666666667        4.20666083333333      -9.027730206811291E-003
   4.80732666666667        4.50699375000000      -8.240917448652813E-003
   4.80732666666667        4.80732666666667      -7.584916213870330E-003
   4.80732666666667        5.10765958333333      -7.069992159690894E-003
   4.80732666666667        5.40799250000000      -6.703022743906323E-003
   4.80732666666667        5.70832541666667      -6.478288145759970E-003
   4.80732666666667        6.00865833333333      -6.373701238599573E-003
   4.80732666666667        6.30899125000000      -6.350022611925637E-003
   4.80732666666667        6.60932416666667      -6.341718063321304E-003
   4.80732666666667        6.90965708333333      -6.246024510910574E-003
   4.80732666666667        7.20999000000000      -5.985332777324182E-003
   5.10765958333333       2.000000000000000E-003 -3.073472492094636E-002
   5.10765958333333       0.302332916666667      -3.027809538053305E-002
   5.10765958333333       0.602665833333333      -2.909756639888625E-002
   5.10765958333333       0.902998750000000      -2.745083228476480E-002
   5.10765958333333        1.20333166666667      -2.550245699694864E-002
   5.10765958333333        1.50366458333333      -2.331295779552951E-002
   5.10765958333333        1.80399750000000      -2.098151053885279E-002
   5.10765958333333        2.10433041666667      -1.866551814796934E-002
   5.10765958333333        2.40466333333333      -1.652613445839238E-002
   5.10765958333333        2.70499625000000      -1.466519370178682E-002
   5.10765958333333        3.00532916666667      -1.310009968771449E-002
   5.10765958333333        3.30566208333333      -1.178428501413886E-002
   5.10765958333333        3.60599500000000      -1.065064966297050E-002
   5.10765958333333        3.90632791666667      -9.648271542623592E-003
   5.10765958333333        4.20666083333333      -8.755099684626337E-003
   5.10765958333333        4.50699375000000      -7.970456875536240E-003
   5.10765958333333        4.80732666666667      -7.303285147529215E-003
   5.10765958333333        5.10765958333333      -6.762858355671092E-003
   5.10765958333333        5.40799250000000      -6.349840912142126E-003
   5.10765958333333        5.70832541666667      -6.049592775033948E-003
   5.10765958333333        6.00865833333333      -5.833395218589814E-003
   5.10765958333333        6.30899125000000      -5.670452866535426E-003
   5.10765958333333        6.60932416666667      -5.545356064355460E-003
   5.10765958333333        6.90965708333333      -5.461975678150338E-003
   5.10765958333333        7.20999000000000      -5.398668175318255E-003
   5.40799250000000       2.000000000000000E-003 -2.630392443736943E-002
   5.40799250000000       0.302332916666667      -2.614482120314880E-002
   5.40799250000000       0.602665833333333      -2.563498450738169E-002
   5.40799250000000       0.902998750000000      -2.465929518248991E-002
   5.40799250000000        1.20333166666667      -2.317677475837010E-002
   5.40799250000000        1.50366458333333      -2.131948579309937E-002
   5.40799250000000        1.80399750000000      -1.930099954173120E-002
   5.40799250000000        2.10433041666667      -1.731248362176950E-002
   5.40799250000000        2.40466333333333      -1.550204594979212E-002
   5.40799250000000        2.70499625000000      -1.394116033971815E-002
   5.40799250000000        3.00532916666667      -1.261685769855505E-002
   5.40799250000000        3.30566208333333      -1.146399870000886E-002
   5.40799250000000        3.60599500000000      -1.041782429902179E-002
   5.40799250000000        3.90632791666667      -9.449823577919804E-003
   5.40799250000000        4.20666083333333      -8.564809864509195E-003
   5.40799250000000        4.50699375000000      -7.777575526483315E-003
   5.40799250000000        4.80732666666667      -7.098677439579039E-003
   5.40799250000000        5.10765958333333      -6.530768493140384E-003
   5.40799250000000        5.40799250000000      -6.064221184997411E-003
   5.40799250000000        5.70832541666667      -5.672493922480044E-003
   5.40799250000000        6.00865833333333      -5.325262046681522E-003
   5.40799250000000        6.30899125000000      -5.047500124652784E-003
   5.40799250000000        6.60932416666667      -4.860409784135641E-003
   5.40799250000000        6.90965708333333      -4.809974300385645E-003
   5.40799250000000        7.20999000000000      -4.907610205801195E-003
   5.70832541666667       2.000000000000000E-003 -2.304339642374504E-002
   5.70832541666667       0.302332916666667      -2.300316123796359E-002
   5.70832541666667       0.602665833333333      -2.279976709937070E-002
   5.70832541666667       0.902998750000000      -2.216374525824671E-002
   5.70832541666667        1.20333166666667      -2.097435395795687E-002
   5.70832541666667        1.50366458333333      -1.937011917299625E-002
   5.70832541666667        1.80399750000000      -1.766734551779848E-002
   5.70832541666667        2.10433041666667      -1.605324521403421E-002
   5.70832541666667        2.40466333333333      -1.461990846055077E-002
   5.70832541666667        2.70499625000000      -1.339689370500283E-002
   5.70832541666667        3.00532916666667      -1.233435861129374E-002
   5.70832541666667        3.30566208333333      -1.133805564073694E-002
   5.70832541666667        3.60599500000000      -1.034394268850126E-002
   5.70832541666667        3.90632791666667      -9.370418253961354E-003
   5.70832541666667        4.20666083333333      -8.476477696960520E-003
   5.70832541666667        4.50699375000000      -7.691694759266796E-003
   5.70832541666667        4.80732666666667      -7.012604884037292E-003
   5.70832541666667        5.10765958333333      -6.425079909272748E-003
   5.70832541666667        5.40799250000000      -5.905063866571081E-003
   5.70832541666667        5.70832541666667      -5.425263815472650E-003
   5.70832541666667        6.00865833333333      -5.012803086674492E-003
   5.70832541666667        6.30899125000000      -4.632631699156222E-003
   5.70832541666667        6.60932416666667      -4.329053569433560E-003
   5.70832541666667        6.90965708333333      -4.282054738103460E-003
   5.70832541666667        7.20999000000000      -4.561598073279089E-003
   6.00865833333333       2.000000000000000E-003 -2.172960967998626E-002
   6.00865833333333       0.302332916666667      -2.156316083681188E-002
   6.00865833333333       0.602665833333333      -2.116003530390086E-002
   6.00865833333333       0.902998750000000      -2.038314712811227E-002
   6.00865833333333        1.20333166666667      -1.919246224622462E-002
   6.00865833333333        1.50366458333333      -1.772578468641063E-002
   6.00865833333333        1.80399750000000      -1.625208905986165E-002
   6.00865833333333        2.10433041666667      -1.500945967927691E-002
   6.00865833333333        2.40466333333333      -1.396535757711586E-002
   6.00865833333333        2.70499625000000      -1.310968559942772E-002
   6.00865833333333        3.00532916666667      -1.235488539537677E-002
   6.00865833333333        3.30566208333333      -1.152492791684993E-002
   6.00865833333333        3.60599500000000      -1.049752321563840E-002
   6.00865833333333        3.90632791666667      -9.415027760969339E-003
   6.00865833333333        4.20666083333333      -8.484500983533412E-003
   6.00865833333333        4.50699375000000      -7.727035209600087E-003
   6.00865833333333        4.80732666666667      -7.072939858617460E-003
   6.00865833333333        5.10765958333333      -6.480049639295717E-003
   6.00865833333333        5.40799250000000      -5.921998281536200E-003
   6.00865833333333        5.70832541666667      -5.455158262564860E-003
   6.00865833333333        6.00865833333333      -5.048132505002391E-003
   6.00865833333333        6.30899125000000      -4.579846967774527E-003
   6.00865833333333        6.60932416666667      -4.076656149038745E-003
   6.00865833333333        6.90965708333333      -3.957340365828497E-003
   6.00865833333333        7.20999000000000      -4.527801654120133E-003
   6.30899125000000       2.000000000000000E-003 -2.373044095155036E-002
   6.30899125000000       0.302332916666667      -2.280935308773984E-002
   6.30899125000000       0.602665833333333      -2.104050782230694E-002
   6.30899125000000       0.902998750000000      -1.930867232149499E-002
   6.30899125000000        1.20333166666667      -1.775954341516352E-002
   6.30899125000000        1.50366458333333      -1.633406613145080E-002
   6.30899125000000        1.80399750000000      -1.508915442549505E-002
   6.30899125000000        2.10433041666667      -1.416677390320508E-002
   6.30899125000000        2.40466333333333      -1.351994107390290E-002
   6.30899125000000        2.70499625000000      -1.311008511624873E-002
   6.30899125000000        3.00532916666667      -1.279576433226502E-002
   6.30899125000000        3.30566208333333      -1.209799089810505E-002
   6.30899125000000        3.60599500000000      -1.083808984399388E-002
   6.30899125000000        3.90632791666667      -9.515609152930319E-003
   6.30899125000000        4.20666083333333      -8.558700121472527E-003
   6.30899125000000        4.50699375000000      -7.889266871995823E-003
   6.30899125000000        4.80732666666667      -7.296868659632359E-003
   6.30899125000000        5.10765958333333      -6.708530403888491E-003
   6.30899125000000        5.40799250000000      -6.169666679500979E-003
   6.30899125000000        5.70832541666667      -5.783018715273561E-003
   6.30899125000000        6.00865833333333      -5.500346972826737E-003
   6.30899125000000        6.30899125000000      -5.107965703818974E-003
   6.30899125000000        6.60932416666667      -4.381992277834670E-003
   6.30899125000000        6.90965708333333      -3.959335959125163E-003
   6.30899125000000        7.20999000000000      -5.022464438297449E-003
   6.60932416666667       2.000000000000000E-003 -2.889197024151929E-002
   6.60932416666667       0.302332916666667      -2.615456836441558E-002
   6.60932416666667       0.602665833333333      -2.148875483419497E-002
   6.60932416666667       0.902998750000000      -1.824527651877765E-002
   6.60932416666667        1.20333166666667      -1.629765762943175E-002
   6.60932416666667        1.50366458333333      -1.498567953433829E-002
   6.60932416666667        1.80399750000000      -1.404080108995093E-002
   6.60932416666667        2.10433041666667      -1.342302229280365E-002
   6.60932416666667        2.40466333333333      -1.315798542957285E-002
   6.60932416666667        2.70499625000000      -1.324393398109794E-002
   6.60932416666667        3.00532916666667      -1.336845275122076E-002
   6.60932416666667        3.30566208333333      -1.274178114708104E-002
   6.60932416666667        3.60599500000000      -1.097640816847119E-002
   6.60932416666667        3.90632791666667      -9.445705753967243E-003
   6.60932416666667        4.20666083333333      -8.747164116921585E-003
   6.60932416666667        4.50699375000000      -8.267167384284681E-003
   6.60932416666667        4.80732666666667      -7.707849782238547E-003
   6.60932416666667        5.10765958333333      -7.099130754569347E-003
   6.60932416666667        5.40799250000000      -6.573106539828569E-003
   6.60932416666667        5.70832541666667      -6.248344238456416E-003
   6.60932416666667        6.00865833333333      -6.185992476797915E-003
   6.60932416666667        6.30899125000000      -6.249620732822965E-003
   6.60932416666667        6.60932416666667      -5.756577751691057E-003
   6.60932416666667        6.90965708333333      -4.474670484948660E-003
   6.60932416666667        7.20999000000000      -5.904073922554722E-003
   6.90965708333333       2.000000000000000E-003 -2.830047596233641E-002
   6.90965708333333       0.302332916666667      -2.562659669340054E-002
   6.90965708333333       0.602665833333333      -1.986440881894700E-002
   6.90965708333333       0.902998750000000      -1.641022813469299E-002
   6.90965708333333        1.20333166666667      -1.459632746881427E-002
   6.90965708333333        1.50366458333333      -1.360183467715812E-002
   6.90965708333333        1.80399750000000      -1.301743538171542E-002
   6.90965708333333        2.10433041666667      -1.268994596306768E-002
   6.90965708333333        2.40466333333333      -1.266009890471528E-002
   6.90965708333333        2.70499625000000      -1.293065288071947E-002
   6.90965708333333        3.00532916666667      -1.321922514970312E-002
   6.90965708333333        3.30566208333333      -1.255268656205425E-002
   6.90965708333333        3.60599500000000      -1.015159395082467E-002
   6.90965708333333        3.90632791666667      -9.216579611510206E-003
   6.90965708333333        4.20666083333333      -9.258589707813368E-003
   6.90965708333333        4.50699375000000      -8.956316435233922E-003
   6.90965708333333        4.80732666666667      -8.313072521478379E-003
   6.90965708333333        5.10765958333333      -7.590508239991913E-003
   6.90965708333333        5.40799250000000      -6.975978166339887E-003
   6.90965708333333        5.70832541666667      -6.542888759290629E-003
   6.90965708333333        6.00865833333333      -6.464271757689553E-003
   6.90965708333333        6.30899125000000      -6.945514836659845E-003
   6.90965708333333        6.60932416666667      -7.703242289976027E-003
   6.90965708333333        6.90965708333333      -6.343149626674545E-003
   6.90965708333333        7.20999000000000      -5.464407772462695E-003
   7.20999000000000       2.000000000000000E-003 -2.204658989906216E-002
   7.20999000000000       0.302332916666667      -1.991032694928176E-002
   7.20999000000000       0.602665833333333      -1.738069545552638E-002
   7.20999000000000       0.902998750000000      -1.467724682086793E-002
   7.20999000000000        1.20333166666667      -1.310225455995644E-002
   7.20999000000000        1.50366458333333      -1.239026101813208E-002
   7.20999000000000        1.80399750000000      -1.209079603663568E-002
   7.20999000000000        2.10433041666667      -1.191858316573244E-002
   7.20999000000000        2.40466333333333      -1.182663660145054E-002
   7.20999000000000        2.70499625000000      -1.171510279415928E-002
   7.20999000000000        3.00532916666667      -1.134956559043608E-002
   7.20999000000000        3.30566208333333      -1.033096644503755E-002
   7.20999000000000        3.60599500000000      -8.811485601005040E-003
   7.20999000000000        3.90632791666667      -9.751584586052563E-003
   7.20999000000000        4.20666083333333      -1.011319502120489E-002
   7.20999000000000        4.50699375000000      -9.733269073869243E-003
   7.20999000000000        4.80732666666667      -8.932184253764150E-003
   7.20999000000000        5.10765958333333      -8.051526303036629E-003
   7.20999000000000        5.40799250000000      -7.263808055726084E-003
   7.20999000000000        5.70832541666667      -6.508748194623272E-003
   7.20999000000000        6.00865833333333      -5.868636960671901E-003
   7.20999000000000        6.30899125000000      -5.497202186836794E-003
   7.20999000000000        6.60932416666667      -5.444925362991676E-003
   7.20999000000000        6.90965708333333      -5.092382447984928E-003
   7.20999000000000        7.20999000000000      -4.183112332505536E-003
