  2.000000000000000E-003  2.000000000000000E-003 -0.214791372328037     
  2.000000000000000E-003  0.302332916666667      -0.217583441989230     
  2.000000000000000E-003  0.602665833333333      -0.214612935204532     
  2.000000000000000E-003  0.902998750000000      -0.209065710961796     
  2.000000000000000E-003   1.20333166666667      -0.202571036375270     
  2.000000000000000E-003   1.50366458333333      -0.195342242873748     
  2.000000000000000E-003   1.80399750000000      -0.187269878093657     
  2.000000000000000E-003   2.10433041666667      -0.178322905851895     
  2.000000000000000E-003   2.40466333333333      -0.168480015189241     
  2.000000000000000E-003   2.70499625000000      -0.158486160030261     
  2.000000000000000E-003   3.00532916666667      -0.150849810286810     
  2.000000000000000E-003   3.30566208333333      -0.149309206037361     
  2.000000000000000E-003   3.60599500000000      -0.149396097411313     
  2.000000000000000E-003   3.90632791666667      -0.144989621469516     
  2.000000000000000E-003   4.20666083333333      -0.138842447697490     
  2.000000000000000E-003   4.50699375000000      -0.128647919295551     
  2.000000000000000E-003   4.80732666666667      -0.117797786363775     
  2.000000000000000E-003   5.10765958333333      -0.108042451071818     
  2.000000000000000E-003   5.40799250000000      -0.100012868113229     
  2.000000000000000E-003   5.70832541666667      -9.338687750188193E-002
  2.000000000000000E-003   6.00865833333333      -8.795795700986470E-002
  2.000000000000000E-003   6.30899125000000      -8.362854727942387E-002
  2.000000000000000E-003   6.60932416666667      -8.024719062862237E-002
  2.000000000000000E-003   6.90965708333333      -7.694601517442949E-002
  2.000000000000000E-003   7.20999000000000      -7.370688569005418E-002
  0.302332916666667       2.000000000000000E-003 -0.220825645770428     
  0.302332916666667       0.302332916666667      -0.225971509282285     
  0.302332916666667       0.602665833333333      -0.230152074178648     
  0.302332916666667       0.902998750000000      -0.227832203106311     
  0.302332916666667        1.20333166666667      -0.221567107889163     
  0.302332916666667        1.50366458333333      -0.213505609399559     
  0.302332916666667        1.80399750000000      -0.204164782363041     
  0.302332916666667        2.10433041666667      -0.193432604811373     
  0.302332916666667        2.40466333333333      -0.181088493789610     
  0.302332916666667        2.70499625000000      -0.167506085032678     
  0.302332916666667        3.00532916666667      -0.154900187908104     
  0.302332916666667        3.30566208333333      -0.148003479028585     
  0.302332916666667        3.60599500000000      -0.148737667028736     
  0.302332916666667        3.90632791666667      -0.147782733432464     
  0.302332916666667        4.20666083333333      -0.142488681446752     
  0.302332916666667        4.50699375000000      -0.133596900926605     
  0.302332916666667        4.80732666666667      -0.123555992135558     
  0.302332916666667        5.10765958333333      -0.114068168801136     
  0.302332916666667        5.40799250000000      -0.105861305614566     
  0.302332916666667        5.70832541666667      -9.887219230326491E-002
  0.302332916666667        6.00865833333333      -9.303291726556151E-002
  0.302332916666667        6.30899125000000      -8.847000221709936E-002
  0.302332916666667        6.60932416666667      -8.531758878030128E-002
  0.302332916666667        6.90965708333333      -8.247473741049011E-002
  0.302332916666667        7.20999000000000      -7.646777851175296E-002
  0.602665833333333       2.000000000000000E-003 -0.243315734487928     
  0.602665833333333       0.302332916666667      -0.247711116213877     
  0.602665833333333       0.602665833333333      -0.251848071926584     
  0.602665833333333       0.902998750000000      -0.249265032829608     
  0.602665833333333        1.20333166666667      -0.242177632366522     
  0.602665833333333        1.50366458333333      -0.232917475882618     
  0.602665833333333        1.80399750000000      -0.222172431687720     
  0.602665833333333        2.10433041666667      -0.209867141931290     
  0.602665833333333        2.40466333333333      -0.195993529986337     
  0.602665833333333        2.70499625000000      -0.180626388433069     
  0.602665833333333        3.00532916666667      -0.165633322331602     
  0.602665833333333        3.30566208333333      -0.154694335395221     
  0.602665833333333        3.60599500000000      -0.150501631857325     
  0.602665833333333        3.90632791666667      -0.149008099951932     
  0.602665833333333        4.20666083333333      -0.144985904078839     
  0.602665833333333        4.50699375000000      -0.137744334399983     
  0.602665833333333        4.80732666666667      -0.128957165295803     
  0.602665833333333        5.10765958333333      -0.120059416421417     
  0.602665833333333        5.40799250000000      -0.111855201784488     
  0.602665833333333        5.70832541666667      -0.104575447360277     
  0.602665833333333        6.00865833333333      -9.833486092191702E-002
  0.602665833333333        6.30899125000000      -9.328779210394128E-002
  0.602665833333333        6.60932416666667      -8.925660638152438E-002
  0.602665833333333        6.90965708333333      -8.461759014939690E-002
  0.602665833333333        7.20999000000000      -7.796172405683102E-002
  0.902998750000000       2.000000000000000E-003 -0.284783809758567     
  0.902998750000000       0.302332916666667      -0.284777491948416     
  0.902998750000000       0.602665833333333      -0.282417502793140     
  0.902998750000000       0.902998750000000      -0.275697861246599     
  0.902998750000000        1.20333166666667      -0.265752658824011     
  0.902998750000000        1.50366458333333      -0.254069938368087     
  0.902998750000000        1.80399750000000      -0.241213606743891     
  0.902998750000000        2.10433041666667      -0.227142766677410     
  0.902998750000000        2.40466333333333      -0.212256697469458     
  0.902998750000000        2.70499625000000      -0.196644446582257     
  0.902998750000000        3.00532916666667      -0.181097812647152     
  0.902998750000000        3.30566208333333      -0.168377251464836     
  0.902998750000000        3.60599500000000      -0.160170550341140     
  0.902998750000000        3.90632791666667      -0.154939066383891     
  0.902998750000000        4.20666083333333      -0.149583091226529     
  0.902998750000000        4.50699375000000      -0.142670418384588     
  0.902998750000000        4.80732666666667      -0.134566682435623     
  0.902998750000000        5.10765958333333      -0.126047445249868     
  0.902998750000000        5.40799250000000      -0.117753206766581     
  0.902998750000000        5.70832541666667      -0.110117462703356     
  0.902998750000000        6.00865833333333      -0.103321738512856     
  0.902998750000000        6.30899125000000      -9.745244374500044E-002
  0.902998750000000        6.60932416666667      -9.218908934803720E-002
  0.902998750000000        6.90965708333333      -8.659803902021691E-002
  0.902998750000000        7.20999000000000      -8.044391633054723E-002
   1.20333166666667       2.000000000000000E-003 -0.333769859980030     
   1.20333166666667       0.302332916666667      -0.330985695630906     
   1.20333166666667       0.602665833333333      -0.322863648974612     
   1.20333166666667       0.902998750000000      -0.310297703745531     
   1.20333166666667        1.20333166666667      -0.295043019724313     
   1.20333166666667        1.50366458333333      -0.278684436702048     
   1.20333166666667        1.80399750000000      -0.262031715670149     
   1.20333166666667        2.10433041666667      -0.245273918535374     
   1.20333166666667        2.40466333333333      -0.228816307401378     
   1.20333166666667        2.70499625000000      -0.212778509207404     
   1.20333166666667        3.00532916666667      -0.197405174315105     
   1.20333166666667        3.30566208333333      -0.183647441280828     
   1.20333166666667        3.60599500000000      -0.172668787556748     
   1.20333166666667        3.90632791666667      -0.164110049538662     
   1.20333166666667        4.20666083333333      -0.156508641545667     
   1.20333166666667        4.50699375000000      -0.148731730207054     
   1.20333166666667        4.80732666666667      -0.140499361596515     
   1.20333166666667        5.10765958333333      -0.131922739319277     
   1.20333166666667        5.40799250000000      -0.123348028910634     
   1.20333166666667        5.70832541666667      -0.115200730751186     
   1.20333166666667        6.00865833333333      -0.107718398652324     
   1.20333166666667        6.30899125000000      -0.100997593070707     
   1.20333166666667        6.60932416666667      -9.483910704193194E-002
   1.20333166666667        6.90965708333333      -8.881991058425762E-002
   1.20333166666667        7.20999000000000      -8.283198184880192E-002
   1.50366458333333       2.000000000000000E-003 -0.398709176148735     
   1.50366458333333       0.302332916666667      -0.393495472518915     
   1.50366458333333       0.602665833333333      -0.379055383076509     
   1.50366458333333       0.902998750000000      -0.358136896030838     
   1.50366458333333        1.20333166666667      -0.334065674727953     
   1.50366458333333        1.50366458333333      -0.309605497935761     
   1.50366458333333        1.80399750000000      -0.286246672822610     
   1.50366458333333        2.10433041666667      -0.264614898982220     
   1.50366458333333        2.40466333333333      -0.245221593603431     
   1.50366458333333        2.70499625000000      -0.227744960418851     
   1.50366458333333        3.00532916666667      -0.211768093608344     
   1.50366458333333        3.30566208333333      -0.197293819490058     
   1.50366458333333        3.60599500000000      -0.184603777173319     
   1.50366458333333        3.90632791666667      -0.173715311103298     
   1.50366458333333        4.20666083333333      -0.164166107775130     
   1.50366458333333        4.50699375000000      -0.155290589644579     
   1.50366458333333        4.80732666666667      -0.146519056897704     
   1.50366458333333        5.10765958333333      -0.137555937252956     
   1.50366458333333        5.40799250000000      -0.128480453284030     
   1.50366458333333        5.70832541666667      -0.119667125391200     
   1.50366458333333        6.00865833333333      -0.111433886209544     
   1.50366458333333        6.30899125000000      -0.103938703854365     
   1.50366458333333        6.60932416666667      -9.712341740470960E-002
   1.50366458333333        6.90965708333333      -9.076563362341217E-002
   1.50366458333333        7.20999000000000      -8.472527242304546E-002
   1.80399750000000       2.000000000000000E-003 -0.492791580547529     
   1.80399750000000       0.302332916666667      -0.483912679007432     
   1.80399750000000       0.602665833333333      -0.459810272713661     
   1.80399750000000       0.902998750000000      -0.425607102482019     
   1.80399750000000        1.20333166666667      -0.387404391205413     
   1.80399750000000        1.50366458333333      -0.349728179160849     
   1.80399750000000        1.80399750000000      -0.315176276939750     
   1.80399750000000        2.10433041666667      -0.285743987845410     
   1.80399750000000        2.40466333333333      -0.261567547627016     
   1.80399750000000        2.70499625000000      -0.241538626705926     
   1.80399750000000        3.00532916666667      -0.224282542993448     
   1.80399750000000        3.30566208333333      -0.208873737570148     
   1.80399750000000        3.60599500000000      -0.194999782601334     
   1.80399750000000        3.90632791666667      -0.182651088209188     
   1.80399750000000        4.20666083333333      -0.171714990187598     
   1.80399750000000        4.50699375000000      -0.161792151429609     
   1.80399750000000        4.80732666666667      -0.152300536425217     
   1.80399750000000        5.10765958333333      -0.142760841989093     
   1.80399750000000        5.40799250000000      -0.133058701227278     
   1.80399750000000        5.70832541666667      -0.123476777460641     
   1.80399750000000        6.00865833333333      -0.114452342628558     
   1.80399750000000        6.30899125000000      -0.106243144549066     
   1.80399750000000        6.60932416666667      -9.888363955614073E-002
   1.80399750000000        6.90965708333333      -9.222799303751177E-002
   1.80399750000000        7.20999000000000      -8.609180253970113E-002
   2.10433041666667       2.000000000000000E-003 -0.631914469801871     
   2.10433041666667       0.302332916666667      -0.616552013055842     
   2.10433041666667       0.602665833333333      -0.575195568413897     
   2.10433041666667       0.902998750000000      -0.518807426268518     
   2.10433041666667        1.20333166666667      -0.457555586237600     
   2.10433041666667        1.50366458333333      -0.399471394382634     
   2.10433041666667        1.80399750000000      -0.349385106567535     
   2.10433041666667        2.10433041666667      -0.309124278091271     
   2.10433041666667        2.40466333333333      -0.278125476692578     
   2.10433041666667        2.70499625000000      -0.254318151439351     
   2.10433041666667        3.00532916666667      -0.235205519786745     
   2.10433041666667        3.30566208333333      -0.218805979027983     
   2.10433041666667        3.60599500000000      -0.204074879985000     
   2.10433041666667        3.90632791666667      -0.190723433689570     
   2.10433041666667        4.20666083333333      -0.178711707971665     
   2.10433041666667        4.50699375000000      -0.167817047997441     
   2.10433041666667        4.80732666666667      -0.157537621589774     
   2.10433041666667        5.10765958333333      -0.147333472000649     
   2.10433041666667        5.40799250000000      -0.136967811232228     
   2.10433041666667        5.70832541666667      -0.126642964324701     
   2.10433041666667        6.00865833333333      -0.116824409862555     
   2.10433041666667        6.30899125000000      -0.107916327203585     
   2.10433041666667        6.60932416666667      -0.100054997691381     
   2.10433041666667        6.90965708333333      -9.315230405279322E-002
   2.10433041666667        7.20999000000000      -8.699667084538262E-002
   2.40466333333333       2.000000000000000E-003 -0.839797342811926     
   2.40466333333333       0.302332916666667      -0.810982002086828     
   2.40466333333333       0.602665833333333      -0.735554010261412     
   2.40466333333333       0.902998750000000      -0.639296650719189     
   2.40466333333333        1.20333166666667      -0.543089794857542     
   2.40466333333333        1.50366458333333      -0.457982693824581     
   2.40466333333333        1.80399750000000      -0.388264509439671     
   2.40466333333333        2.10433041666667      -0.334483229686307     
   2.40466333333333        2.40466333333333      -0.294860448464240     
   2.40466333333333        2.70499625000000      -0.266142384679616     
   2.40466333333333        3.00532916666667      -0.244601962254401     
   2.40466333333333        3.30566208333333      -0.227093820785576     
   2.40466333333333        3.60599500000000      -0.211689145116549     
   2.40466333333333        3.90632791666667      -0.197629483640121     
   2.40466333333333        4.20666083333333      -0.184782071006789     
   2.40466333333333        4.50699375000000      -0.173031278295825     
   2.40466333333333        4.80732666666667      -0.161983585247771     
   2.40466333333333        5.10765958333333      -0.151107273493091     
   2.40466333333333        5.40799250000000      -0.140096640989005     
   2.40466333333333        5.70832541666667      -0.129085861725980     
   2.40466333333333        6.00865833333333      -0.118535482324082     
   2.40466333333333        6.30899125000000      -0.108924561467068     
   2.40466333333333        6.60932416666667      -0.100526563623683     
   2.40466333333333        6.90965708333333      -9.340498986705220E-002
   2.40466333333333        7.20999000000000      -8.744463656321005E-002
   2.70499625000000       2.000000000000000E-003  -1.11795683863670     
   2.70499625000000       0.302332916666667       -1.07088530164218     
   2.70499625000000       0.602665833333333      -0.947478524146783     
   2.70499625000000       0.902998750000000      -0.789203173140720     
   2.70499625000000        1.20333166666667      -0.641343075443221     
   2.70499625000000        1.50366458333333      -0.521684771848284     
   2.70499625000000        1.80399750000000      -0.429072360993914     
   2.70499625000000        2.10433041666667      -0.360192312582364     
   2.70499625000000        2.40466333333333      -0.311000029346030     
   2.70499625000000        2.70499625000000      -0.276740196432777     
   2.70499625000000        3.00532916666667      -0.252404303734988     
   2.70499625000000        3.30566208333333      -0.233670794337583     
   2.70499625000000        3.60599500000000      -0.217675723862607     
   2.70499625000000        3.90632791666667      -0.203103628806667     
   2.70499625000000        4.20666083333333      -0.189635159678797     
   2.70499625000000        4.50699375000000      -0.177194541542476     
   2.70499625000000        4.80732666666667      -0.165478952501895     
   2.70499625000000        5.10765958333333      -0.153993798135523     
   2.70499625000000        5.40799250000000      -0.142400740293942     
   2.70499625000000        5.70832541666667      -0.130767922622298     
   2.70499625000000        6.00865833333333      -0.119501591670989     
   2.70499625000000        6.30899125000000      -0.109066746493013     
   2.70499625000000        6.60932416666667      -9.999221928151418E-002
   2.70499625000000        6.90965708333333      -9.283705021286003E-002
   2.70499625000000        7.20999000000000      -8.747810869209711E-002
   3.00532916666667       2.000000000000000E-003  -1.42457004085678     
   3.00532916666667       0.302332916666667       -1.35764573422512     
   3.00532916666667       0.602665833333333       -1.17918949688403     
   3.00532916666667       0.902998750000000      -0.953256900211920     
   3.00532916666667        1.20333166666667      -0.742068196960321     
   3.00532916666667        1.50366458333333      -0.582466120767696     
   3.00532916666667        1.80399750000000      -0.466466670176183     
   3.00532916666667        2.10433041666667      -0.383106729063261     
   3.00532916666667        2.40466333333333      -0.324919384420418     
   3.00532916666667        2.70499625000000      -0.285416121842200     
   3.00532916666667        3.00532916666667      -0.258383726947888     
   3.00532916666667        3.30566208333333      -0.238460877353311     
   3.00532916666667        3.60599500000000      -0.221947894345103     
   3.00532916666667        3.90632791666667      -0.207008381408869     
   3.00532916666667        4.20666083333333      -0.193114972675311     
   3.00532916666667        4.50699375000000      -0.180181537648122     
   3.00532916666667        4.80732666666667      -0.167958933850270     
   3.00532916666667        5.10765958333333      -0.155990319309563     
   3.00532916666667        5.40799250000000      -0.143922764584859     
   3.00532916666667        5.70832541666667      -0.131752618616454     
   3.00532916666667        6.00865833333333      -0.119756869432730     
   3.00532916666667        6.30899125000000      -0.108368563550996     
   3.00532916666667        6.60932416666667      -9.868181073975525E-002
   3.00532916666667        6.90965708333333      -9.162752963584304E-002
   3.00532916666667        7.20999000000000      -8.718856384974402E-002
   3.30566208333333       2.000000000000000E-003  -1.66425257494705     
   3.30566208333333       0.302332916666667       -1.58575818185902     
   3.30566208333333       0.602665833333333       -1.36809206242530     
   3.30566208333333       0.902998750000000       -1.08434089665773     
   3.30566208333333        1.20333166666667      -0.822916924568068     
   3.30566208333333        1.50366458333333      -0.627792289997407     
   3.30566208333333        1.80399750000000      -0.493320368732228     
   3.30566208333333        2.10433041666667      -0.399220269294657     
   3.30566208333333        2.40466333333333      -0.334516190860900     
   3.30566208333333        2.70499625000000      -0.291211693739917     
   3.30566208333333        3.00532916666667      -0.262195825041972     
   3.30566208333333        3.30566208333333      -0.241384116009778     
   3.30566208333333        3.60599500000000      -0.224498432016259     
   3.30566208333333        3.90632791666667      -0.209332576218667     
   3.30566208333333        4.20666083333333      -0.195193716653323     
   3.30566208333333        4.50699375000000      -0.181967736286016     
   3.30566208333333        4.80732666666667      -0.169432229702272     
   3.30566208333333        5.10765958333333      -0.157154847442918     
   3.30566208333333        5.40799250000000      -0.144771306803375     
   3.30566208333333        5.70832541666667      -0.132208495327449     
   3.30566208333333        6.00865833333333      -0.119559866141638     
   3.30566208333333        6.30899125000000      -0.107427776495184     
   3.30566208333333        6.60932416666667      -9.719827307625711E-002
   3.30566208333333        6.90965708333333      -9.047556020309411E-002
   3.30566208333333        7.20999000000000      -8.679486243070410E-002
   3.60599500000000       2.000000000000000E-003  -1.82215626587390     
   3.60599500000000       0.302332916666667       -1.67294840331837     
   3.60599500000000       0.602665833333333       -1.44084943694245     
   3.60599500000000       0.902998750000000       -1.13496237853631     
   3.60599500000000        1.20333166666667      -0.854111569483758     
   3.60599500000000        1.50366458333333      -0.644811265037685     
   3.60599500000000        1.80399750000000      -0.503179749129263     
   3.60599500000000        2.10433041666667      -0.405075480152040     
   3.60599500000000        2.40466333333333      -0.337976885319918     
   3.60599500000000        2.70499625000000      -0.293275108905841     
   3.60599500000000        3.00532916666667      -0.263523558407811     
   3.60599500000000        3.30566208333333      -0.242379149476741     
   3.60599500000000        3.60599500000000      -0.225357589683149     
   3.60599500000000        3.90632791666667      -0.210119135190987     
   3.60599500000000        4.20666083333333      -0.195904621430784     
   3.60599500000000        4.50699375000000      -0.182584906867472     
   3.60599500000000        4.80732666666667      -0.169945716201161     
   3.60599500000000        5.10765958333333      -0.157562172456139     
   3.60599500000000        5.40799250000000      -0.145063384928629     
   3.60599500000000        5.70832541666667      -0.132344182004961     
   3.60599500000000        6.00865833333333      -0.119414418357685     
   3.60599500000000        6.30899125000000      -0.106974599929326     
   3.60599500000000        6.60932416666667      -9.652711751770575E-002
   3.60599500000000        6.90965708333333      -9.039108452625361E-002
   3.60599500000000        7.20999000000000      -8.748513225618042E-002
   3.90632791666667       2.000000000000000E-003  -1.66425257571436     
   3.90632791666667       0.302332916666667       -1.58558690101021     
   3.90632791666667       0.602665833333333       -1.36795758784637     
   3.90632791666667       0.902998750000000       -1.08429447631464     
   3.90632791666667        1.20333166666667      -0.822938971216853     
   3.90632791666667        1.50366458333333      -0.627851066682437     
   3.90632791666667        1.80399750000000      -0.493392036846982     
   3.90632791666667        2.10433041666667      -0.399290457415820     
   3.90632791666667        2.40466333333333      -0.334576526304126     
   3.90632791666667        2.70499625000000      -0.291260426565974     
   3.90632791666667        3.00532916666667      -0.262237118649414     
   3.90632791666667        3.30566208333333      -0.241425629693226     
   3.90632791666667        3.60599500000000      -0.224548173039434     
   3.90632791666667        3.90632791666667      -0.209395981481835     
   3.90632791666667        4.20666083333333      -0.195272044452296     
   3.90632791666667        4.50699375000000      -0.182057897418646     
   3.90632791666667        4.80732666666667      -0.169527537862645     
   3.90632791666667        5.10765958333333      -0.157246422320672     
   3.90632791666667        5.40799250000000      -0.144848921868895     
   3.90632791666667        5.70832541666667      -0.132260321504824     
   3.90632791666667        6.00865833333333      -0.119568189675459     
   3.90632791666667        6.30899125000000      -0.107370010573237     
   3.90632791666667        6.60932416666667      -9.705726425127489E-002
   3.90632791666667        6.90965708333333      -9.026460930067819E-002
   3.90632791666667        7.20999000000000      -8.654573541488753E-002
   4.20666083333333       2.000000000000000E-003  -1.42457130748916     
   4.20666083333333       0.302332916666667       -1.35750856759449     
   4.20666083333333       0.602665833333333       -1.17906928141706     
   4.20666083333333       0.902998750000000      -0.953231269769295     
   4.20666083333333        1.20333166666667      -0.742131443533928     
   4.20666083333333        1.50366458333333      -0.582579824166744     
   4.20666083333333        1.80399750000000      -0.466600081330438     
   4.20666083333333        2.10433041666667      -0.383237424787916     
   4.20666083333333        2.40466333333333      -0.325033872453818     
   4.20666083333333        2.70499625000000      -0.285512297960027     
   4.20666083333333        3.00532916666667      -0.258469948239389     
   4.20666083333333        3.30566208333333      -0.238551509428965     
   4.20666083333333        3.60599500000000      -0.222057091912634     
   4.20666083333333        3.90632791666667      -0.207144782260822     
   4.20666083333333        4.20666083333333      -0.193279037899465     
   4.20666083333333        4.50699375000000      -0.180365593593785     
   4.20666083333333        4.80732666666667      -0.168149242068847     
   4.20666083333333        5.10765958333333      -0.156169876732870     
   4.20666083333333        5.40799250000000      -0.144073451440382     
   4.20666083333333        5.70832541666667      -0.131855496111543     
   4.20666083333333        6.00865833333333      -0.119788349084021     
   4.20666083333333        6.30899125000000      -0.108294800299646     
   4.20666083333333        6.60932416666667      -9.847828146675543E-002
   4.20666083333333        6.90965708333333      -9.129144877398820E-002
   4.20666083333333        7.20999000000000      -8.676278378542349E-002
   4.50699375000000       2.000000000000000E-003  -1.11795876102263     
   4.50699375000000       0.302332916666667       -1.07083185291175     
   4.50699375000000       0.602665833333333      -0.947443511099493     
   4.50699375000000       0.902998750000000      -0.789240789223650     
   4.50699375000000        1.20333166666667      -0.641453294077769     
   4.50699375000000        1.50366458333333      -0.521843975582378     
   4.50699375000000        1.80399750000000      -0.429253569319608     
   4.50699375000000        2.10433041666667      -0.360371958634059     
   4.50699375000000        2.40466333333333      -0.311164243878064     
   4.50699375000000        2.70499625000000      -0.276888894656564     
   4.50699375000000        3.00532916666667      -0.252549965551425     
   4.50699375000000        3.30566208333333      -0.233832240295469     
   4.50699375000000        3.60599500000000      -0.217869601733263     
   4.50699375000000        3.90632791666667      -0.203337451909981     
   4.50699375000000        4.20666083333333      -0.189904737098173     
   4.50699375000000        4.50699375000000      -0.177485084223775     
   4.50699375000000        4.80732666666667      -0.165768868466524     
   4.50699375000000        5.10765958333333      -0.154259308017212     
   4.50699375000000        5.40799250000000      -0.142619207483786     
   4.50699375000000        5.70832541666667      -0.130919187085214     
   4.50699375000000        6.00865833333333      -0.119566509332057     
   4.50699375000000        6.30899125000000      -0.109022692415817     
   4.50699375000000        6.60932416666667      -9.982003494904841E-002
   4.50699375000000        6.90965708333333      -9.254583695559584E-002
   4.50699375000000        7.20999000000000      -8.711880498145147E-002
   4.80732666666667       2.000000000000000E-003 -0.839798648675130     
   4.80732666666667       0.302332916666667      -0.810985254740980     
   4.80732666666667       0.602665833333333      -0.735587579585602     
   4.80732666666667       0.902998750000000      -0.639385435608327     
   4.80732666666667        1.20333166666667      -0.543237840334736     
   4.80732666666667        1.50366458333333      -0.458176999222113     
   4.80732666666667        1.80399750000000      -0.388484005779030     
   4.80732666666667        2.10433041666667      -0.334708256196760     
   4.80732666666667        2.40466333333333      -0.295081147853803     
   4.80732666666667        2.70499625000000      -0.266363107391261     
   4.80732666666667        3.00532916666667      -0.244838823806778     
   4.80732666666667        3.30566208333333      -0.227366753887698     
   4.80732666666667        3.60599500000000      -0.212011962678760     
   4.80732666666667        3.90632791666667      -0.198002876123347     
   4.80732666666667        4.20666083333333      -0.185192060433808     
   4.80732666666667        4.50699375000000      -0.173452942413096     
   4.80732666666667        4.80732666666667      -0.162386938678604     
   4.80732666666667        5.10765958333333      -0.151463265361501     
   4.80732666666667        5.40799250000000      -0.140381304322296     
   4.80732666666667        5.70832541666667      -0.129281995746325     
   4.80732666666667        6.00865833333333      -0.118632337642208     
   4.80732666666667        6.30899125000000      -0.108917205153433     
   4.80732666666667        6.60932416666667      -0.100417699382247     
   4.80732666666667        6.90965708333333      -9.321312913523166E-002
   4.80732666666667        7.20999000000000      -8.721588918551780E-002
   5.10765958333333       2.000000000000000E-003 -0.631914260150859     
   5.10765958333333       0.302332916666667      -0.616579574519622     
   5.10765958333333       0.602665833333333      -0.575263060706142     
   5.10765958333333       0.902998750000000      -0.518927930184661     
   5.10765958333333        1.20333166666667      -0.457732328053742     
   5.10765958333333        1.50366458333333      -0.399696042113925     
   5.10765958333333        1.80399750000000      -0.349642989337922     
   5.10765958333333        2.10433041666667      -0.309402909897932     
   5.10765958333333        2.40466333333333      -0.278422422427365     
   5.10765958333333        2.70499625000000      -0.254643878590253     
   5.10765958333333        3.00532916666667      -0.235579236674902     
   5.10765958333333        3.30566208333333      -0.219245213111989     
   5.10765958333333        3.60599500000000      -0.204584318833194     
   5.10765958333333        3.90632791666667      -0.191289566158753     
   5.10765958333333        4.20666083333333      -0.179305408812934     
   5.10765958333333        4.50699375000000      -0.168400978835540     
   5.10765958333333        4.80732666666667      -0.158073878361158     
   5.10765958333333        5.10765958333333      -0.147789863371095     
   5.10765958333333        5.40799250000000      -0.137321471416789     
   5.10765958333333        5.70832541666667      -0.126881282297263     
   5.10765958333333        6.00865833333333      -0.116944265697786     
   5.10765958333333        6.30899125000000      -0.107924333950318     
   5.10765958333333        6.60932416666667      -9.997100445214996E-002
   5.10765958333333        6.90965708333333      -9.301421092479689E-002
   5.10765958333333        7.20999000000000      -8.685032904020071E-002
   5.40799250000000       2.000000000000000E-003 -0.492790227383249     
   5.40799250000000       0.302332916666667      -0.483951065479319     
   5.40799250000000       0.602665833333333      -0.459896252409844     
   5.40799250000000       0.902998750000000      -0.425750412591785     
   5.40799250000000        1.20333166666667      -0.387607860948351     
   5.40799250000000        1.50366458333333      -0.349985859283025     
   5.40799250000000        1.80399750000000      -0.315479992770418     
   5.40799250000000        2.10433041666667      -0.286090365646608     
   5.40799250000000        2.40466333333333      -0.261963746716951     
   5.40799250000000        2.70499625000000      -0.242003689110401     
   5.40799250000000        3.00532916666667      -0.224840068427816     
   5.40799250000000        3.30566208333333      -0.209536690178529     
   5.40799250000000        3.60599500000000      -0.195756034449596     
   5.40799250000000        3.90632791666667      -0.183462498637997     
   5.40799250000000        4.20666083333333      -0.172530571825323     
   5.40799250000000        4.50699375000000      -0.162561996829243     
   5.40799250000000        4.80732666666667      -0.152982823989630     
   5.40799250000000        5.10765958333333      -0.143324402359093     
   5.40799250000000        5.40799250000000      -0.133483972763778     
   5.40799250000000        5.70832541666667      -0.123754878836257     
   5.40799250000000        6.00865833333333      -0.114583543167572     
   5.40799250000000        6.30899125000000      -0.106244974469620     
   5.40799250000000        6.60932416666667      -9.879284963975390E-002
   5.40799250000000        6.90965708333333      -9.209561624876092E-002
   5.40799250000000        7.20999000000000      -8.597252156829503E-002
   5.70832541666667       2.000000000000000E-003 -0.398708217938815     
   5.70832541666667       0.302332916666667      -0.393543396371999     
   5.70832541666667       0.602665833333333      -0.379157160227393     
   5.70832541666667       0.902998750000000      -0.358301386298079     
   5.70832541666667        1.20333166666667      -0.334298156426493     
   5.70832541666667        1.50366458333333      -0.309902607277171     
   5.70832541666667        1.80399750000000      -0.286603316162708     
   5.70832541666667        2.10433041666667      -0.265036728561570     
   5.70832541666667        2.40466333333333      -0.245727818774592     
   5.70832541666667        2.70499625000000      -0.228368377343882     
   5.70832541666667        3.00532916666667      -0.212545440246662     
   5.70832541666667        3.30566208333333      -0.198238197956410     
   5.70832541666667        3.60599500000000      -0.185674294473420     
   5.70832541666667        3.90632791666667      -0.174824681700187     
   5.70832541666667        4.20666083333333      -0.165228009886647     
   5.70832541666667        4.50699375000000      -0.156248673136659     
   5.70832541666667        4.80732666666667      -0.147340446802603     
   5.70832541666667        5.10765958333333      -0.138219623153248     
   5.70832541666667        5.40799250000000      -0.128973519790225     
   5.70832541666667        5.70832541666667      -0.119983106283040     
   5.70832541666667        6.00865833333333      -0.111577845036915     
   5.70832541666667        6.30899125000000      -0.103934099849351     
   5.70832541666667        6.60932416666667      -9.701683653709059E-002
   5.70832541666667        6.90965708333333      -9.062294966887464E-002
   5.70832541666667        7.20999000000000      -8.461341558769993E-002
   6.00865833333333       2.000000000000000E-003 -0.333771765944112     
   6.00865833333333       0.302332916666667      -0.331053616626837     
   6.00865833333333       0.602665833333333      -0.322989639808808     
   6.00865833333333       0.902998750000000      -0.310487536985477     
   6.00865833333333        1.20333166666667      -0.295306502862425     
   6.00865833333333        1.50366458333333      -0.279022653807048     
   6.00865833333333        1.80399750000000      -0.262441026217307     
   6.00865833333333        2.10433041666667      -0.245763114230894     
   6.00865833333333        2.40466333333333      -0.229418241615165     
   6.00865833333333        2.70499625000000      -0.213550676371740     
   6.00865833333333        3.00532916666667      -0.198427360930705     
   6.00865833333333        3.30566208333333      -0.184967627337014     
   6.00865833333333        3.60599500000000      -0.174188577450425     
   6.00865833333333        3.90632791666667      -0.165616579693485     
   6.00865833333333        4.20666083333333      -0.157838524520784     
   6.00865833333333        4.50699375000000      -0.149853481191220     
   6.00865833333333        4.80732666666667      -0.141425818401532     
   6.00865833333333        5.10765958333333      -0.132660931193908     
   6.00865833333333        5.40799250000000      -0.123897162315742     
   6.00865833333333        5.70832541666667      -0.115558204717071     
   6.00865833333333        6.00865833333333      -0.107891037493306     
   6.00865833333333        6.30899125000000      -0.101011886939388     
   6.00865833333333        6.60932416666667      -9.474939163461590E-002
   6.00865833333333        6.90965708333333      -8.870174379243524E-002
   6.00865833333333        7.20999000000000      -8.275760885933740E-002
   6.30899125000000       2.000000000000000E-003 -0.284791775682556     
   6.30899125000000       0.302332916666667      -0.284895324497874     
   6.30899125000000       0.602665833333333      -0.282586916883191     
   6.30899125000000       0.902998750000000      -0.275917989885571     
   6.30899125000000        1.20333166666667      -0.266045941288029     
   6.30899125000000        1.50366458333333      -0.254442926793746     
   6.30899125000000        1.80399750000000      -0.241662974106998     
   6.30899125000000        2.10433041666667      -0.227674728932530     
   6.30899125000000        2.40466333333333      -0.212911030381360     
   6.30899125000000        2.70499625000000      -0.197512900308908     
   6.30899125000000        3.00532916666667      -0.182341449595073     
   6.30899125000000        3.30566208333333      -0.170100828531433     
   6.30899125000000        3.60599500000000      -0.162205023971346     
   6.30899125000000        3.90632791666667      -0.156880838052235     
   6.30899125000000        4.20666083333333      -0.151168386770292     
   6.30899125000000        4.50699375000000      -0.143898232021606     
   6.30899125000000        4.80732666666667      -0.135538972812772     
   6.30899125000000        5.10765958333333      -0.126821655093583     
   6.30899125000000        5.40799250000000      -0.118342947196332     
   6.30899125000000        5.70832541666667      -0.110524613664274     
   6.30899125000000        6.00865833333333      -0.103556674192286     
   6.30899125000000        6.30899125000000      -9.754950863678537E-002
   6.30899125000000        6.60932416666667      -9.221438248691691E-002
   6.30899125000000        6.90965708333333      -8.662249931443670E-002
   6.30899125000000        7.20999000000000      -8.050052613218800E-002
   6.60932416666667       2.000000000000000E-003 -0.243331263861848     
   6.60932416666667       0.302332916666667      -0.247919469511759     
   6.60932416666667       0.602665833333333      -0.252062844540335     
   6.60932416666667       0.902998750000000      -0.249503511774806     
   6.60932416666667        1.20333166666667      -0.242489388066665     
   6.60932416666667        1.50366458333333      -0.233312050587122     
   6.60932416666667        1.80399750000000      -0.222642280461259     
   6.60932416666667        2.10433041666667      -0.210411338285205     
   6.60932416666667        2.40466333333333      -0.196638096466061     
   6.60932416666667        2.70499625000000      -0.181462546864050     
   6.60932416666667        3.00532916666667      -0.166876698658325     
   6.60932416666667        3.30566208333333      -0.156598567778656     
   6.60932416666667        3.60599500000000      -0.152882993474678     
   6.60932416666667        3.90632791666667      -0.151157878151818     
   6.60932416666667        4.20666083333333      -0.146584583137339     
   6.60932416666667        4.50699375000000      -0.138934957628619     
   6.60932416666667        4.80732666666667      -0.129901841082204     
   6.60932416666667        5.10765958333333      -0.120833422874016     
   6.60932416666667        5.40799250000000      -0.112474249738547     
   6.60932416666667        5.70832541666667      -0.105045696781854     
   6.60932416666667        6.00865833333333      -9.867500297447111E-002
   6.60932416666667        6.30899125000000      -9.355077648848578E-002
   6.60932416666667        6.60932416666667      -8.953650359084893E-002
   6.60932416666667        6.90965708333333      -8.495482751654505E-002
   6.60932416666667        7.20999000000000      -7.824762605171873E-002
   6.90965708333333       2.000000000000000E-003 -0.220836823811787     
   6.90965708333333       0.302332916666667      -0.226188746323068     
   6.90965708333333       0.602665833333333      -0.230320434838627     
   6.90965708333333       0.902998750000000      -0.228043343923201     
   6.90965708333333        1.20333166666667      -0.221873518412803     
   6.90965708333333        1.50366458333333      -0.213903755812273     
   6.90965708333333        1.80399750000000      -0.204638984361234     
   6.90965708333333        2.10433041666667      -0.193970747792230     
   6.90965708333333        2.40466333333333      -0.181685436753172     
   6.90965708333333        2.70499625000000      -0.168199607033511     
   6.90965708333333        3.00532916666667      -0.155867277775269     
   6.90965708333333        3.30566208333333      -0.149591448179179     
   6.90965708333333        3.60599500000000      -0.150916372195120     
   6.90965708333333        3.90632791666667      -0.149604162061359     
   6.90965708333333        4.20666083333333      -0.143768925981490     
   6.90965708333333        4.50699375000000      -0.134599311082029     
   6.90965708333333        4.80732666666667      -0.124424635296857     
   6.90965708333333        5.10765958333333      -0.114828808291672     
   6.90965708333333        5.40799250000000      -0.106509610341556     
   6.90965708333333        5.70832541666667      -9.941580941819288E-002
   6.90965708333333        6.00865833333333      -9.349993874645209E-002
   6.90965708333333        6.30899125000000      -8.892770496789355E-002
   6.90965708333333        6.60932416666667      -8.586977099049635E-002
   6.90965708333333        6.90965708333333      -8.305387171096963E-002
   6.90965708333333        7.20999000000000      -7.678453275021342E-002
   7.20999000000000       2.000000000000000E-003 -0.214792430209131     
   7.20999000000000       0.302332916666667      -0.217624902285210     
   7.20999000000000       0.602665833333333      -0.214652263681915     
   7.20999000000000       0.902998750000000      -0.209216775543905     
   7.20999000000000        1.20333166666667      -0.202848207656996     
   7.20999000000000        1.50366458333333      -0.195726100671333     
   7.20999000000000        1.80399750000000      -0.187740301708485     
   7.20999000000000        2.10433041666667      -0.178866568894554     
   7.20999000000000        2.40466333333333      -0.169079573945217     
   7.20999000000000        2.70499625000000      -0.159151068402765     
   7.20999000000000        3.00532916666667      -0.151686265907243     
   7.20999000000000        3.30566208333333      -0.150525457592034     
   7.20999000000000        3.60599500000000      -0.150828955455332     
   7.20999000000000        3.90632791666667      -0.146329852601676     
   7.20999000000000        4.20666083333333      -0.139885431864937     
   7.20999000000000        4.50699375000000      -0.129552804217574     
   7.20999000000000        4.80732666666667      -0.118640107275913     
   7.20999000000000        5.10765958333333      -0.108815080815087     
   7.20999000000000        5.40799250000000      -0.100699001647898     
   7.20999000000000        5.70832541666667      -9.399859271518697E-002
   7.20999000000000        6.00865833333333      -8.852665461760366E-002
   7.20999000000000        6.30899125000000      -8.420813560022000E-002
   7.20999000000000        6.60932416666667      -8.088468225540613E-002
   7.20999000000000        6.90965708333333      -7.751045840270548E-002
   7.20999000000000        7.20999000000000      -7.393199683009909E-002
