  2.000000000000000E-003  2.000000000000000E-003  -1.46455581047695     
  2.000000000000000E-003  0.302332916666667       -1.60547140470552     
  2.000000000000000E-003  0.602665833333333       -1.43934144531184     
  2.000000000000000E-003  0.902998750000000       -1.11005313938672     
  2.000000000000000E-003   1.20333166666667      -0.802386725042255     
  2.000000000000000E-003   1.50366458333333      -0.559924048029279     
  2.000000000000000E-003   1.80399750000000      -0.383343492568435     
  2.000000000000000E-003   2.10433041666667      -0.263740649899171     
  2.000000000000000E-003   2.40466333333333      -0.184822249896297     
  2.000000000000000E-003   2.70499625000000      -0.136087140071789     
  2.000000000000000E-003   3.00532916666667      -0.112712246066954     
  2.000000000000000E-003   3.30566208333333      -9.725230745802589E-002
  2.000000000000000E-003   3.60599500000000      -9.495343170370645E-002
  2.000000000000000E-003   3.90632791666667      -4.961697790089702E-002
  2.000000000000000E-003   4.20666083333333      -2.286613767735807E-002
  2.000000000000000E-003   4.50699375000000      -2.481384288394994E-002
  2.000000000000000E-003   4.80732666666667      -3.809022077562715E-002
  2.000000000000000E-003   5.10765958333333      -5.292053284420480E-002
  2.000000000000000E-003   5.40799250000000      -6.755002437319017E-002
  2.000000000000000E-003   5.70832541666667      -8.374239146449609E-002
  2.000000000000000E-003   6.00865833333333      -0.101272428101500     
  2.000000000000000E-003   6.30899125000000      -0.118649007299737     
  2.000000000000000E-003   6.60932416666667      -0.134212362762331     
  2.000000000000000E-003   6.90965708333333      -0.150450188668600     
  2.000000000000000E-003   7.20999000000000      -0.141932444824359     
  0.302332916666667       2.000000000000000E-003  -1.60547412269026     
  0.302332916666667       0.302332916666667       -1.34542525012330     
  0.302332916666667       0.602665833333333       -1.20155487490065     
  0.302332916666667       0.902998750000000      -0.988673347668380     
  0.302332916666667        1.20333166666667      -0.744565543314144     
  0.302332916666667        1.50366458333333      -0.532744595580276     
  0.302332916666667        1.80399750000000      -0.371479374045053     
  0.302332916666667        2.10433041666667      -0.260032922844849     
  0.302332916666667        2.40466333333333      -0.185671139059448     
  0.302332916666667        2.70499625000000      -0.138888482042061     
  0.302332916666667        3.00532916666667      -0.118552767554486     
  0.302332916666667        3.30566208333333      -0.109574618808929     
  0.302332916666667        3.60599500000000      -9.625315184720724E-002
  0.302332916666667        3.90632791666667      -5.982911977662124E-002
  0.302332916666667        4.20666083333333      -3.358141813537321E-002
  0.302332916666667        4.50699375000000      -3.139712348971549E-002
  0.302332916666667        4.80732666666667      -4.133008396087320E-002
  0.302332916666667        5.10765958333333      -5.354535603887679E-002
  0.302332916666667        5.40799250000000      -6.644210231363983E-002
  0.302332916666667        5.70832541666667      -8.079647776132604E-002
  0.302332916666667        6.00865833333333      -9.590943831921322E-002
  0.302332916666667        6.30899125000000      -0.109831198775451     
  0.302332916666667        6.60932416666667      -0.120704384999950     
  0.302332916666667        6.90965708333333      -0.134832969525107     
  0.302332916666667        7.20999000000000      -0.154839851389527     
  0.602665833333333       2.000000000000000E-003  -1.43936165962037     
  0.602665833333333       0.302332916666667       -1.20157343643460     
  0.602665833333333       0.602665833333333      -0.952399015641984     
  0.602665833333333       0.902998750000000      -0.789117321330062     
  0.602665833333333        1.20333166666667      -0.625377756595852     
  0.602665833333333        1.50366458333333      -0.470178737815618     
  0.602665833333333        1.80399750000000      -0.342215754342667     
  0.602665833333333        2.10433041666667      -0.249049442532196     
  0.602665833333333        2.40466333333333      -0.185705589492405     
  0.602665833333333        2.70499625000000      -0.143470532539801     
  0.602665833333333        3.00532916666667      -0.125633323075169     
  0.602665833333333        3.30566208333333      -0.119029905015008     
  0.602665833333333        3.60599500000000      -0.104952731647146     
  0.602665833333333        3.90632791666667      -7.693966601964371E-002
  0.602665833333333        4.20666083333333      -5.325609170020523E-002
  0.602665833333333        4.50699375000000      -4.520666474655873E-002
  0.602665833333333        4.80732666666667      -4.834332530672675E-002
  0.602665833333333        5.10765958333333      -5.485751607397448E-002
  0.602665833333333        5.40799250000000      -6.371006583687659E-002
  0.602665833333333        5.70832541666667      -7.391128761162248E-002
  0.602665833333333        6.00865833333333      -8.414963100092759E-002
  0.602665833333333        6.30899125000000      -9.337186563373150E-002
  0.602665833333333        6.60932416666667      -0.103579333118296     
  0.602665833333333        6.90965708333333      -0.124334291002526     
  0.602665833333333        7.20999000000000      -0.142282497166397     
  0.902998750000000       2.000000000000000E-003  -1.11012162409983     
  0.902998750000000       0.302332916666667      -0.988739678806431     
  0.902998750000000       0.602665833333333      -0.789161094402655     
  0.902998750000000       0.902998750000000      -0.637092054405146     
  0.902998750000000        1.20333166666667      -0.513149865134064     
  0.902998750000000        1.50366458333333      -0.401523507933288     
  0.902998750000000        1.80399750000000      -0.305965143556059     
  0.902998750000000        2.10433041666667      -0.232900851912208     
  0.902998750000000        2.40466333333333      -0.180201454206022     
  0.902998750000000        2.70499625000000      -0.144555170877150     
  0.902998750000000        3.00532916666667      -0.125907025516978     
  0.902998750000000        3.30566208333333      -0.116732136378135     
  0.902998750000000        3.60599500000000      -0.104289532244774     
  0.902998750000000        3.90632791666667      -8.485933434194645E-002
  0.902998750000000        4.20666083333333      -6.657601804046738E-002
  0.902998750000000        4.50699375000000      -5.672758832414065E-002
  0.902998750000000        4.80732666666667      -5.419624433629562E-002
  0.902998750000000        5.10765958333333      -5.584294163774958E-002
  0.902998750000000        5.40799250000000      -6.034423968238186E-002
  0.902998750000000        5.70832541666667      -6.616443541765461E-002
  0.902998750000000        6.00865833333333      -7.207340998738396E-002
  0.902998750000000        6.30899125000000      -7.816274163889107E-002
  0.902998750000000        6.60932416666667      -8.701618585690314E-002
  0.902998750000000        6.90965708333333      -0.101118816362641     
  0.902998750000000        7.20999000000000      -0.109660916245851     
   1.20333166666667       2.000000000000000E-003 -0.802520929455363     
   1.20333166666667       0.302332916666667      -0.744696817258322     
   1.20333166666667       0.602665833333333      -0.625482297253083     
   1.20333166666667       0.902998750000000      -0.513208034562787     
   1.20333166666667        1.20333166666667      -0.420054766025901     
   1.20333166666667        1.50366458333333      -0.339012502490292     
   1.20333166666667        1.80399750000000      -0.268824812546091     
   1.20333166666667        2.10433041666667      -0.212341724947538     
   1.20333166666667        2.40466333333333      -0.169452636490906     
   1.20333166666667        2.70499625000000      -0.139512793321061     
   1.20333166666667        3.00532916666667      -0.120786984926692     
   1.20333166666667        3.30566208333333      -0.109130009153252     
   1.20333166666667        3.60599500000000      -9.792669457627798E-002
   1.20333166666667        3.90632791666667      -8.428612044106173E-002
   1.20333166666667        4.20666083333333      -7.118203200004905E-002
   1.20333166666667        4.50699375000000      -6.197378674079587E-002
   1.20333166666667        4.80732666666667      -5.708869309906586E-002
   1.20333166666667        5.10765958333333      -5.575814375448471E-002
   1.20333166666667        5.40799250000000      -5.693573788775527E-002
   1.20333166666667        5.70832541666667      -5.934727201872990E-002
   1.20333166666667        6.00865833333333      -6.211055504543299E-002
   1.20333166666667        6.30899125000000      -6.554975693541400E-002
   1.20333166666667        6.60932416666667      -7.094517126698566E-002
   1.20333166666667        6.90965708333333      -7.805114041742246E-002
   1.20333166666667        7.20999000000000      -8.177496050547162E-002
   1.50366458333333       2.000000000000000E-003 -0.560129436702864     
   1.50366458333333       0.302332916666667      -0.532945434061181     
   1.50366458333333       0.602665833333333      -0.470348867577966     
   1.50366458333333       0.902998750000000      -0.401643672493310     
   1.50366458333333        1.20333166666667      -0.339072710559282     
   1.50366458333333        1.50366458333333      -0.282643848279867     
   1.50366458333333        1.80399750000000      -0.232228016714921     
   1.50366458333333        2.10433041666667      -0.189516772024024     
   1.50366458333333        2.40466333333333      -0.155608474104998     
   1.50366458333333        2.70499625000000      -0.130582351660535     
   1.50366458333333        3.00532916666667      -0.113194165711694     
   1.50366458333333        3.30566208333333      -0.100833307565033     
   1.50366458333333        3.60599500000000      -9.039188767468007E-002
   1.50366458333333        3.90632791666667      -8.012987882478725E-002
   1.50366458333333        4.20666083333333      -7.046168909706449E-002
   1.50366458333333        4.50699375000000      -6.260737360905173E-002
   1.50366458333333        4.80732666666667      -5.727402112000099E-002
   1.50366458333333        5.10765958333333      -5.443673773576250E-002
   1.50366458333333        5.40799250000000      -5.353854274325450E-002
   1.50366458333333        5.70832541666667      -5.373880620783040E-002
   1.50366458333333        6.00865833333333      -5.437660683597584E-002
   1.50366458333333        6.30899125000000      -5.563253351483535E-002
   1.50366458333333        6.60932416666667      -5.799077892798693E-002
   1.50366458333333        6.90965708333333      -6.095546724168444E-002
   1.50366458333333        7.20999000000000      -6.240061480612346E-002
   1.80399750000000       2.000000000000000E-003 -0.383615493792770     
   1.80399750000000       0.302332916666667      -0.371744694800124     
   1.80399750000000       0.602665833333333      -0.342445099077409     
   1.80399750000000       0.902998750000000      -0.306139806631361     
   1.80399750000000        1.20333166666667      -0.268936643358647     
   1.80399750000000        1.50366458333333      -0.232279426745838     
   1.80399750000000        1.80399750000000      -0.197466123278389     
   1.80399750000000        2.10433041666667      -0.166419445962087     
   1.80399750000000        2.40466333333333      -0.140440557528759     
   1.80399750000000        2.70499625000000      -0.120016513542103     
   1.80399750000000        3.00532916666667      -0.104670838408766     
   1.80399750000000        3.30566208333333      -9.306555228280994E-002
   1.80399750000000        3.60599500000000      -8.356014530558387E-002
   1.80399750000000        3.90632791666667      -7.502257333266145E-002
   1.80399750000000        4.20666083333333      -6.723432577510624E-002
   1.80399750000000        4.50699375000000      -6.057973226094389E-002
   1.80399750000000        4.80732666666667      -5.547935392648966E-002
   1.80399750000000        5.10765958333333      -5.204367600772219E-002
   1.80399750000000        5.40799250000000      -5.001699391204247E-002
   1.80399750000000        5.70832541666667      -4.892333833748339E-002
   1.80399750000000        6.00865833333333      -4.831268408874997E-002
   1.80399750000000        6.30899125000000      -4.809980486986571E-002
   1.80399750000000        6.60932416666667      -4.851713414748114E-002
   1.80399750000000        6.90965708333333      -4.932790380274715E-002
   1.80399750000000        7.20999000000000      -4.968989070458060E-002
   2.10433041666667       2.000000000000000E-003 -0.264071206723304     
   2.10433041666667       0.302332916666667      -0.260351252430181     
   2.10433041666667       0.602665833333333      -0.249322891843610     
   2.10433041666667       0.902998750000000      -0.233111756414197     
   2.10433041666667        1.20333166666667      -0.212490153565965     
   2.10433041666667        1.50366458333333      -0.189609130049081     
   2.10433041666667        1.80399750000000      -0.166462750567914     
   2.10433041666667        2.10433041666667      -0.144601776157404     
   2.10433041666667        2.40466333333333      -0.125162174359834     
   2.10433041666667        2.70499625000000      -0.108814008676695     
   2.10433041666667        3.00532916666667      -9.564806521242813E-002
   2.10433041666667        3.30566208333333      -8.518289250822854E-002
   2.10433041666667        3.60599500000000      -7.661716322760800E-002
   2.10433041666667        3.90632791666667      -6.923813732189189E-002
   2.10433041666667        4.20666083333333      -6.271077405140335E-002
   2.10433041666667        4.50699375000000      -5.706048160513217E-002
   2.10433041666667        4.80732666666667      -5.244642022181997E-002
   2.10433041666667        5.10765958333333      -4.893479695106409E-002
   2.10433041666667        5.40799250000000      -4.640144175063754E-002
   2.10433041666667        5.70832541666667      -4.458752395744349E-002
   2.10433041666667        6.00865833333333      -4.324341633147837E-002
   2.10433041666667        6.30899125000000      -4.225212773371334E-002
   2.10433041666667        6.60932416666667      -4.164302433780219E-002
   2.10433041666667        6.90965708333333      -4.149485714460233E-002
   2.10433041666667        7.20999000000000      -4.150576226853409E-002
   2.40466333333333       2.000000000000000E-003 -0.185219130824585     
   2.40466333333333       0.302332916666667      -0.186044974521419     
   2.40466333333333       0.602665833333333      -0.186012456536008     
   2.40466333333333       0.902998750000000      -0.180437319470828     
   2.40466333333333        1.20333166666667      -0.169627597879432     
   2.40466333333333        1.50366458333333      -0.155732352307414     
   2.40466333333333        1.80399750000000      -0.140520090453110     
   2.40466333333333        2.10433041666667      -0.125201144562483     
   2.40466333333333        2.40466333333333      -0.110683253034520     
   2.40466333333333        2.70499625000000      -9.766082538404727E-002
   2.40466333333333        3.00532916666667      -8.653150338321028E-002
   2.40466333333333        3.30566208333333      -7.731269897016987E-002
   2.40466333333333        3.60599500000000      -6.969836302653941E-002
   2.40466333333333        3.90632791666667      -6.326918777042638E-002
   2.40466333333333        4.20666083333333      -5.771556396641956E-002
   2.40466333333333        4.50699375000000      -5.291438737260983E-002
   2.40466333333333        4.80732666666667      -4.886019074889233E-002
   2.40466333333333        5.10765958333333      -4.554381042002831E-002
   2.40466333333333        5.40799250000000      -4.287177442228392E-002
   2.40466333333333        5.70832541666667      -4.067983351251878E-002
   2.40466333333333        6.00865833333333      -3.881745458375703E-002
   2.40466333333333        6.30899125000000      -3.724604567092562E-002
   2.40466333333333        6.60932416666667      -3.611189664221738E-002
   2.40466333333333        6.90965708333333      -3.572245867233793E-002
   2.40466333333333        7.20999000000000      -3.618450637508796E-002
   2.70499625000000       2.000000000000000E-003 -0.136551097953541     
   2.70499625000000       0.302332916666667      -0.139315870219441     
   2.70499625000000       0.602665833333333      -0.143806250639067     
   2.70499625000000       0.902998750000000      -0.144803765547614     
   2.70499625000000        1.20333166666667      -0.139701906383272     
   2.70499625000000        1.50366458333333      -0.130728639639059     
   2.70499625000000        1.80399750000000      -0.120126326509522     
   2.70499625000000        2.10433041666667      -0.108888820861466     
   2.70499625000000        2.40466333333333      -9.769938169529258E-002
   2.70499625000000        2.70499625000000      -8.717977268186798E-002
   2.70499625000000        3.00532916666667      -7.782067852414987E-002
   2.70499625000000        3.30566208333333      -6.985048485943052E-002
   2.70499625000000        3.60599500000000      -6.320415268736998E-002
   2.70499625000000        3.90632791666667      -5.763492605151489E-002
   2.70499625000000        4.20666083333333      -5.288662572470908E-002
   2.70499625000000        4.50699375000000      -4.879337753055563E-002
   2.70499625000000        4.80732666666667      -4.527316469204641E-002
   2.70499625000000        5.10765958333333      -4.225793781908609E-002
   2.70499625000000        5.40799250000000      -3.963359893799129E-002
   2.70499625000000        5.70832541666667      -3.724119917931477E-002
   2.70499625000000        6.00865833333333      -3.492589369355990E-002
   2.70499625000000        6.30899125000000      -3.262163477164132E-002
   2.70499625000000        6.60932416666667      -3.084888136445978E-002
   2.70499625000000        6.90965708333333      -3.077123508686165E-002
   2.70499625000000        7.20999000000000      -3.257088512832265E-002
   3.00532916666667       2.000000000000000E-003 -0.113197750752129     
   3.00532916666667       0.302332916666667      -0.118977630260725     
   3.00532916666667       0.602665833333333      -0.125943903512466     
   3.00532916666667       0.902998750000000      -0.126138652542361     
   3.00532916666667        1.20333166666667      -0.120976812441934     
   3.00532916666667        1.50366458333333      -0.113356301460980     
   3.00532916666667        1.80399750000000      -0.104807219679338     
   3.00532916666667        2.10433041666667      -9.575680159047428E-002
   3.00532916666667        2.40466333333333      -8.660847772667202E-002
   3.00532916666667        2.70499625000000      -7.786108241110323E-002
   3.00532916666667        3.00532916666667      -6.996418919478811E-002
   3.00532916666667        3.30566208333333      -6.316298415616373E-002
   3.00532916666667        3.60599500000000      -5.745693952903632E-002
   3.00532916666667        3.90632791666667      -5.267480049521342E-002
   3.00532916666667        4.20666083333333      -4.860338657332203E-002
   3.00532916666667        4.50699375000000      -4.508535046549707E-002
   3.00532916666667        4.80732666666667      -4.202449624291598E-002
   3.00532916666667        5.10765958333333      -3.932136919619603E-002
   3.00532916666667        5.40799250000000      -3.682358510090948E-002
   3.00532916666667        5.70832541666667      -3.432420845158698E-002
   3.00532916666667        6.00865833333333      -3.156191991386497E-002
   3.00532916666667        6.30899125000000      -2.844373273649542E-002
   3.00532916666667        6.60932416666667      -2.620082365884751E-002
   3.00532916666667        6.90965708333333      -2.651478010976620E-002
   3.00532916666667        7.20999000000000      -3.016475873216596E-002
   3.30566208333333       2.000000000000000E-003 -9.766726316242588E-002
   3.30566208333333       0.302332916666667      -0.109910461474314     
   3.30566208333333       0.602665833333333      -0.119268594533354     
   3.30566208333333       0.902998750000000      -0.116929719463746     
   3.30566208333333        1.20333166666667      -0.109316221729744     
   3.30566208333333        1.50366458333333      -0.101011223521793     
   3.30566208333333        1.80399750000000      -9.322818525126503E-002
   3.30566208333333        2.10433041666667      -8.532480810964732E-002
   3.30566208333333        2.40466333333333      -7.742759652908185E-002
   3.30566208333333        2.70499625000000      -6.993175198929477E-002
   3.30566208333333        3.00532916666667      -6.320520212663083E-002
   3.30566208333333        3.30566208333333      -5.742405422264116E-002
   3.30566208333333        3.60599500000000      -5.256409005928654E-002
   3.30566208333333        3.90632791666667      -4.847322003996517E-002
   3.30566208333333        4.20666083333333      -4.496527799550609E-002
   3.30566208333333        4.50699375000000      -4.190982007165255E-002
   3.30566208333333        4.80732666666667      -3.922760033685604E-002
   3.30566208333333        5.10765958333333      -3.681139609525762E-002
   3.30566208333333        5.40799250000000      -3.447954298455910E-002
   3.30566208333333        5.70832541666667      -3.197412819174486E-002
   3.30566208333333        6.00865833333333      -2.890667306853061E-002
   3.30566208333333        6.30899125000000      -2.539722680955400E-002
   3.30566208333333        6.60932416666667      -2.288159967904420E-002
   3.30566208333333        6.90965708333333      -2.347968352098792E-002
   3.30566208333333        7.20999000000000      -2.793400989042167E-002
   3.60599500000000       2.000000000000000E-003 -9.521672510674840E-002
   3.60599500000000       0.302332916666667      -9.651127189918077E-002
   3.60599500000000       0.602665833333333      -0.105166597237453     
   3.60599500000000       0.902998750000000      -0.104489534160471     
   3.60599500000000        1.20333166666667      -9.812851470222585E-002
   3.60599500000000        1.50366458333333      -9.059343780414811E-002
   3.60599500000000        1.80399750000000      -8.375149380636007E-002
   3.60599500000000        2.10433041666667      -7.679194740169956E-002
   3.60599500000000        2.40466333333333      -6.984980679209847E-002
   3.60599500000000        2.70499625000000      -6.332507310707371E-002
   3.60599500000000        3.00532916666667      -5.754108474465262E-002
   3.60599500000000        3.30566208333333      -5.260722724297711E-002
   3.60599500000000        3.60599500000000      -4.845669086025444E-002
   3.60599500000000        3.90632791666667      -4.493729397616687E-002
   3.60599500000000        4.20666083333333      -4.188608451302840E-002
   3.60599500000000        4.50699375000000      -3.920493327170712E-002
   3.60599500000000        4.80732666666667      -3.683854366588810E-002
   3.60599500000000        5.10765958333333      -3.468514432756620E-002
   3.60599500000000        5.40799250000000      -3.255779426064585E-002
   3.60599500000000        5.70832541666667      -3.019519601578519E-002
   3.60599500000000        6.00865833333333      -2.722424590397474E-002
   3.60599500000000        6.30899125000000      -2.392029111497211E-002
   3.60599500000000        6.60932416666667      -2.180773957214756E-002
   3.60599500000000        6.90965708333333      -2.323368264840379E-002
   3.60599500000000        7.20999000000000      -2.576445288431200E-002
   3.90632791666667       2.000000000000000E-003 -5.007133783041288E-002
   3.90632791666667       0.302332916666667      -6.022989365922721E-002
   3.90632791666667       0.602665833333333      -7.724849560429640E-002
   3.90632791666667       0.902998750000000      -8.512123424356674E-002
   3.90632791666667        1.20333166666667      -8.453047841115999E-002
   3.90632791666667        1.50366458333333      -8.036430690438134E-002
   3.90632791666667        1.80399750000000      -7.524464014394590E-002
   3.90632791666667        2.10433041666667      -6.944433918443178E-002
   3.90632791666667        2.40466333333333      -6.345436174237944E-002
   3.90632791666667        2.70499625000000      -5.779274230365057E-002
   3.90632791666667        3.00532916666667      -5.279904192282427E-002
   3.90632791666667        3.30566208333333      -4.855895401643724E-002
   3.90632791666667        3.60599500000000      -4.498122842532806E-002
   3.90632791666667        3.90632791666667      -4.191423455388121E-002
   3.90632791666667        4.20666083333333      -3.922741578904619E-002
   3.90632791666667        4.50699375000000      -3.685681127922900E-002
   3.90632791666667        4.80732666666667      -3.476465797080835E-002
   3.90632791666667        5.10765958333333      -3.285827954150679E-002
   3.90632791666667        5.40799250000000      -3.096891143907304E-002
   3.90632791666667        5.70832541666667      -2.888752800620400E-002
   3.90632791666667        6.00865833333333      -2.637819883793997E-002
   3.90632791666667        6.30899125000000      -2.366701644761708E-002
   3.90632791666667        6.60932416666667      -2.199295745203116E-002
   3.90632791666667        6.90965708333333      -2.270415749726980E-002
   3.90632791666667        7.20999000000000      -2.462241049572753E-002
   4.20666083333333       2.000000000000000E-003 -2.341150944500172E-002
   4.20666083333333       0.302332916666667      -3.408834928187259E-002
   4.20666083333333       0.602665833333333      -5.366415858334837E-002
   4.20666083333333       0.902998750000000      -6.690990814662204E-002
   4.20666083333333        1.20333166666667      -7.147416753067060E-002
   4.20666083333333        1.50366458333333      -7.073034214339498E-002
   4.20666083333333        1.80399750000000      -6.748512874105281E-002
   4.20666083333333        2.10433041666667      -6.294443303971251E-002
   4.20666083333333        2.40466333333333      -5.792991236202205E-002
   4.20666083333333        2.70499625000000      -5.307734131922674E-002
   4.20666083333333        3.00532916666667      -4.876502251259703E-002
   4.20666083333333        3.30566208333333      -4.509246840587179E-002
   4.20666083333333        3.60599500000000      -4.197430303110396E-002
   4.20666083333333        3.90632791666667      -3.927303778199414E-002
   4.20666083333333        4.20666083333333      -3.689170687209122E-002
   4.20666083333333        4.50699375000000      -3.479209918908583E-002
   4.20666083333333        4.80732666666667      -3.294372197857109E-002
   4.20666083333333        5.10765958333333      -3.126401610069034E-002
   4.20666083333333        5.40799250000000      -2.961767469019920E-002
   4.20666083333333        5.70832541666667      -2.786955104844244E-002
   4.20666083333333        6.00865833333333      -2.593467193352291E-002
   4.20666083333333        6.30899125000000      -2.390994347262969E-002
   4.20666083333333        6.60932416666667      -2.249396426417464E-002
   4.20666083333333        6.90965708333333      -2.232514911589101E-002
   4.20666083333333        7.20999000000000      -2.348083384096717E-002
   4.50699375000000       2.000000000000000E-003 -2.533223165164869E-002
   4.50699375000000       0.302332916666667      -3.189829366772704E-002
   4.50699375000000       0.602665833333333      -4.564251359057564E-002
   4.50699375000000       0.902998750000000      -5.709764821335590E-002
   4.50699375000000        1.20333166666667      -6.229902618797156E-002
   4.50699375000000        1.50366458333333      -6.290300308506287E-002
   4.50699375000000        1.80399750000000      -6.085309259038868E-002
   4.50699375000000        2.10433041666667      -5.731543814923765E-002
   4.50699375000000        2.40466333333333      -5.315215601322884E-002
   4.50699375000000        2.70499625000000      -4.901232830921248E-002
   4.50699375000000        3.00532916666667      -4.528131412583476E-002
   4.50699375000000        3.30566208333333      -4.207713826582233E-002
   4.50699375000000        3.60599500000000      -3.933766111680631E-002
   4.50699375000000        3.90632791666667      -3.694953036464180E-002
   4.50699375000000        4.20666083333333      -3.484024959396036E-002
   4.50699375000000        4.50699375000000      -3.298257023370353E-002
   4.50699375000000        4.80732666666667      -3.134598355793626E-002
   4.50699375000000        5.10765958333333      -2.986028862848425E-002
   4.50699375000000        5.40799250000000      -2.842961925438229E-002
   4.50699375000000        5.70832541666667      -2.698454319172443E-002
   4.50699375000000        6.00865833333333      -2.552580143783146E-002
   4.50699375000000        6.30899125000000      -2.414246987410680E-002
   4.50699375000000        6.60932416666667      -2.307489506827740E-002
   4.50699375000000        6.90965708333333      -2.269690027628567E-002
   4.50699375000000        7.20999000000000      -2.317465756227960E-002
   4.80732666666667       2.000000000000000E-003 -3.855020253910092E-002
   4.80732666666667       0.302332916666667      -4.178441933179516E-002
   4.80732666666667       0.602665833333333      -4.876310308495121E-002
   4.80732666666667       0.902998750000000      -5.457586510672480E-002
   4.80732666666667        1.20333166666667      -5.743257017155921E-002
   4.80732666666667        1.50366458333333      -5.758771188795351E-002
   4.80732666666667        1.80399750000000      -5.576849421570139E-002
   4.80732666666667        2.10433041666667      -5.271671655255938E-002
   4.80732666666667        2.40466333333333      -4.911609045949533E-002
   4.80732666666667        2.70499625000000      -4.551605447992980E-002
   4.80732666666667        3.00532916666667      -4.225183033275559E-002
   4.80732666666667        3.30566208333333      -3.943352879753617E-002
   4.80732666666667        3.60599500000000      -3.701553303242224E-002
   4.80732666666667        3.90632791666667      -3.490520829629307E-002
   4.80732666666667        4.20666083333333      -3.304150421798079E-002
   4.80732666666667        4.50699375000000      -3.139627658698433E-002
   4.80732666666667        4.80732666666667      -2.993707380826759E-002
   4.80732666666667        5.10765958333333      -2.860857854136352E-002
   4.80732666666667        5.40799250000000      -2.735232892596189E-002
   4.80732666666667        5.70832541666667      -2.614753088545239E-002
   4.80732666666667        6.00865833333333      -2.503371637654638E-002
   4.80732666666667        6.30899125000000      -2.409595030206821E-002
   4.80732666666667        6.60932416666667      -2.342795726356979E-002
   4.80732666666667        6.90965708333333      -2.310365994895961E-002
   4.80732666666667        7.20999000000000      -2.316339637097222E-002
   5.10765958333333       2.000000000000000E-003 -5.334186742153300E-002
   5.10765958333333       0.302332916666667      -5.396770891704795E-002
   5.10765958333333       0.602665833333333      -5.526553048306465E-002
   5.10765958333333       0.902998750000000      -5.622830584739223E-002
   5.10765958333333        1.20333166666667      -5.611565737938452E-002
   5.10765958333333        1.50366458333333      -5.476506868072677E-002
   5.10765958333333        1.80399750000000      -5.234604275173202E-002
   5.10765958333333        2.10433041666667      -4.921799596315479E-002
   5.10765958333333        2.40466333333333      -4.581530612723795E-002
   5.10765958333333        2.70499625000000      -4.252232164077235E-002
   5.10765958333333        3.00532916666667      -3.957801307719742E-002
   5.10765958333333        3.30566208333333      -3.705438363727218E-002
   5.10765958333333        3.60599500000000      -3.490525652098506E-002
   5.10765958333333        3.90632791666667      -3.304578825531904E-002
   5.10765958333333        4.20666083333333      -3.141079904514076E-002
   5.10765958333333        4.50699375000000      -2.996060086888092E-002
   5.10765958333333        4.80732666666667      -2.865908975311773E-002
   5.10765958333333        5.10765958333333      -2.746463873651606E-002
   5.10765958333333        5.40799250000000      -2.634758630922757E-002
   5.10765958333333        5.70832541666667      -2.531815149449932E-002
   5.10765958333333        6.00865833333333      -2.443449741486096E-002
   5.10765958333333        6.30899125000000      -2.377389301904515E-002
   5.10765958333333        6.60932416666667      -2.337821336805184E-002
   5.10765958333333        6.90965708333333      -2.321880611879329E-002
   5.10765958333333        7.20999000000000      -2.313913738680235E-002
   5.40799250000000       2.000000000000000E-003 -6.799364352548699E-002
   5.40799250000000       0.302332916666667      -6.688498522872947E-002
   5.40799250000000       0.602665833333333      -6.413925618477280E-002
   5.40799250000000       0.902998750000000      -6.075082237452270E-002
   5.40799250000000        1.20333166666667      -5.731462601058012E-002
   5.40799250000000        1.50366458333333      -5.388764729191817E-002
   5.40799250000000        1.80399750000000      -5.033741807991568E-002
   5.40799250000000        2.10433041666667      -4.670090132003058E-002
   5.40799250000000        2.40466333333333      -4.316085511158974E-002
   5.40799250000000        2.70499625000000      -3.992044420302471E-002
   5.40799250000000        3.00532916666667      -3.710983812975057E-002
   5.40799250000000        3.30566208333333      -3.475921858819774E-002
   5.40799250000000        3.60599500000000      -3.281960458330493E-002
   5.40799250000000        3.90632791666667      -3.120068798771379E-002
   5.40799250000000        4.20666083333333      -2.980990698536457E-002
   5.40799250000000        4.50699375000000      -2.857629470103780E-002
   5.40799250000000        4.80732666666667      -2.745018769889215E-002
   5.40799250000000        5.10765958333333      -2.639567418282248E-002
   5.40799250000000        5.40799250000000      -2.539641528497175E-002
   5.40799250000000        5.70832541666667      -2.447258237469082E-002
   5.40799250000000        6.00865833333333      -2.371025025221109E-002
   5.40799250000000        6.30899125000000      -2.331411430536852E-002
   5.40799250000000        6.60932416666667      -2.329123138804132E-002
   5.40799250000000        6.90965708333333      -2.342803525235399E-002
   5.40799250000000        7.20999000000000      -2.342485067902067E-002
   5.70832541666667       2.000000000000000E-003 -8.428581274262816E-002
   5.70832541666667       0.302332916666667      -8.133111856218073E-002
   5.70832541666667       0.602665833333333      -7.441784416127502E-002
   5.70832541666667       0.902998750000000      -6.663511877941750E-002
   5.70832541666667        1.20333166666667      -5.977714449326418E-002
   5.70832541666667        1.50366458333333      -5.412606713681613E-002
   5.70832541666667        1.80399750000000      -4.927387728659684E-002
   5.70832541666667        2.10433041666667      -4.491203183152162E-002
   5.70832541666667        2.40466333333333      -4.099303439482237E-002
   5.70832541666667        2.70499625000000      -3.755581544670242E-002
   5.70832541666667        3.00532916666667      -3.464490721602538E-002
   5.70832541666667        3.30566208333333      -3.229431545930929E-002
   5.70832541666667        3.60599500000000      -3.049946440273503E-002
   5.70832541666667        3.90632791666667      -2.915998203095756E-002
   5.70832541666667        4.20666083333333      -2.810053128844580E-002
   5.70832541666667        4.50699375000000      -2.717004092231050E-002
   5.70832541666667        4.80732666666667      -2.628582831425559E-002
   5.70832541666667        5.10765958333333      -2.540852260041091E-002
   5.70832541666667        5.40799250000000      -2.451596772093625E-002
   5.70832541666667        5.70832541666667      -2.364723330711664E-002
   5.70832541666667        6.00865833333333      -2.309594033766383E-002
   5.70832541666667        6.30899125000000      -2.305791840823625E-002
   5.70832541666667        6.60932416666667      -2.355194412663956E-002
   5.70832541666667        6.90965708333333      -2.424509506548789E-002
   5.70832541666667        7.20999000000000      -2.450158834705984E-002
   6.00865833333333       2.000000000000000E-003 -0.102014269905466     
   6.00865833333333       0.302332916666667      -9.662078332989907E-002
   6.00865833333333       0.602665833333333      -8.479736273354431E-002
   6.00865833333333       0.902998750000000      -7.265922603785140E-002
   6.00865833333333        1.20333166666667      -6.263240268974840E-002
   6.00865833333333        1.50366458333333      -5.483105203062814E-002
   6.00865833333333        1.80399750000000      -4.870933275210337E-002
   6.00865833333333        2.10433041666667      -4.360374371373642E-002
   6.00865833333333        2.40466333333333      -3.916336584345636E-002
   6.00865833333333        2.70499625000000      -3.527721693974741E-002
   6.00865833333333        3.00532916666667      -3.192896922452823E-002
   6.00865833333333        3.30566208333333      -2.928121583636087E-002
   6.00865833333333        3.60599500000000      -2.757845243026105E-002
   6.00865833333333        3.90632791666667      -2.668715134329516E-002
   6.00865833333333        4.20666083333333      -2.619308478112085E-002
   6.00865833333333        4.50699375000000      -2.573808689776783E-002
   6.00865833333333        4.80732666666667      -2.520214308841105E-002
   6.00865833333333        5.10765958333333      -2.455861584672970E-002
   6.00865833333333        5.40799250000000      -2.378962026985996E-002
   6.00865833333333        5.70832541666667      -2.313138762629429E-002
   6.00865833333333        6.00865833333333      -2.287066952327662E-002
   6.00865833333333        6.30899125000000      -2.328062584358834E-002
   6.00865833333333        6.60932416666667      -2.454143627023355E-002
   6.00865833333333        6.90965708333333      -2.622286640518660E-002
   6.00865833333333        7.20999000000000      -2.694136452014532E-002
   6.30899125000000       2.000000000000000E-003 -0.119700042800853     
   6.30899125000000       0.302332916666667      -0.110796267167064     
   6.30899125000000       0.602665833333333      -9.420996363460893E-002
   6.30899125000000       0.902998750000000      -7.890975344835509E-002
   6.30899125000000        1.20333166666667      -6.620197290894685E-002
   6.30899125000000        1.50366458333333      -5.618038767275400E-002
   6.30899125000000        1.80399750000000      -4.855770397327108E-002
   6.30899125000000        2.10433041666667      -4.265541311425976E-002
   6.30899125000000        2.40466333333333      -3.763024219472327E-002
   6.30899125000000        2.70499625000000      -3.301788829567347E-002
   6.30899125000000        3.00532916666667      -2.887367143075666E-002
   6.30899125000000        3.30566208333333      -2.584447104387766E-002
   6.30899125000000        3.60599500000000      -2.433153848937897E-002
   6.30899125000000        3.90632791666667      -2.400126751490252E-002
   6.30899125000000        4.20666083333333      -2.417379444142058E-002
   6.30899125000000        4.50699375000000      -2.436273122600391E-002
   6.30899125000000        4.80732666666667      -2.428184830656279E-002
   6.30899125000000        5.10765958333333      -2.392225677723495E-002
   6.30899125000000        5.40799250000000      -2.341952690441308E-002
   6.30899125000000        5.70832541666667      -2.311570277772325E-002
   6.30899125000000        6.00865833333333      -2.329843589068538E-002
   6.30899125000000        6.30899125000000      -2.433646634842168E-002
   6.30899125000000        6.60932416666667      -2.662067957561719E-002
   6.30899125000000        6.90965708333333      -2.988930698919826E-002
   6.30899125000000        7.20999000000000      -3.131108194375157E-002
   6.60932416666667       2.000000000000000E-003 -0.135623193196617     
   6.60932416666667       0.302332916666667      -0.121917736471466     
   6.60932416666667       0.602665833333333      -0.104621193680668     
   6.60932416666667       0.902998750000000      -8.796173507184754E-002
   6.60932416666667        1.20333166666667      -7.175284692313282E-002
   6.60932416666667        1.50366458333333      -5.864247690387387E-002
   6.60932416666667        1.80399750000000      -4.903938078762768E-002
   6.60932416666667        2.10433041666667      -4.208738232682674E-002
   6.60932416666667        2.40466333333333      -3.653052070375346E-002
   6.60932416666667        2.70499625000000      -3.128631264170031E-002
   6.60932416666667        3.00532916666667      -2.669162675615838E-002
   6.60932416666667        3.30566208333333      -2.340448969146132E-002
   6.60932416666667        3.60599500000000      -2.227361265681963E-002
   6.60932416666667        3.90632791666667      -2.233198829724545E-002
   6.60932416666667        4.20666083333333      -2.273643563950459E-002
   6.60932416666667        4.50699375000000      -2.328076052196327E-002
   6.60932416666667        4.80732666666667      -2.361904038924210E-002
   6.60932416666667        5.10765958333333      -2.354299127670597E-002
   6.60932416666667        5.40799250000000      -2.341350023497928E-002
   6.60932416666667        5.70832541666667      -2.361974132567067E-002
   6.60932416666667        6.00865833333333      -2.455924330753134E-002
   6.60932416666667        6.30899125000000      -2.661408822449976E-002
   6.60932416666667        6.60932416666667      -2.997290630075488E-002
   6.60932416666667        6.90965708333333      -3.462246130326821E-002
   6.60932416666667        7.20999000000000      -3.677945322048608E-002
   6.90965708333333       2.000000000000000E-003 -0.151985298068455     
   6.90965708333333       0.302332916666667      -0.136207108906692     
   6.90965708333333       0.602665833333333      -0.125634632960926     
   6.90965708333333       0.902998750000000      -0.102285637069184     
   6.90965708333333        1.20333166666667      -7.900258802985768E-002
   6.90965708333333        1.50366458333333      -6.169166109190746E-002
   6.90965708333333        1.80399750000000      -4.989904157979249E-002
   6.90965708333333        2.10433041666667      -4.196858487570678E-002
   6.90965708333333        2.40466333333333      -3.615996429742570E-002
   6.90965708333333        2.70499625000000      -3.122653623144291E-002
   6.90965708333333        3.00532916666667      -2.702958933587166E-002
   6.90965708333333        3.30566208333333      -2.403588808489272E-002
   6.90965708333333        3.60599500000000      -2.372785179180206E-002
   6.90965708333333        3.90632791666667      -2.303350896188913E-002
   6.90965708333333        4.20666083333333      -2.253333085877007E-002
   6.90965708333333        4.50699375000000      -2.288155522391829E-002
   6.90965708333333        4.80732666666667      -2.329448289583143E-002
   6.90965708333333        5.10765958333333      -2.339623406039004E-002
   6.90965708333333        5.40799250000000      -2.356392461294878E-002
   6.90965708333333        5.70832541666667      -2.431997554944692E-002
   6.90965708333333        6.00865833333333      -2.623734492089319E-002
   6.90965708333333        6.30899125000000      -2.987321788369259E-002
   6.90965708333333        6.60932416666667      -3.461710472694859E-002
   6.90965708333333        6.90965708333333      -3.695697436880524E-002
   6.90965708333333        7.20999000000000      -3.679136382752364E-002
   7.20999000000000       2.000000000000000E-003 -0.143370839631979     
   7.20999000000000       0.302332916666667      -0.156531282618629     
   7.20999000000000       0.602665833333333      -0.143831860148604     
   7.20999000000000       0.902998750000000      -0.110949376307397     
   7.20999000000000        1.20333166666667      -8.278287298601206E-002
   7.20999000000000        1.50366458333333      -6.316565883143793E-002
   7.20999000000000        1.80399750000000      -5.027803762122997E-002
   7.20999000000000        2.10433041666667      -4.198960284295760E-002
   7.20999000000000        2.40466333333333      -3.662342182771933E-002
   7.20999000000000        2.70499625000000      -3.301336967399716E-002
   7.20999000000000        3.00532916666667      -3.064420735018112E-002
   7.20999000000000        3.30566208333333      -2.843338749615408E-002
   7.20999000000000        3.60599500000000      -2.622199169945424E-002
   7.20999000000000        3.90632791666667      -2.495837167333368E-002
   7.20999000000000        4.20666083333333      -2.367673042638278E-002
   7.20999000000000        4.50699375000000      -2.335473274396485E-002
   7.20999000000000        4.80732666666667      -2.336128173964186E-002
   7.20999000000000        5.10765958333333      -2.333184537676580E-002
   7.20999000000000        5.40799250000000      -2.357838299780832E-002
   7.20999000000000        5.70832541666667      -2.459302765276354E-002
   7.20999000000000        6.00865833333333      -2.696967692978040E-002
   7.20999000000000        6.30899125000000      -3.131010429286504E-002
   7.20999000000000        6.60932416666667      -3.680139166507791E-002
   7.20999000000000        6.90965708333333      -3.678898036319250E-002
   7.20999000000000        7.20999000000000      -3.121028893808453E-002
