  2.000000000000000E-003  2.000000000000000E-003 -0.383663523374175     
  2.000000000000000E-003  0.302332916666667      -0.412917690308760     
  2.000000000000000E-003  0.602665833333333      -0.372899185942019     
  2.000000000000000E-003  0.902998750000000      -0.287138998927468     
  2.000000000000000E-003   1.20333166666667      -0.210799511709719     
  2.000000000000000E-003   1.50366458333333      -0.153508007925689     
  2.000000000000000E-003   1.80399750000000      -0.112802526945293     
  2.000000000000000E-003   2.10433041666667      -8.497873626490221E-002
  2.000000000000000E-003   2.40466333333333      -6.571705550076253E-002
  2.000000000000000E-003   2.70499625000000      -5.277170535983885E-002
  2.000000000000000E-003   3.00532916666667      -4.608127494362204E-002
  2.000000000000000E-003   3.30566208333333      -4.296096296234012E-002
  2.000000000000000E-003   3.60599500000000      -4.353307101824905E-002
  2.000000000000000E-003   3.90632791666667      -2.987380251227831E-002
  2.000000000000000E-003   4.20666083333333      -2.089575662293437E-002
  2.000000000000000E-003   4.50699375000000      -2.057355414413842E-002
  2.000000000000000E-003   4.80732666666667      -2.379172215676173E-002
  2.000000000000000E-003   5.10765958333333      -2.752300196927844E-002
  2.000000000000000E-003   5.40799250000000      -3.121795604433313E-002
  2.000000000000000E-003   5.70832541666667      -3.559049268338819E-002
  2.000000000000000E-003   6.00865833333333      -4.052003378443798E-002
  2.000000000000000E-003   6.30899125000000      -4.540457841491564E-002
  2.000000000000000E-003   6.60932416666667      -4.960656009114833E-002
  2.000000000000000E-003   6.90965708333333      -5.383368246199369E-002
  2.000000000000000E-003   7.20999000000000      -4.941770048331069E-002
  0.302332916666667       2.000000000000000E-003 -0.425771729327271     
  0.302332916666667       0.302332916666667      -0.360696578339741     
  0.302332916666667       0.602665833333333      -0.322504986592916     
  0.302332916666667       0.902998750000000      -0.264594511494729     
  0.302332916666667        1.20333166666667      -0.202645791180414     
  0.302332916666667        1.50366458333333      -0.151482823818747     
  0.302332916666667        1.80399750000000      -0.113239992008125     
  0.302332916666667        2.10433041666667      -8.639394038117054E-002
  0.302332916666667        2.40466333333333      -6.744906221807784E-002
  0.302332916666667        2.70499625000000      -5.439188860088575E-002
  0.302332916666667        3.00532916666667      -4.821148320431425E-002
  0.302332916666667        3.30566208333333      -4.663202943178796E-002
  0.302332916666667        3.60599500000000      -4.416145559305253E-002
  0.302332916666667        3.90632791666667      -3.219427543645695E-002
  0.302332916666667        4.20666083333333      -2.331842481577862E-002
  0.302332916666667        4.50699375000000      -2.207737172622447E-002
  0.302332916666667        4.80732666666667      -2.450840573304288E-002
  0.302332916666667        5.10765958333333      -2.744474487427946E-002
  0.302332916666667        5.40799250000000      -3.046808518226639E-002
  0.302332916666667        5.70832541666667      -3.403317950712718E-002
  0.302332916666667        6.00865833333333      -3.793582273396873E-002
  0.302332916666667        6.30899125000000      -4.158093244026743E-002
  0.302332916666667        6.60932416666667      -4.452675434905942E-002
  0.302332916666667        6.90965708333333      -4.844252270769871E-002
  0.302332916666667        7.20999000000000      -5.396166698949043E-002
  0.602665833333333       2.000000000000000E-003 -0.392104785406895     
  0.602665833333333       0.302332916666667      -0.335722578444394     
  0.602665833333333       0.602665833333333      -0.273008121910809     
  0.602665833333333       0.902998750000000      -0.227672371547070     
  0.602665833333333        1.20333166666667      -0.183609121812499     
  0.602665833333333        1.50366458333333      -0.143710741646626     
  0.602665833333333        1.80399750000000      -0.111309910792711     
  0.602665833333333        2.10433041666667      -8.726205634073871E-002
  0.602665833333333        2.40466333333333      -7.006129017468392E-002
  0.602665833333333        2.70499625000000      -5.759133860713076E-002
  0.602665833333333        3.00532916666667      -5.176303860607845E-002
  0.602665833333333        3.30566208333333      -4.994162641089044E-002
  0.602665833333333        3.60599500000000      -4.624790438293333E-002
  0.602665833333333        3.90632791666667      -3.746013963221528E-002
  0.602665833333333        4.20666083333333      -2.959097923124718E-002
  0.602665833333333        4.50699375000000      -2.648112332531420E-002
  0.602665833333333        4.80732666666667      -2.669176177313113E-002
  0.602665833333333        5.10765958333333      -2.767224758554760E-002
  0.602665833333333        5.40799250000000      -2.923879613245542E-002
  0.602665833333333        5.70832541666667      -3.123967545245458E-002
  0.602665833333333        6.00865833333333      -3.329920113692105E-002
  0.602665833333333        6.30899125000000      -3.515889767073179E-002
  0.602665833333333        6.60932416666667      -3.772290252415020E-002
  0.602665833333333        6.90965708333333      -4.428285721274895E-002
  0.602665833333333        7.20999000000000      -5.026838434978125E-002
  0.902998750000000       2.000000000000000E-003 -0.331044626530162     
  0.902998750000000       0.302332916666667      -0.300483983523108     
  0.902998750000000       0.602665833333333      -0.247580263248717     
  0.902998750000000       0.902998750000000      -0.203897331260970     
  0.902998750000000        1.20333166666667      -0.167504829110910     
  0.902998750000000        1.50366458333333      -0.135559044887753     
  0.902998750000000        1.80399750000000      -0.108593095992311     
  0.902998750000000        2.10433041666667      -8.769038714153814E-002
  0.902998750000000        2.40466333333333      -7.199860803382888E-002
  0.902998750000000        2.70499625000000      -6.065766472650967E-002
  0.902998750000000        3.00532916666667      -5.406758011384317E-002
  0.902998750000000        3.30566208333333      -5.071872339413722E-002
  0.902998750000000        3.60599500000000      -4.677426641856455E-002
  0.902998750000000        3.90632791666667      -4.055647923229717E-002
  0.902998750000000        4.20666083333333      -3.435700159469311E-002
  0.902998750000000        4.50699375000000      -3.049142922498695E-002
  0.902998750000000        4.80732666666667      -2.866082886885375E-002
  0.902998750000000        5.10765958333333      -2.792379246978223E-002
  0.902998750000000        5.40799250000000      -2.795474166475122E-002
  0.902998750000000        5.70832541666667      -2.839847664919634E-002
  0.902998750000000        6.00865833333333      -2.892146061656240E-002
  0.902998750000000        6.30899125000000      -2.964481781615616E-002
  0.902998750000000        6.60932416666667      -3.163594950069627E-002
  0.902998750000000        6.90965708333333      -3.598939203876900E-002
  0.902998750000000        7.20999000000000      -3.917227041194328E-002
   1.20333166666667       2.000000000000000E-003 -0.271310084872381     
   1.20333166666667       0.302332916666667      -0.255256761245271     
   1.20333166666667       0.602665833333333      -0.220560884524323     
   1.20333166666667       0.902998750000000      -0.185530363470355     
   1.20333166666667        1.20333166666667      -0.155091708377779     
   1.20333166666667        1.50366458333333      -0.128559189742559     
   1.20333166666667        1.80399750000000      -0.105782724901791     
   1.20333166666667        2.10433041666667      -8.735187439669681E-002
   1.20333166666667        2.40466333333333      -7.295413079172106E-002
   1.20333166666667        2.70499625000000      -6.240302688885298E-002
   1.20333166666667        3.00532916666667      -5.530115226348954E-002
   1.20333166666667        3.30566208333333      -5.059254441412711E-002
   1.20333166666667        3.60599500000000      -4.636252388365063E-002
   1.20333166666667        3.90632791666667      -4.145636089672888E-002
   1.20333166666667        4.20666083333333      -3.652476988433820E-002
   1.20333166666667        4.50699375000000      -3.256289339211427E-002
   1.20333166666667        4.80732666666667      -2.975703678570991E-002
   1.20333166666667        5.10765958333333      -2.793604268313497E-002
   1.20333166666667        5.40799250000000      -2.683180499523570E-002
   1.20333166666667        5.70832541666667      -2.614165327344032E-002
   1.20333166666667        6.00865833333333      -2.567276075178660E-002
   1.20333166666667        6.30899125000000      -2.561179997729970E-002
   1.20333166666667        6.60932416666667      -2.654546199188306E-002
   1.20333166666667        6.90965708333333      -2.859563141141275E-002
   1.20333166666667        7.20999000000000      -3.014817740018277E-002
   1.50366458333333       2.000000000000000E-003 -0.221980236501997     
   1.50366458333333       0.302332916666667      -0.213273180887542     
   1.50366458333333       0.602665833333333      -0.192276028092700     
   1.50366458333333       0.902998750000000      -0.167624453681028     
   1.50366458333333        1.20333166666667      -0.143889601540287     
   1.50366458333333        1.50366458333333      -0.122122543050517     
   1.50366458333333        1.80399750000000      -0.102823672518547     
   1.50366458333333        2.10433041666667      -8.646770550215975E-002
   1.50366458333333        2.40466333333333      -7.323259990708994E-002
   1.50366458333333        2.70499625000000      -6.312546629417148E-002
   1.50366458333333        3.00532916666667      -5.576602280736218E-002
   1.50366458333333        3.30566208333333      -5.032125719302167E-002
   1.50366458333333        3.60599500000000      -4.573795185414568E-002
   1.50366458333333        3.90632791666667      -4.131022645973539E-002
   1.50366458333333        4.20666083333333      -3.701192107505490E-002
   1.50366458333333        4.50699375000000      -3.316252975680759E-002
   1.50366458333333        4.80732666666667      -3.000632528744743E-002
   1.50366458333333        5.10765958333333      -2.760150272102147E-002
   1.50366458333333        5.40799250000000      -2.583897043808592E-002
   1.50366458333333        5.70832541666667      -2.449613287425268E-002
   1.50366458333333        6.00865833333333      -2.346414880459505E-002
   1.50366458333333        6.30899125000000      -2.287516838115625E-002
   1.50366458333333        6.60932416666667      -2.297742413467145E-002
   1.50366458333333        6.90965708333333      -2.370886558670735E-002
   1.50366458333333        7.20999000000000      -2.438712447533122E-002
   1.80399750000000       2.000000000000000E-003 -0.185742002554991     
   1.80399750000000       0.302332916666667      -0.180881606978554     
   1.80399750000000       0.602665833333333      -0.168193363365585     
   1.80399750000000       0.902998750000000      -0.151558153206991     
   1.80399750000000        1.20333166666667      -0.133739745320004     
   1.80399750000000        1.50366458333333      -0.116180235336512     
   1.80399750000000        1.80399750000000      -9.983467416877664E-002
   1.80399750000000        2.10433041666667      -8.531714686244608E-002
   1.80399750000000        2.40466333333333      -7.308578371901832E-002
   1.80399750000000        2.70499625000000      -6.332087969797902E-002
   1.80399750000000        3.00532916666667      -5.580776798628388E-002
   1.80399750000000        3.30566208333333      -4.997784925437301E-002
   1.80399750000000        3.60599500000000      -4.513142238270322E-002
   1.80399750000000        3.90632791666667      -4.074188134767721E-002
   1.80399750000000        4.20666083333333      -3.662431508624456E-002
   1.80399750000000        4.50699375000000      -3.285667773066537E-002
   1.80399750000000        4.80732666666667      -2.959170807600060E-002
   1.80399750000000        5.10765958333333      -2.692261077141342E-002
   1.80399750000000        5.40799250000000      -2.483416819043705E-002
   1.80399750000000        5.70832541666667      -2.321918770467369E-002
   1.80399750000000        6.00865833333333      -2.195601236826425E-002
   1.80399750000000        6.30899125000000      -2.108731424804672E-002
   1.80399750000000        6.60932416666667      -2.072278163401867E-002
   1.80399750000000        6.90965708333333      -2.079259673735483E-002
   1.80399750000000        7.20999000000000      -2.100200568605761E-002
   2.10433041666667       2.000000000000000E-003 -0.163090320579463     
   2.10433041666667       0.302332916666667      -0.159996353930634     
   2.10433041666667       0.602665833333333      -0.151565075811629     
   2.10433041666667       0.902998750000000      -0.139567738021013     
   2.10433041666667        1.20333166666667      -0.125722255119013     
   2.10433041666667        1.50366458333333      -0.111273431496896     
   2.10433041666667        1.80399750000000      -9.712838198072893E-002
   2.10433041666667        2.10433041666667      -8.403917495046820E-002
   2.10433041666667        2.40466333333333      -7.259347545965086E-002
   2.10433041666667        2.70499625000000      -6.309220290464196E-002
   2.10433041666667        3.00532916666667      -5.547161685374782E-002
   2.10433041666667        3.30566208333333      -4.936140405718506E-002
   2.10433041666667        3.60599500000000      -4.426617078498661E-002
   2.10433041666667        3.90632791666667      -3.977565710157377E-002
   2.10433041666667        4.20666083333333      -3.568499320311586E-002
   2.10433041666667        4.50699375000000      -3.197590670092971E-002
   2.10433041666667        4.80732666666667      -2.871954146127812E-002
   2.10433041666667        5.10765958333333      -2.598350497021141E-002
   2.10433041666667        5.40799250000000      -2.378144891959392E-002
   2.10433041666667        5.70832541666667      -2.207034414028100E-002
   2.10433041666667        6.00865833333333      -2.078215018941822E-002
   2.10433041666667        6.30899125000000      -1.986602960587882E-002
   2.10433041666667        6.60932416666667      -1.930918541519568E-002
   2.10433041666667        6.90965708333333      -1.911310612874863E-002
   2.10433041666667        7.20999000000000      -1.910831210062808E-002
   2.40466333333333       2.000000000000000E-003 -0.152730355862403     
   2.40466333333333       0.302332916666667      -0.149993453103619     
   2.40466333333333       0.602665833333333      -0.142596863188207     
   2.40466333333333       0.902998750000000      -0.132210292949175     
   2.40466333333333        1.20333166666667      -0.120213474085748     
   2.40466333333333        1.50366458333333      -0.107496833605889     
   2.40466333333333        1.80399750000000      -9.474915924123477E-002
   2.40466333333333        2.10433041666667      -8.263701947253178E-002
   2.40466333333333        2.40466333333333      -7.174915203281303E-002
   2.40466333333333        2.70499625000000      -6.244316931521816E-002
   2.40466333333333        3.00532916666667      -5.475513863394176E-002
   2.40466333333333        3.30566208333333      -4.844511689054944E-002
   2.40466333333333        3.60599500000000      -4.314794392429591E-002
   2.40466333333333        3.90632791666667      -3.854096676126769E-002
   2.40466333333333        4.20666083333333      -3.443923747952026E-002
   2.40466333333333        4.50699375000000      -3.078812188262700E-002
   2.40466333333333        4.80732666666667      -2.760386052315543E-002
   2.40466333333333        5.10765958333333      -2.491499383434247E-002
   2.40466333333333        5.40799250000000      -2.272555842587692E-002
   2.40466333333333        5.70832541666667      -2.100740413683680E-002
   2.40466333333333        6.00865833333333      -1.971325817738995E-002
   2.40466333333333        6.30899125000000      -1.880056453597857E-002
   2.40466333333333        6.60932416666667      -1.825329716354316E-002
   2.40466333333333        6.90965708333333      -1.806284545659831E-002
   2.40466333333333        7.20999000000000      -1.812337241717030E-002
   2.70499625000000       2.000000000000000E-003 -0.151898611599822     
   2.70499625000000       0.302332916666667      -0.148611830153617     
   2.70499625000000       0.602665833333333      -0.140063282153362     
   2.70499625000000       0.902998750000000      -0.128721267744559     
   2.70499625000000        1.20333166666667      -0.116655717029693     
   2.70499625000000        1.50366458333333      -0.104559240119260     
   2.70499625000000        1.80399750000000      -9.256806462400180E-002
   2.70499625000000        2.10433041666667      -8.106846875713980E-002
   2.70499625000000        2.40466333333333      -7.056052163512119E-002
   2.70499625000000        2.70499625000000      -6.141181391123803E-002
   2.70499625000000        3.00532916666667      -5.371351693581863E-002
   2.70499625000000        3.30566208333333      -4.730084687315306E-002
   2.70499625000000        3.60599500000000      -4.188706027803232E-002
   2.70499625000000        3.90632791666667      -3.720981648840122E-002
   2.70499625000000        4.20666083333333      -3.310957987789973E-002
   2.70499625000000        4.50699375000000      -2.952316493842041E-002
   2.70499625000000        4.80732666666667      -2.643815036835050E-002
   2.70499625000000        5.10765958333333      -2.384899450777247E-002
   2.70499625000000        5.40799250000000      -2.173247945859974E-002
   2.70499625000000        5.70832541666667      -2.004484963310198E-002
   2.70499625000000        6.00865833333333      -1.873034250567605E-002
   2.70499625000000        6.30899125000000      -1.774877282407279E-002
   2.70499625000000        6.60932416666667      -1.718342879635298E-002
   2.70499625000000        6.90965708333333      -1.715004513978909E-002
   2.70499625000000        7.20999000000000      -1.750625345847219E-002
   3.00532916666667       2.000000000000000E-003 -0.154083242096226     
   3.00532916666667       0.302332916666667      -0.150224373064911     
   3.00532916666667       0.602665833333333      -0.140160221241184     
   3.00532916666667       0.902998750000000      -0.127376131513998     
   3.00532916666667        1.20333166666667      -0.114181109626404     
   3.00532916666667        1.50366458333333      -0.102001999393418     
   3.00532916666667        1.80399750000000      -9.040565090242099E-002
   3.00532916666667        2.10433041666667      -7.931251748939959E-002
   3.00532916666667        2.40466333333333      -6.908886817325025E-002
   3.00532916666667        2.70499625000000      -6.009515768468843E-002
   3.00532916666667        3.00532916666667      -5.245278628560836E-002
   3.00532916666667        3.30566208333333      -4.603556601248540E-002
   3.00532916666667        3.60599500000000      -4.059999701447038E-002
   3.00532916666667        3.90632791666667      -3.592089877429315E-002
   3.00532916666667        4.20666083333333      -3.185545589799694E-002
   3.00532916666667        4.50699375000000      -2.834227073234547E-002
   3.00532916666667        4.80732666666667      -2.536035707265648E-002
   3.00532916666667        5.10765958333333      -2.288196566938595E-002
   3.00532916666667        5.40799250000000      -2.085347295168380E-002
   3.00532916666667        5.70832541666667      -1.919959819218232E-002
   3.00532916666667        6.00865833333333      -1.782813658864242E-002
   3.00532916666667        6.30899125000000      -1.670878517686573E-002
   3.00532916666667        6.60932416666667      -1.607466081404442E-002
   3.00532916666667        6.90965708333333      -1.612438533086703E-002
   3.00532916666667        7.20999000000000      -1.684321818651687E-002
   3.30566208333333       2.000000000000000E-003 -0.146532421135433     
   3.30566208333333       0.302332916666667      -0.145315615774644     
   3.30566208333333       0.602665833333333      -0.136931467064669     
   3.30566208333333       0.902998750000000      -0.124580753066768     
   3.30566208333333        1.20333166666667      -0.111495015696160     
   3.30566208333333        1.50366458333333      -9.928283885998507E-002
   3.30566208333333        1.80399750000000      -8.807872732773481E-002
   3.30566208333333        2.10433041666667      -7.736253745176104E-002
   3.30566208333333        2.40466333333333      -6.741285189129215E-002
   3.30566208333333        2.70499625000000      -5.860280974249241E-002
   3.30566208333333        3.00532916666667      -5.108043301938552E-002
   3.30566208333333        3.30566208333333      -4.474014680889217E-002
   3.30566208333333        3.60599500000000      -3.936244892276124E-002
   3.30566208333333        3.90632791666667      -3.474518167856847E-002
   3.30566208333333        4.20666083333333      -3.075150580611052E-002
   3.30566208333333        4.50699375000000      -2.732230767174491E-002
   3.30566208333333        4.80732666666667      -2.443839571883084E-002
   3.30566208333333        5.10765958333333      -2.206177359653249E-002
   3.30566208333333        5.40799250000000      -2.011585200522716E-002
   3.30566208333333        5.70832541666667      -1.849304008388708E-002
   3.30566208333333        6.00865833333333      -1.705029315531743E-002
   3.30566208333333        6.30899125000000      -1.579701753999342E-002
   3.30566208333333        6.60932416666667      -1.498041486026908E-002
   3.30566208333333        6.90965708333333      -1.484866377426619E-002
   3.30566208333333        7.20999000000000      -1.553901722674226E-002
   3.60599500000000       2.000000000000000E-003 -0.129551857802183     
   3.60599500000000       0.302332916666667      -0.132051408638480     
   3.60599500000000       0.602665833333333      -0.127225928548428     
   3.60599500000000       0.902998750000000      -0.118129618565909     
   3.60599500000000        1.20333166666667      -0.107137699679257     
   3.60599500000000        1.50366458333333      -9.591985368362432E-002
   3.60599500000000        1.80399750000000      -8.540844315345179E-002
   3.60599500000000        2.10433041666667      -7.517166803010374E-002
   3.60599500000000        2.40466333333333      -6.555341641479642E-002
   3.60599500000000        2.70499625000000      -5.698558295504044E-002
   3.60599500000000        3.00532916666667      -4.965192395619225E-002
   3.60599500000000        3.30566208333333      -4.346227594510594E-002
   3.60599500000000        3.60599500000000      -3.820845463301897E-002
   3.60599500000000        3.90632791666667      -3.370045324365117E-002
   3.60599500000000        4.20666083333333      -2.980582642430555E-002
   3.60599500000000        4.50699375000000      -2.647057701643872E-002
   3.60599500000000        4.80732666666667      -2.368064714548291E-002
   3.60599500000000        5.10765958333333      -2.139544470849250E-002
   3.60599500000000        5.40799250000000      -1.952750356802339E-002
   3.60599500000000        5.70832541666667      -1.795207466316351E-002
   3.60599500000000        6.00865833333333      -1.650201162154542E-002
   3.60599500000000        6.30899125000000      -1.519561042511368E-002
   3.60599500000000        6.60932416666667      -1.426852790139974E-002
   3.60599500000000        6.90965708333333      -1.402046819233640E-002
   3.60599500000000        7.20999000000000      -1.416836810113593E-002
   3.90632791666667       2.000000000000000E-003 -0.117957493115483     
   3.90632791666667       0.302332916666667      -0.116606650827182     
   3.90632791666667       0.602665833333333      -0.114159990742479     
   3.90632791666667       0.902998750000000      -0.109103980934973     
   3.90632791666667        1.20333166666667      -0.101072640718236     
   3.90632791666667        1.50366458333333      -9.174333863178537E-002
   3.90632791666667        1.80399750000000      -8.223273207707997E-002
   3.90632791666667        2.10433041666667      -7.261098694028639E-002
   3.90632791666667        2.40466333333333      -6.342298023512723E-002
   3.90632791666667        2.70499625000000      -5.518890114251335E-002
   3.90632791666667        3.00532916666667      -4.813209930457289E-002
   3.90632791666667        3.30566208333333      -4.217667959188409E-002
   3.90632791666667        3.60599500000000      -3.711475932494782E-002
   3.90632791666667        3.90632791666667      -3.275659647260229E-002
   3.90632791666667        4.20666083333333      -2.898374412792907E-002
   3.90632791666667        4.50699375000000      -2.575580304546795E-002
   3.90632791666667        4.80732666666667      -2.306382375528148E-002
   3.90632791666667        5.10765958333333      -2.086816184722634E-002
   3.90632791666667        5.40799250000000      -1.908207510593463E-002
   3.90632791666667        5.70832541666667      -1.758591345419829E-002
   3.90632791666667        6.00865833333333      -1.622868402276988E-002
   3.90632791666667        6.30899125000000      -1.499656824535076E-002
   3.90632791666667        6.60932416666667      -1.411247026471560E-002
   3.90632791666667        6.90965708333333      -1.383686333254555E-002
   3.90632791666667        7.20999000000000      -1.417251413554551E-002
   4.20666083333333       2.000000000000000E-003 -0.102104879084461     
   4.20666083333333       0.302332916666667      -0.102511493575626     
   4.20666083333333       0.602665833333333      -0.102543546452244     
   4.20666083333333       0.902998750000000      -0.100065118127105     
   4.20666083333333        1.20333166666667      -9.434812737692759E-002
   4.20666083333333        1.50366458333333      -8.688260688424040E-002
   4.20666083333333        1.80399750000000      -7.840602116975563E-002
   4.20666083333333        2.10433041666667      -6.948307977186045E-002
   4.20666083333333        2.40466333333333      -6.084130120212247E-002
   4.20666083333333        2.70499625000000      -5.306415571024203E-002
   4.20666083333333        3.00532916666667      -4.639715408754075E-002
   4.20666083333333        3.30566208333333      -4.077292545056542E-002
   4.20666083333333        3.60599500000000      -3.598161059990395E-002
   4.20666083333333        3.90632791666667      -3.183303264295387E-002
   4.20666083333333        4.20666083333333      -2.822582443011615E-002
   4.20666083333333        4.50699375000000      -2.513543100977509E-002
   4.20666083333333        4.80732666666667      -2.255803297602551E-002
   4.20666083333333        5.10765958333333      -2.045884113142747E-002
   4.20666083333333        5.40799250000000      -1.876197151937239E-002
   4.20666083333333        5.70832541666667      -1.736845421500124E-002
   4.20666083333333        6.00865833333333      -1.616901866503061E-002
   4.20666083333333        6.30899125000000      -1.510362247873827E-002
   4.20666083333333        6.60932416666667      -1.433577386819970E-002
   4.20666083333333        6.90965708333333      -1.402907603781187E-002
   4.20666083333333        7.20999000000000      -1.427113953593590E-002
   4.50699375000000       2.000000000000000E-003 -9.401363946107763E-002
   4.50699375000000       0.302332916666667      -9.438138664936220E-002
   4.50699375000000       0.602665833333333      -9.439015435333835E-002
   4.50699375000000       0.902998750000000      -9.231784562796590E-002
   4.50699375000000        1.20333166666667      -8.780223705006857E-002
   4.50699375000000        1.50366458333333      -8.145298565095811E-002
   4.50699375000000        1.80399750000000      -7.380711916654556E-002
   4.50699375000000        2.10433041666667      -6.560041834284293E-002
   4.50699375000000        2.40466333333333      -5.761665782076809E-002
   4.50699375000000        2.70499625000000      -5.043622932418514E-002
   4.50699375000000        3.00532916666667      -4.429212261058923E-002
   4.50699375000000        3.30566208333333      -3.911353296544213E-002
   4.50699375000000        3.60599500000000      -3.469094902581538E-002
   4.50699375000000        3.90632791666667      -3.083829491962833E-002
   4.50699375000000        4.20666083333333      -2.746677845628847E-002
   4.50699375000000        4.50699375000000      -2.456300107457754E-002
   4.50699375000000        4.80732666666667      -2.212935968374641E-002
   4.50699375000000        5.10765958333333      -2.014122860648356E-002
   4.50699375000000        5.40799250000000      -1.854048211314215E-002
   4.50699375000000        5.70832541666667      -1.725311602636461E-002
   4.50699375000000        6.00865833333333      -1.620620859780668E-002
   4.50699375000000        6.30899125000000      -1.534438608609406E-002
   4.50699375000000        6.60932416666667      -1.470681546843984E-002
   4.50699375000000        6.90965708333333      -1.441302498546368E-002
   4.50699375000000        7.20999000000000      -1.449035978673552E-002
   4.80732666666667       2.000000000000000E-003 -8.965817062322144E-002
   4.80732666666667       0.302332916666667      -8.943949012235455E-002
   4.80732666666667       0.602665833333333      -8.832116535253337E-002
   4.80732666666667       0.902998750000000      -8.573362795159042E-002
   4.80732666666667        1.20333166666667      -8.141287892638335E-002
   4.80732666666667        1.50366458333333      -7.548676472794781E-002
   4.80732666666667        1.80399750000000      -6.841839922232502E-002
   4.80732666666667        2.10433041666667      -6.090302234398987E-002
   4.80732666666667        2.40466333333333      -5.365903545317765E-002
   4.80732666666667        2.70499625000000      -4.719683527724557E-002
   4.80732666666667        3.00532916666667      -4.170307202588089E-002
   4.80732666666667        3.30566208333333      -3.708997020731450E-002
   4.80732666666667        3.60599500000000      -3.314721735411441E-002
   4.80732666666667        3.90632791666667      -2.969217541753699E-002
   4.80732666666667        4.20666083333333      -2.664046414530911E-002
   4.80732666666667        4.50699375000000      -2.398402252812008E-002
   4.80732666666667        4.80732666666667      -2.173367827949799E-002
   4.80732666666667        5.10765958333333      -1.987956339176494E-002
   4.80732666666667        5.40799250000000      -1.838359467750395E-002
   4.80732666666667        5.70832541666667      -1.719370458195739E-002
   4.80732666666667        6.00865833333333      -1.626015891372029E-002
   4.80732666666667        6.30899125000000      -1.554681498245348E-002
   4.80732666666667        6.60932416666667      -1.504209061606021E-002
   4.80732666666667        6.90965708333333      -1.476159404326356E-002
   4.80732666666667        7.20999000000000      -1.470503874796009E-002
   5.10765958333333       2.000000000000000E-003 -8.643843814495712E-002
   5.10765958333333       0.302332916666667      -8.571716657593773E-002
   5.10765958333333       0.602665833333333      -8.361545050494404E-002
   5.10765958333333       0.902998750000000      -8.000410184443384E-002
   5.10765958333333        1.20333166666667      -7.511186372926204E-002
   5.10765958333333        1.50366458333333      -6.912902087716413E-002
   5.10765958333333        1.80399750000000      -6.242250983413591E-002
   5.10765958333333        2.10433041666667      -5.554182978084217E-002
   5.10765958333333        2.40466333333333      -4.905885859884017E-002
   5.10765958333333        2.70499625000000      -4.337098764670961E-002
   5.10765958333333        3.00532916666667      -3.860171267235088E-002
   5.10765958333333        3.30566208333333      -3.464152970125168E-002
   5.10765958333333        3.60599500000000      -3.127638332031069E-002
   5.10765958333333        3.90632791666667      -2.831855917808674E-002
   5.10765958333333        4.20666083333333      -2.567475246801926E-002
   5.10765958333333        4.50699375000000      -2.333426997924575E-002
   5.10765958333333        4.80732666666667      -2.131687963014016E-002
   5.10765958333333        5.10765958333333      -1.962959025838215E-002
   5.10765958333333        5.40799250000000      -1.825266192243234E-002
   5.10765958333333        5.70832541666667      -1.714918235325166E-002
   5.10765958333333        6.00865833333333      -1.628265787954700E-002
   5.10765958333333        6.30899125000000      -1.563176461121723E-002
   5.10765958333333        6.60932416666667      -1.519492575416482E-002
   5.10765958333333        6.90965708333333      -1.497780852841818E-002
   5.10765958333333        7.20999000000000      -1.489049857614268E-002
   5.40799250000000       2.000000000000000E-003 -8.355064042195873E-002
   5.40799250000000       0.302332916666667      -8.249168882041320E-002
   5.40799250000000       0.602665833333333      -7.943700251762921E-002
   5.40799250000000       0.902998750000000      -7.482246306180688E-002
   5.40799250000000        1.20333166666667      -6.907240678065907E-002
   5.40799250000000        1.50366458333333      -6.269877291368263E-002
   5.40799250000000        1.80399750000000      -5.618667099527781E-002
   5.40799250000000        2.10433041666667      -4.985758538984657E-002
   5.40799250000000        2.40466333333333      -4.407859125301049E-002
   5.40799250000000        2.70499625000000      -3.911936391547021E-002
   5.40799250000000        3.00532916666667      -3.505075917471913E-002
   5.40799250000000        3.30566208333333      -3.175920832869893E-002
   5.40799250000000        3.60599500000000      -2.903084455729592E-002
   5.40799250000000        3.90632791666667      -2.665434264740673E-002
   5.40799250000000        4.20666083333333      -2.450295236930986E-002
   5.40799250000000        4.50699375000000      -2.255065825629956E-002
   5.40799250000000        4.80732666666667      -2.082431349493966E-002
   5.40799250000000        5.10765958333333      -1.934711493169121E-002
   5.40799250000000        5.40799250000000      -1.811177866134334E-002
   5.40799250000000        5.70832541666667      -1.708418588081613E-002
   5.40799250000000        6.00865833333333      -1.623872039262741E-002
   5.40799250000000        6.30899125000000      -1.565248342171564E-002
   5.40799250000000        6.60932416666667      -1.536558097532429E-002
   5.40799250000000        6.90965708333333      -1.530617311344624E-002
   5.40799250000000        7.20999000000000      -1.530997430980404E-002
   5.70832541666667       2.000000000000000E-003 -8.032076298171138E-002
   5.70832541666667       0.302332916666667      -7.890635786566569E-002
   5.70832541666667       0.602665833333333      -7.505344399244904E-002
   5.70832541666667       0.902998750000000      -6.949354146025707E-002
   5.70832541666667        1.20333166666667      -6.307526741905960E-002
   5.70832541666667        1.50366458333333      -5.646411318157364E-002
   5.70832541666667        1.80399750000000      -5.010993056782181E-002
   5.70832541666667        2.10433041666667      -4.426298950003494E-002
   5.70832541666667        2.40466333333333      -3.906745414306069E-002
   5.70832541666667        2.70499625000000      -3.467680520670513E-002
   5.70832541666667        3.00532916666667      -3.115472452713387E-002
   5.70832541666667        3.30566208333333      -2.845079571557438E-002
   5.70832541666667        3.60599500000000      -2.638274001194543E-002
   5.70832541666667        3.90632791666667      -2.466847531216136E-002
   5.70832541666667        4.20666083333333      -2.308916255086213E-002
   5.70832541666667        4.50699375000000      -2.159145998878815E-002
   5.70832541666667        4.80732666666667      -2.021606429340256E-002
   5.70832541666667        5.10765958333333      -1.900177908996944E-002
   5.70832541666667        5.40799250000000      -1.794324375868675E-002
   5.70832541666667        5.70832541666667      -1.700623976175412E-002
   5.70832541666667        6.00865833333333      -1.626493131545589E-002
   5.70832541666667        6.30899125000000      -1.582838545206623E-002
   5.70832541666667        6.60932416666667      -1.579280926476053E-002
   5.70832541666667        6.90965708333333      -1.606886657059286E-002
   5.70832541666667        7.20999000000000      -1.628268043526453E-002
   6.00865833333333       2.000000000000000E-003 -7.593345408442584E-002
   6.00865833333333       0.302332916666667      -7.443037772897836E-002
   6.00865833333333       0.602665833333333      -7.018505012978568E-002
   6.00865833333333       0.902998750000000      -6.401813217704344E-002
   6.00865833333333        1.20333166666667      -5.716223385289533E-002
   6.00865833333333        1.50366458333333      -5.051210656673672E-002
   6.00865833333333        1.80399750000000      -4.446501187933827E-002
   6.00865833333333        2.10433041666667      -3.911596458130041E-002
   6.00865833333333        2.40466333333333      -3.436057360249549E-002
   6.00865833333333        2.70499625000000      -3.025326504901988E-002
   6.00865833333333        3.00532916666667      -2.692233143795826E-002
   6.00865833333333        3.30566208333333      -2.458882962727379E-002
   6.00865833333333        3.60599500000000      -2.326039906516070E-002
   6.00865833333333        3.90632791666667      -2.236971579262782E-002
   6.00865833333333        4.20666083333333      -2.144379749250063E-002
   6.00865833333333        4.50699375000000      -2.044396182211013E-002
   6.00865833333333        4.80732666666667      -1.947456830547006E-002
   6.00865833333333        5.10765958333333      -1.858722013856620E-002
   6.00865833333333        5.40799250000000      -1.777310733317967E-002
   6.00865833333333        5.70832541666667      -1.706341514866596E-002
   6.00865833333333        6.00865833333333      -1.652544679529509E-002
   6.00865833333333        6.30899125000000      -1.631804261247691E-002
   6.00865833333333        6.60932416666667      -1.669874437096017E-002
   6.00865833333333        6.90965708333333      -1.762340154569069E-002
   6.00865833333333        7.20999000000000      -1.823506195625907E-002
   6.30899125000000       2.000000000000000E-003 -6.971920462676605E-002
   6.30899125000000       0.302332916666667      -6.886464837603866E-002
   6.30899125000000       0.602665833333333      -6.525266085484333E-002
   6.30899125000000       0.902998750000000      -5.887966825317888E-002
   6.30899125000000        1.20333166666667      -5.174497657339236E-002
   6.30899125000000        1.50366458333333      -4.518724380809076E-002
   6.30899125000000        1.80399750000000      -3.952790606691679E-002
   6.30899125000000        2.10433041666667      -3.468524809767751E-002
   6.30899125000000        2.40466333333333      -3.024694470739637E-002
   6.30899125000000        2.70499625000000      -2.597001092229660E-002
   6.30899125000000        3.00532916666667      -2.236937519541197E-002
   6.30899125000000        3.30566208333333      -2.043609669851161E-002
   6.30899125000000        3.60599500000000      -2.003341953827377E-002
   6.30899125000000        3.90632791666667      -1.998849589121850E-002
   6.30899125000000        4.20666083333333      -1.961095394338545E-002
   6.30899125000000        4.50699375000000      -1.909094146909709E-002
   6.30899125000000        4.80732666666667      -1.859360026488863E-002
   6.30899125000000        5.10765958333333      -1.811751512068313E-002
   6.30899125000000        5.40799250000000      -1.768892870567579E-002
   6.30899125000000        5.70832541666667      -1.736905608343941E-002
   6.30899125000000        6.00865833333333      -1.719513960454698E-002
   6.30899125000000        6.30899125000000      -1.734218389378852E-002
   6.30899125000000        6.60932416666667      -1.827445209080115E-002
   6.30899125000000        6.90965708333333      -2.030384665397034E-002
   6.30899125000000        7.20999000000000      -2.161900879834718E-002
   6.60932416666667       2.000000000000000E-003 -6.360317359395685E-002
   6.60932416666667       0.302332916666667      -6.475055162555586E-002
   6.60932416666667       0.602665833333333      -6.246783568381119E-002
   6.60932416666667       0.902998750000000      -5.525949874749189E-002
   6.60932416666667        1.20333166666667      -4.742362487310551E-002
   6.60932416666667        1.50366458333333      -4.088259323548708E-002
   6.60932416666667        1.80399750000000      -3.562946298583525E-002
   6.60932416666667        2.10433041666667      -3.122583079444170E-002
   6.60932416666667        2.40466333333333      -2.706874651012854E-002
   6.60932416666667        2.70499625000000      -2.253792549904116E-002
   6.60932416666667        3.00532916666667      -1.885247153038459E-002
   6.60932416666667        3.30566208333333      -1.719928183306053E-002
   6.60932416666667        3.60599500000000      -1.784180875128481E-002
   6.60932416666667        3.90632791666667      -1.821889162951095E-002
   6.60932416666667        4.20666083333333      -1.772638846665664E-002
   6.60932416666667        4.50699375000000      -1.747516693395211E-002
   6.60932416666667        4.80732666666667      -1.756843308242094E-002
   6.60932416666667        5.10765958333333      -1.761346949975993E-002
   6.60932416666667        5.40799250000000      -1.769964680185574E-002
   6.60932416666667        5.70832541666667      -1.794736850683158E-002
   6.60932416666667        6.00865833333333      -1.841241996039636E-002
   6.60932416666667        6.30899125000000      -1.917493765362131E-002
   6.60932416666667        6.60932416666667      -2.058055607397474E-002
   6.60932416666667        6.90965708333333      -2.359889073720242E-002
   6.60932416666667        7.20999000000000      -2.594054116894043E-002
   6.90965708333333       2.000000000000000E-003 -6.873965293157810E-002
   6.90965708333333       0.302332916666667      -6.872219551328163E-002
   6.90965708333333       0.602665833333333      -6.431073966794086E-002
   6.90965708333333       0.902998750000000      -5.378296997334773E-002
   6.90965708333333        1.20333166666667      -4.452177598358249E-002
   6.90965708333333        1.50366458333333      -3.783590735279851E-002
   6.90965708333333        1.80399750000000      -3.293768213546164E-002
   6.90965708333333        2.10433041666667      -2.904417414844893E-002
   6.90965708333333        2.40466333333333      -2.534272173850007E-002
   6.90965708333333        2.70499625000000      -2.145868244425331E-002
   6.90965708333333        3.00532916666667      -1.810684796701859E-002
   6.90965708333333        3.30566208333333      -1.662068636274114E-002
   6.90965708333333        3.60599500000000      -1.833177537173966E-002
   6.90965708333333        3.90632791666667      -1.755877026630567E-002
   6.90965708333333        4.20666083333333      -1.592255611854013E-002
   6.90965708333333        4.50699375000000      -1.582694795137436E-002
   6.90965708333333        4.80732666666667      -1.648826747537202E-002
   6.90965708333333        5.10765958333333      -1.711148525933674E-002
   6.90965708333333        5.40799250000000      -1.770572824980272E-002
   6.90965708333333        5.70832541666667      -1.858044853603425E-002
   6.90965708333333        6.00865833333333      -1.989437156655652E-002
   6.90965708333333        6.30899125000000      -2.171587922079391E-002
   6.90965708333333        6.60932416666667      -2.377065774527907E-002
   6.90965708333333        6.90965708333333      -2.527061437141296E-002
   6.90965708333333        7.20999000000000      -2.667344417889453E-002
   7.20999000000000       2.000000000000000E-003 -6.800679673362911E-002
   7.20999000000000       0.302332916666667      -6.918030554661592E-002
   7.20999000000000       0.602665833333333      -6.373915344561797E-002
   7.20999000000000       0.902998750000000      -5.202412084531469E-002
   7.20999000000000        1.20333166666667      -4.248237359362443E-002
   7.20999000000000        1.50366458333333      -3.591970507246564E-002
   7.20999000000000        1.80399750000000      -3.138775562574617E-002
   7.20999000000000        2.10433041666667      -2.805042205584735E-002
   7.20999000000000        2.40466333333333      -2.534327876914065E-002
   7.20999000000000        2.70499625000000      -2.309471739390309E-002
   7.20999000000000        3.00532916666667      -2.150542856320182E-002
   7.20999000000000        3.30566208333333      -2.045799132513736E-002
   7.20999000000000        3.60599500000000      -2.015193631495686E-002
   7.20999000000000        3.90632791666667      -1.694396712957390E-002
   7.20999000000000        4.20666083333333      -1.475974961479550E-002
   7.20999000000000        4.50699375000000      -1.482330432013602E-002
   7.20999000000000        4.80732666666667      -1.573761275201712E-002
   7.20999000000000        5.10765958333333      -1.665420647109233E-002
   7.20999000000000        5.40799250000000      -1.754119675186679E-002
   7.20999000000000        5.70832541666667      -1.880021483806659E-002
   7.20999000000000        6.00865833333333      -2.062139034765043E-002
   7.20999000000000        6.30899125000000      -2.307748159891166E-002
   7.20999000000000        6.60932416666667      -2.576202576959785E-002
   7.20999000000000        6.90965708333333      -2.655392764622148E-002
   7.20999000000000        7.20999000000000      -2.341474090994788E-002
