  2.000000000000000E-003  2.000000000000000E-003 -0.561107442034211     
  2.000000000000000E-003  0.302332916666667      -0.570375026003125     
  2.000000000000000E-003  0.602665833333333      -0.527257983088144     
  2.000000000000000E-003  0.902998750000000      -0.439726412094344     
  2.000000000000000E-003   1.20333166666667      -0.367573099062079     
  2.000000000000000E-003   1.50366458333333      -0.314646405779552     
  2.000000000000000E-003   1.80399750000000      -0.274138687401285     
  2.000000000000000E-003   2.10433041666667      -0.241060259681769     
  2.000000000000000E-003   2.40466333333333      -0.212068849654416     
  2.000000000000000E-003   2.70499625000000      -0.187259572866193     
  2.000000000000000E-003   3.00532916666667      -0.169178303961738     
  2.000000000000000E-003   3.30566208333333      -0.161905711924712     
  2.000000000000000E-003   3.60599500000000      -0.160024776545674     
  2.000000000000000E-003   3.90632791666667      -0.139699487208978     
  2.000000000000000E-003   4.20666083333333      -0.122426696462607     
  2.000000000000000E-003   4.50699375000000      -0.108760770138903     
  2.000000000000000E-003   4.80732666666667      -9.867541241068292E-002
  2.000000000000000E-003   5.10765958333333      -9.085924831298209E-002
  2.000000000000000E-003   5.40799250000000      -8.470675656111952E-002
  2.000000000000000E-003   5.70832541666667      -8.058523980304280E-002
  2.000000000000000E-003   6.00865833333333      -7.798238604004901E-002
  2.000000000000000E-003   6.30899125000000      -7.591936414267277E-002
  2.000000000000000E-003   6.60932416666667      -7.336170551635443E-002
  2.000000000000000E-003   6.90965708333333      -7.056170787056398E-002
  2.000000000000000E-003   7.20999000000000      -6.751184480289971E-002
  0.302332916666667       2.000000000000000E-003 -0.557625953734417     
  0.302332916666667       0.302332916666667      -0.531994212341152     
  0.302332916666667       0.602665833333333      -0.511383625878796     
  0.302332916666667       0.902998750000000      -0.453543714872858     
  0.302332916666667        1.20333166666667      -0.391468187884782     
  0.302332916666667        1.50366458333333      -0.338914868123086     
  0.302332916666667        1.80399750000000      -0.295498859111078     
  0.302332916666667        2.10433041666667      -0.258667174719666     
  0.302332916666667        2.40466333333333      -0.226178613803563     
  0.302332916666667        2.70499625000000      -0.198006846816465     
  0.302332916666667        3.00532916666667      -0.176678311934330     
  0.302332916666667        3.30566208333333      -0.166471672998600     
  0.302332916666667        3.60599500000000      -0.164094624197401     
  0.302332916666667        3.90632791666667      -0.150257300715303     
  0.302332916666667        4.20666083333333      -0.131603665441325     
  0.302332916666667        4.50699375000000      -0.115902074529797     
  0.302332916666667        4.80732666666667      -0.104246523137910     
  0.302332916666667        5.10765958333333      -9.518938042789388E-002
  0.302332916666667        5.40799250000000      -8.816524369571699E-002
  0.302332916666667        5.70832541666667      -8.328975607849226E-002
  0.302332916666667        6.00865833333333      -7.991958558091458E-002
  0.302332916666667        6.30899125000000      -7.715644549557174E-002
  0.302332916666667        6.60932416666667      -7.411955214185484E-002
  0.302332916666667        6.90965708333333      -7.124783991916651E-002
  0.302332916666667        7.20999000000000      -6.992736133176128E-002
  0.602665833333333       2.000000000000000E-003 -0.545477070816323     
  0.602665833333333       0.302332916666667      -0.528365215993474     
  0.602665833333333       0.602665833333333      -0.501062686623675     
  0.602665833333333       0.902998750000000      -0.459314747585743     
  0.602665833333333        1.20333166666667      -0.408197700648165     
  0.602665833333333        1.50366458333333      -0.358263268336557     
  0.602665833333333        1.80399750000000      -0.313472694193308     
  0.602665833333333        2.10433041666667      -0.274335132627797     
  0.602665833333333        2.40466333333333      -0.240521985638431     
  0.602665833333333        2.70499625000000      -0.211583839774627     
  0.602665833333333        3.00532916666667      -0.189487597327096     
  0.602665833333333        3.30566208333333      -0.176135273915871     
  0.602665833333333        3.60599500000000      -0.167970881281657     
  0.602665833333333        3.90632791666667      -0.155305850455861     
  0.602665833333333        4.20666083333333      -0.138090629618789     
  0.602665833333333        4.50699375000000      -0.122029209846344     
  0.602665833333333        4.80732666666667      -0.109461618813870     
  0.602665833333333        5.10765958333333      -9.937088853922919E-002
  0.602665833333333        5.40799250000000      -9.156508965409151E-002
  0.602665833333333        5.70832541666667      -8.581346810268850E-002
  0.602665833333333        6.00865833333333      -8.144535979412332E-002
  0.602665833333333        6.30899125000000      -7.771460375391981E-002
  0.602665833333333        6.60932416666667      -7.420134703493160E-002
  0.602665833333333        6.90965708333333      -7.157015208552699E-002
  0.602665833333333        7.20999000000000      -6.945149743025962E-002
  0.902998750000000       2.000000000000000E-003 -0.580904770757616     
  0.902998750000000       0.302332916666667      -0.564096448535205     
  0.902998750000000       0.602665833333333      -0.525826821244205     
  0.902998750000000       0.902998750000000      -0.477945298352136     
  0.902998750000000        1.20333166666667      -0.425913530739356     
  0.902998750000000        1.50366458333333      -0.374832005773717     
  0.902998750000000        1.80399750000000      -0.328059724565736     
  0.902998750000000        2.10433041666667      -0.287090382772034     
  0.902998750000000        2.40466333333333      -0.252750107320190     
  0.902998750000000        2.70499625000000      -0.224078965228689     
  0.902998750000000        3.00532916666667      -0.201119842243439     
  0.902998750000000        3.30566208333333      -0.184314442387320     
  0.902998750000000        3.60599500000000      -0.170983008981344     
  0.902998750000000        3.90632791666667      -0.156788833925379     
  0.902998750000000        4.20666083333333      -0.140932387886605     
  0.902998750000000        4.50699375000000      -0.125888959903155     
  0.902998750000000        4.80732666666667      -0.113320681902698     
  0.902998750000000        5.10765958333333      -0.103003488824865     
  0.902998750000000        5.40799250000000      -9.465181560283853E-002
  0.902998750000000        5.70832541666667      -8.815105424267677E-002
  0.902998750000000        6.00865833333333      -8.287187928440155E-002
  0.902998750000000        6.30899125000000      -7.828374728186403E-002
  0.902998750000000        6.60932416666667      -7.420980316101641E-002
  0.902998750000000        6.90965708333333      -7.081238172209672E-002
  0.902998750000000        7.20999000000000      -6.749827798889813E-002
   1.20333166666667       2.000000000000000E-003 -0.609097167158854     
   1.20333166666667       0.302332916666667      -0.593153172958026     
   1.20333166666667       0.602665833333333      -0.552036062604671     
   1.20333166666667       0.902998750000000      -0.498855257250956     
   1.20333166666667        1.20333166666667      -0.442445395273792     
   1.20333166666667        1.50366458333333      -0.388039373160795     
   1.20333166666667        1.80399750000000      -0.338670140063900     
   1.20333166666667        2.10433041666667      -0.296447137980476     
   1.20333166666667        2.40466333333333      -0.261613699203437     
   1.20333166666667        2.70499625000000      -0.232713171560154     
   1.20333166666667        3.00532916666667      -0.208941042855052     
   1.20333166666667        3.30566208333333      -0.189588909794849     
   1.20333166666667        3.60599500000000      -0.173098055067746     
   1.20333166666667        3.90632791666667      -0.157489224512845     
   1.20333166666667        4.20666083333333      -0.142222084916174     
   1.20333166666667        4.50699375000000      -0.128193120909186     
   1.20333166666667        4.80732666666667      -0.116060784005943     
   1.20333166666667        5.10765958333333      -0.105864369743308     
   1.20333166666667        5.40799250000000      -9.734290041012338E-002
   1.20333166666667        5.70832541666667      -9.029533625948186E-002
   1.20333166666667        6.00865833333333      -8.429450537395371E-002
   1.20333166666667        6.30899125000000      -7.897081454990061E-002
   1.20333166666667        6.60932416666667      -7.420409437518823E-002
   1.20333166666667        6.90965708333333      -6.996458673811100E-002
   1.20333166666667        7.20999000000000      -6.593516323695203E-002
   1.50366458333333       2.000000000000000E-003 -0.619268443913488     
   1.50366458333333       0.302332916666667      -0.604507944697519     
   1.50366458333333       0.602665833333333      -0.564825574636230     
   1.50366458333333       0.902998750000000      -0.510816465478239     
   1.50366458333333        1.20333166666667      -0.452080007876589     
   1.50366458333333        1.50366458333333      -0.395071845760853     
   1.50366458333333        1.80399750000000      -0.344186599972725     
   1.50366458333333        2.10433041666667      -0.301857554386649     
   1.50366458333333        2.40466333333333      -0.266643063617414     
   1.50366458333333        2.70499625000000      -0.237324615292983     
   1.50366458333333        3.00532916666667      -0.212912863027283     
   1.50366458333333        3.30566208333333      -0.192350334938504     
   1.50366458333333        3.60599500000000      -0.174450128893509     
   1.50366458333333        3.90632791666667      -0.158209737431171     
   1.50366458333333        4.20666083333333      -0.143266653239422     
   1.50366458333333        4.50699375000000      -0.129815154327646     
   1.50366458333333        4.80732666666667      -0.118096625967821     
   1.50366458333333        5.10765958333333      -0.108096501205812     
   1.50366458333333        5.40799250000000      -9.956802129919412E-002
   1.50366458333333        5.70832541666667      -9.218669565681807E-002
   1.50366458333333        6.00865833333333      -8.564694762049904E-002
   1.50366458333333        6.30899125000000      -7.972089954469093E-002
   1.50366458333333        6.60932416666667      -7.434105445573123E-002
   1.50366458333333        6.90965708333333      -6.948017904453384E-002
   1.50366458333333        7.20999000000000      -6.499914322999546E-002
   1.80399750000000       2.000000000000000E-003 -0.612735917601117     
   1.80399750000000       0.302332916666667      -0.599282866229568     
   1.80399750000000       0.602665833333333      -0.561393726057082     
   1.80399750000000       0.902998750000000      -0.508759639283079     
   1.80399750000000        1.20333166666667      -0.450102424123147     
   1.80399750000000        1.50366458333333      -0.393502727363253     
   1.80399750000000        1.80399750000000      -0.344491005282366     
   1.80399750000000        2.10433041666667      -0.302735725447627     
   1.80399750000000        2.40466333333333      -0.267564409479087     
   1.80399750000000        2.70499625000000      -0.238247097711153     
   1.80399750000000        3.00532916666667      -0.213800395261525     
   1.80399750000000        3.30566208333333      -0.193060257861352     
   1.80399750000000        3.60599500000000      -0.174932764318075     
   1.80399750000000        3.90632791666667      -0.158671928468266     
   1.80399750000000        4.20666083333333      -0.144001663560976     
   1.80399750000000        4.50699375000000      -0.130962538756203     
   1.80399750000000        4.80732666666667      -0.119610624550818     
   1.80399750000000        5.10765958333333      -0.109822273798163     
   1.80399750000000        5.40799250000000      -0.101305166704467     
   1.80399750000000        5.70832541666667      -9.372597334606912E-002
   1.80399750000000        6.00865833333333      -8.681597626462964E-002
   1.80399750000000        6.30899125000000      -8.043901014074331E-002
   1.80399750000000        6.60932416666667      -7.460566482879627E-002
   1.80399750000000        6.90965708333333      -6.933274606045696E-002
   1.80399750000000        7.20999000000000      -6.457456843365361E-002
   2.10433041666667       2.000000000000000E-003 -0.593854829454756     
   2.10433041666667       0.302332916666667      -0.579645485748541     
   2.10433041666667       0.602665833333333      -0.542697625998275     
   2.10433041666667       0.902998750000000      -0.491115871422076     
   2.10433041666667        1.20333166666667      -0.437017537054758     
   2.10433041666667        1.50366458333333      -0.385688017188535     
   2.10433041666667        1.80399750000000      -0.339256403179601     
   2.10433041666667        2.10433041666667      -0.298688315016957     
   2.10433041666667        2.40466333333333      -0.264294904340187     
   2.10433041666667        2.70499625000000      -0.235714928575776     
   2.10433041666667        3.00532916666667      -0.211982480734036     
   2.10433041666667        3.30566208333333      -0.191847376315321     
   2.10433041666667        3.60599500000000      -0.174201556357693     
   2.10433041666667        3.90632791666667      -0.158374394038062     
   2.10433041666667        4.20666083333333      -0.144153209350938     
   2.10433041666667        4.50699375000000      -0.131563861048667     
   2.10433041666667        4.80732666666667      -0.120591572503009     
   2.10433041666667        5.10765958333333      -0.111035320634216     
   2.10433041666667        5.40799250000000      -0.102558017993561     
   2.10433041666667        5.70832541666667      -9.483789971251323E-002
   2.10433041666667        6.00865833333333      -8.768172750411761E-002
   2.10433041666667        6.30899125000000      -8.103315458064665E-002
   2.10433041666667        6.60932416666667      -7.492170949233867E-002
   2.10433041666667        6.90965708333333      -6.944489912727497E-002
   2.10433041666667        7.20999000000000      -6.456960929981738E-002
   2.40466333333333       2.000000000000000E-003 -0.574086608606020     
   2.40466333333333       0.302332916666667      -0.558606164256807     
   2.40466333333333       0.602665833333333      -0.518975727468601     
   2.40466333333333       0.902998750000000      -0.470191573622389     
   2.40466333333333        1.20333166666667      -0.420192848438249     
   2.40466333333333        1.50366458333333      -0.372307512538863     
   2.40466333333333        1.80399750000000      -0.328419720607474     
   2.40466333333333        2.10433041666667      -0.289828523550767     
   2.40466333333333        2.40466333333333      -0.257157292244559     
   2.40466333333333        2.70499625000000      -0.230164246627445     
   2.40466333333333        3.00532916666667      -0.207853053923408     
   2.40466333333333        3.30566208333333      -0.188907289231300     
   2.40466333333333        3.60599500000000      -0.172206961474003     
   2.40466333333333        3.90632791666667      -0.157135597659105     
   2.40466333333333        4.20666083333333      -0.143547478750572     
   2.40466333333333        4.50699375000000      -0.131496045509092     
   2.40466333333333        4.80732666666667      -0.120943781877961     
   2.40466333333333        5.10765958333333      -0.111645308429626     
   2.40466333333333        5.40799250000000      -0.103239616183658     
   2.40466333333333        5.70832541666667      -9.542982200389402E-002
   2.40466333333333        6.00865833333333      -8.809750924045645E-002
   2.40466333333333        6.30899125000000      -8.128611080343698E-002
   2.40466333333333        6.60932416666667      -7.510260237331234E-002
   2.40466333333333        6.90965708333333      -6.963422706446540E-002
   2.40466333333333        7.20999000000000      -6.489850426789864E-002
   2.70499625000000       2.000000000000000E-003 -0.559157103021287     
   2.70499625000000       0.302332916666667      -0.543465803232564     
   2.70499625000000       0.602665833333333      -0.502632056923436     
   2.70499625000000       0.902998750000000      -0.450050513723689     
   2.70499625000000        1.20333166666667      -0.399392323943230     
   2.70499625000000        1.50366458333333      -0.353701760140003     
   2.70499625000000        1.80399750000000      -0.312695382640728     
   2.70499625000000        2.10433041666667      -0.276981378750715     
   2.70499625000000        2.40466333333333      -0.246960548738104     
   2.70499625000000        2.70499625000000      -0.222291721080851     
   2.70499625000000        3.00532916666667      -0.201921692170712     
   2.70499625000000        3.30566208333333      -0.184525861609681     
   2.70499625000000        3.60599500000000      -0.169032513504805     
   2.70499625000000        3.90632791666667      -0.154909376228077     
   2.70499625000000        4.20666083333333      -0.142088427367506     
   2.70499625000000        4.50699375000000      -0.130658060964419     
   2.70499625000000        4.80732666666667      -0.120571059931999     
   2.70499625000000        5.10765958333333      -0.111558587245598     
   2.70499625000000        5.40799250000000      -0.103258370020066     
   2.70499625000000        5.70832541666667      -9.541032961981534E-002
   2.70499625000000        6.00865833333333      -8.796076948491120E-002
   2.70499625000000        6.30899125000000      -8.101837029376215E-002
   2.70499625000000        6.60932416666667      -7.478589646012322E-002
   2.70499625000000        6.90965708333333      -6.957467386555506E-002
   2.70499625000000        7.20999000000000      -6.533300193807556E-002
   3.00532916666667       2.000000000000000E-003 -0.534552557073642     
   3.00532916666667       0.302332916666667      -0.518253947661136     
   3.00532916666667       0.602665833333333      -0.476720113764472     
   3.00532916666667       0.902998750000000      -0.424822063165078     
   3.00532916666667        1.20333166666667      -0.374472609446106     
   3.00532916666667        1.50366458333333      -0.331112612191956     
   3.00532916666667        1.80399750000000      -0.293600699106462     
   3.00532916666667        2.10433041666667      -0.261522701543607     
   3.00532916666667        2.40466333333333      -0.234800326330375     
   3.00532916666667        2.70499625000000      -0.212889357776865     
   3.00532916666667        3.00532916666667      -0.194702252308526     
   3.00532916666667        3.30566208333333      -0.178987657208735     
   3.00532916666667        3.60599500000000      -0.164794652843809     
   3.00532916666667        3.90632791666667      -0.151708340235172     
   3.00532916666667        4.20666083333333      -0.139738700117622     
   3.00532916666667        4.50699375000000      -0.128996743343797     
   3.00532916666667        4.80732666666667      -0.119420446539933     
   3.00532916666667        5.10765958333333      -0.110729002328042     
   3.00532916666667        5.40799250000000      -0.102577834181239     
   3.00532916666667        5.70832541666667      -9.475120569910665E-002
   3.00532916666667        6.00865833333333      -8.724012327120462E-002
   3.00532916666667        6.30899125000000      -8.017521643438620E-002
   3.00532916666667        6.60932416666667      -7.395753404296360E-002
   3.00532916666667        6.90965708333333      -6.919594991134195E-002
   3.00532916666667        7.20999000000000      -6.577629849148182E-002
   3.30566208333333       2.000000000000000E-003 -0.500277399393321     
   3.30566208333333       0.302332916666667      -0.485014532184975     
   3.30566208333333       0.602665833333333      -0.444592268174121     
   3.30566208333333       0.902998750000000      -0.394166476181067     
   3.30566208333333        1.20333166666667      -0.346455646955472     
   3.30566208333333        1.50366458333333      -0.306355262853034     
   3.30566208333333        1.80399750000000      -0.272908662396543     
   3.30566208333333        2.10433041666667      -0.244871694425964     
   3.30566208333333        2.40466333333333      -0.221679809976176     
   3.30566208333333        2.70499625000000      -0.202603176510845     
   3.30566208333333        3.00532916666667      -0.186580810515188     
   3.30566208333333        3.30566208333333      -0.172507509115975     
   3.30566208333333        3.60599500000000      -0.159603843710596     
   3.30566208333333        3.90632791666667      -0.147583857769411     
   3.30566208333333        4.20666083333333      -0.136517823196655     
   3.30566208333333        4.50699375000000      -0.126516275302201     
   3.30566208333333        4.80732666666667      -0.117493735098776     
   3.30566208333333        5.10765958333333      -0.109166517946056     
   3.30566208333333        5.40799250000000      -0.101222682990019     
   3.30566208333333        5.70832541666667      -9.349386402217205E-002
   3.30566208333333        6.00865833333333      -8.598473254936921E-002
   3.30566208333333        6.30899125000000      -7.882023879644481E-002
   3.30566208333333        6.60932416666667      -7.260426951409397E-002
   3.30566208333333        6.90965708333333      -6.838810708604712E-002
   3.30566208333333        7.20999000000000      -6.571389707957405E-002
   3.60599500000000       2.000000000000000E-003 -0.455601433142702     
   3.60599500000000       0.302332916666667      -0.444516506209449     
   3.60599500000000       0.602665833333333      -0.407733629482869     
   3.60599500000000       0.902998750000000      -0.360702378679531     
   3.60599500000000        1.20333166666667      -0.316888491742390     
   3.60599500000000        1.50366458333333      -0.280904122582143     
   3.60599500000000        1.80399750000000      -0.251909156140115     
   3.60599500000000        2.10433041666667      -0.227978127322553     
   3.60599500000000        2.40466333333333      -0.208214160296298     
   3.60599500000000        2.70499625000000      -0.191803521724462     
   3.60599500000000        3.00532916666667      -0.177783720389540     
   3.60599500000000        3.30566208333333      -0.165240797642122     
   3.60599500000000        3.60599500000000      -0.153583083294129     
   3.60599500000000        3.90632791666667      -0.142640130996667     
   3.60599500000000        4.20666083333333      -0.132511383011016     
   3.60599500000000        4.50699375000000      -0.123283034856553     
   3.60599500000000        4.80732666666667      -0.114844480300768     
   3.60599500000000        5.10765958333333      -0.106923262772213     
   3.60599500000000        5.40799250000000      -9.925523455876158E-002
   3.60599500000000        5.70832541666667      -9.172432064961154E-002
   3.60599500000000        6.00865833333333      -8.433962670645413E-002
   3.60599500000000        6.30899125000000      -7.724018279035501E-002
   3.60599500000000        6.60932416666667      -7.114165088141054E-002
   3.60599500000000        6.90965708333333      -6.750042103092814E-002
   3.60599500000000        7.20999000000000      -6.535366107603624E-002
   3.90632791666667       2.000000000000000E-003 -0.398418847928591     
   3.90632791666667       0.302332916666667      -0.390162642560584     
   3.90632791666667       0.602665833333333      -0.361327269855630     
   3.90632791666667       0.902998750000000      -0.322609274827364     
   3.90632791666667        1.20333166666667      -0.285597809186390     
   3.90632791666667        1.50366458333333      -0.255250613619419     
   3.90632791666667        1.80399750000000      -0.231083603643414     
   3.90632791666667        2.10433041666667      -0.211172250104928     
   3.90632791666667        2.40466333333333      -0.194611234865842     
   3.90632791666667        2.70499625000000      -0.180642624567147     
   3.90632791666667        3.00532916666667      -0.168461012029981     
   3.90632791666667        3.30566208333333      -0.157358380544533     
   3.90632791666667        3.60599500000000      -0.146918487929134     
   3.90632791666667        3.90632791666667      -0.137057968693902     
   3.90632791666667        4.20666083333333      -0.127874637640020     
   3.90632791666667        4.50699375000000      -0.119418316810110     
   3.90632791666667        4.80732666666667      -0.111565217604921     
   3.90632791666667        5.10765958333333      -0.104076141217716     
   3.90632791666667        5.40799250000000      -9.675072438906490E-002
   3.90632791666667        5.70832541666667      -8.953365970989800E-002
   3.90632791666667        6.00865833333333      -8.246871890910208E-002
   3.90632791666667        6.30899125000000      -7.571055871542569E-002
   3.90632791666667        6.60932416666667      -6.993476030879482E-002
   3.90632791666667        6.90965708333333      -6.617807892837742E-002
   3.90632791666667        7.20999000000000      -6.380003211004055E-002
   4.20666083333333       2.000000000000000E-003 -0.331157879283111     
   4.20666083333333       0.302332916666667      -0.325066702969247     
   4.20666083333333       0.602665833333333      -0.306306427433426     
   4.20666083333333       0.902998750000000      -0.279829366326616     
   4.20666083333333        1.20333166666667      -0.252582853044461     
   4.20666083333333        1.50366458333333      -0.229539160273765     
   4.20666083333333        1.80399750000000      -0.210464733628143     
   4.20666083333333        2.10433041666667      -0.194455550961459     
   4.20666083333333        2.40466333333333      -0.180906448728313     
   4.20666083333333        2.70499625000000      -0.169225289404690     
   4.20666083333333        3.00532916666667      -0.158793089253371     
   4.20666083333333        3.30566208333333      -0.149097296306461     
   4.20666083333333        3.60599500000000      -0.139867130950171     
   4.20666083333333        3.90632791666667      -0.131075275916177     
   4.20666083333333        4.20666083333333      -0.122802089906671     
   4.20666083333333        4.50699375000000      -0.115069689871365     
   4.20666083333333        4.80732666666667      -0.107768081937932     
   4.20666083333333        5.10765958333333      -0.100716287763343     
   4.20666083333333        5.40799250000000      -9.378775207369124E-002
   4.20666083333333        5.70832541666667      -8.698633840708157E-002
   4.20666083333333        6.00865833333333      -8.041005912564672E-002
   4.20666083333333        6.30899125000000      -7.419521392768606E-002
   4.20666083333333        6.60932416666667      -6.884431481176080E-002
   4.20666083333333        6.90965708333333      -6.491321972185295E-002
   4.20666083333333        7.20999000000000      -6.210240577607638E-002
   4.50699375000000       2.000000000000000E-003 -0.266306730635621     
   4.50699375000000       0.302332916666667      -0.263044247527475     
   4.50699375000000       0.602665833333333      -0.253040860875945     
   4.50699375000000       0.902998750000000      -0.237698759965416     
   4.50699375000000        1.20333166666667      -0.220467450428652     
   4.50699375000000        1.50366458333333      -0.204408006845940     
   4.50699375000000        1.80399750000000      -0.190244731310856     
   4.50699375000000        2.10433041666667      -0.177945787573601     
   4.50699375000000        2.40466333333333      -0.167245980463230     
   4.50699375000000        2.70499625000000      -0.157748730491622     
   4.50699375000000        3.00532916666667      -0.149019508345148     
   4.50699375000000        3.30566208333333      -0.140715432598314     
   4.50699375000000        3.60599500000000      -0.132675699132425     
   4.50699375000000        3.90632791666667      -0.124903995937455     
   4.50699375000000        4.20666083333333      -0.117463691986705     
   4.50699375000000        4.50699375000000      -0.110373250626279     
   4.50699375000000        4.80732666666667      -0.103567897930928     
   4.50699375000000        5.10765958333333      -9.694555852214601E-002
   4.50699375000000        5.40799250000000      -9.045291543238047E-002
   4.50699375000000        5.70832541666667      -8.413356619041651E-002
   4.50699375000000        6.00865833333333      -7.810275656241859E-002
   4.50699375000000        6.30899125000000      -7.248753190313349E-002
   4.50699375000000        6.60932416666667      -6.750145838523655E-002
   4.50699375000000        6.90965708333333      -6.342469359610502E-002
   4.50699375000000        7.20999000000000      -6.005879319744382E-002
   4.80732666666667       2.000000000000000E-003 -0.215315051492660     
   4.80732666666667       0.302332916666667      -0.214099357744629     
   4.80732666666667       0.602665833333333      -0.209659811337866     
   4.80732666666667       0.902998750000000      -0.201481142082608     
   4.80732666666667        1.20333166666667      -0.191320237525581     
   4.80732666666667        1.50366458333333      -0.180880379603470     
   4.80732666666667        1.80399750000000      -0.171039806184747     
   4.80732666666667        2.10433041666667      -0.162089751042564     
   4.80732666666667        2.40466333333333      -0.153983399384850     
   4.80732666666667        2.70499625000000      -0.146497960589913     
   4.80732666666667        3.00532916666667      -0.139367552495249     
   4.80732666666667        3.30566208333333      -0.132390017005527     
   4.80732666666667        3.60599500000000      -0.125479980510572     
   4.80732666666667        3.90632791666667      -0.118650555328265     
   4.80732666666667        4.20666083333333      -0.111952535819624     
   4.80732666666667        4.50699375000000      -0.105422895532553     
   4.80732666666667        4.80732666666667      -9.906490997507425E-002
   4.80732666666667        5.10765958333333      -9.286614817184023E-002
   4.80732666666667        5.40799250000000      -8.683854174888357E-002
   4.80732666666667        5.70832541666667      -8.103923212305553E-002
   4.80732666666667        6.00865833333333      -7.555342700844458E-002
   4.80732666666667        6.30899125000000      -7.046177879859700E-002
   4.80732666666667        6.60932416666667      -6.582968946876139E-002
   4.80732666666667        6.90965708333333      -6.170256268976516E-002
   4.80732666666667        7.20999000000000      -5.801126436294336E-002
   5.10765958333333       2.000000000000000E-003 -0.176826075795375     
   5.10765958333333       0.302332916666667      -0.176401722288463     
   5.10765958333333       0.602665833333333      -0.174542050040016     
   5.10765958333333       0.902998750000000      -0.171147702578169     
   5.10765958333333        1.20333166666667      -0.166068013445600     
   5.10765958333333        1.50366458333333      -0.160016227789305     
   5.10765958333333        1.80399750000000      -0.153697086997241     
   5.10765958333333        2.10433041666667      -0.147499170414626     
   5.10765958333333        2.40466333333333      -0.141522129276885     
   5.10765958333333        2.70499625000000      -0.135704536380643     
   5.10765958333333        3.00532916666667      -0.129940768202956     
   5.10765958333333        3.30566208333333      -0.124146177304441     
   5.10765958333333        3.60599500000000      -0.118274314065298     
   5.10765958333333        3.90632791666667      -0.112314332393896     
   5.10765958333333        4.20666083333333      -0.106292319577981     
   5.10765958333333        4.50699375000000      -0.100271473614841     
   5.10765958333333        4.80732666666667      -9.433468577542840E-002
   5.10765958333333        5.10765958333333      -8.856182810043579E-002
   5.10765958333333        5.40799250000000      -8.302029780019522E-002
   5.10765958333333        5.70832541666667      -7.776259487826644E-002
   5.10765958333333        6.00865833333333      -7.281972500890065E-002
   5.10765958333333        6.30899125000000      -6.819487056284802E-002
   5.10765958333333        6.60932416666667      -6.387110464842460E-002
   5.10765958333333        6.90965708333333      -5.983912365325638E-002
   5.10765958333333        7.20999000000000      -5.607796626055545E-002
   5.40799250000000       2.000000000000000E-003 -0.146640223748610     
   5.40799250000000       0.302332916666667      -0.146893022142336     
   5.40799250000000       0.602665833333333      -0.147243261000132     
   5.40799250000000       0.902998750000000      -0.146831121178380     
   5.40799250000000        1.20333166666667      -0.145339326310602     
   5.40799250000000        1.50366458333333      -0.142625535146002     
   5.40799250000000        1.80399750000000      -0.138865228690570     
   5.40799250000000        2.10433041666667      -0.134587252560075     
   5.40799250000000        2.40466333333333      -0.130059881197694     
   5.40799250000000        2.70499625000000      -0.125395453451800     
   5.40799250000000        3.00532916666667      -0.120656329338377     
   5.40799250000000        3.30566208333333      -0.115865939256582     
   5.40799250000000        3.60599500000000      -0.110972201218476     
   5.40799250000000        3.90632791666667      -0.105868677112920     
   5.40799250000000        4.20666083333333      -0.100505743120798     
   5.40799250000000        4.50699375000000      -9.496890754074135E-002
   5.40799250000000        4.80732666666667      -8.943606599028416E-002
   5.40799250000000        5.10765958333333      -8.408372321788531E-002
   5.40799250000000        5.40799250000000      -7.902878122154917E-002
   5.40799250000000        5.70832541666667      -7.431647882252013E-002
   5.40799250000000        6.00865833333333      -6.992093810024420E-002
   5.40799250000000        6.30899125000000      -6.574451393632841E-002
   5.40799250000000        6.60932416666667      -6.174208536795527E-002
   5.40799250000000        6.90965708333333      -5.789093355554691E-002
   5.40799250000000        7.20999000000000      -5.421575120130474E-002
   5.70832541666667       2.000000000000000E-003 -0.123432977411328     
   5.70832541666667       0.302332916666667      -0.124756226504807     
   5.70832541666667       0.602665833333333      -0.127406782157128     
   5.70832541666667       0.902998750000000      -0.129420192272959     
   5.70832541666667        1.20333166666667      -0.129950486692980     
   5.70832541666667        1.50366458333333      -0.129002154310625     
   5.70832541666667        1.80399750000000      -0.126649268467103     
   5.70832541666667        2.10433041666667      -0.123325012727683     
   5.70832541666667        2.40466333333333      -0.119472152581540     
   5.70832541666667        2.70499625000000      -0.115367970949504     
   5.70832541666667        3.00532916666667      -0.111268218707764     
   5.70832541666667        3.30566208333333      -0.107352566384902     
   5.70832541666667        3.60599500000000      -0.103523821029307     
   5.70832541666667        3.90632791666667      -9.939903258387935E-002
   5.70832541666667        4.20666083333333      -9.471669239726584E-002
   5.70832541666667        4.50699375000000      -8.961182607754858E-002
   5.70832541666667        4.80732666666667      -8.442446158856012E-002
   5.70832541666667        5.10765958333333      -7.944515144445168E-002
   5.70832541666667        5.40799250000000      -7.483309948197762E-002
   5.70832541666667        5.70832541666667      -7.062556193041045E-002
   5.70832541666667        6.00865833333333      -6.672782057000679E-002
   5.70832541666667        6.30899125000000      -6.304336411296650E-002
   5.70832541666667        6.60932416666667      -5.944887319773312E-002
   5.70832541666667        6.90965708333333      -5.583284938456955E-002
   5.70832541666667        7.20999000000000      -5.226553975063896E-002
   6.00865833333333       2.000000000000000E-003 -0.104936909198348     
   6.00865833333333       0.302332916666667      -0.107962110644894     
   6.00865833333333       0.602665833333333      -0.113647342251346     
   6.00865833333333       0.902998750000000      -0.117618498505203     
   6.00865833333333        1.20333166666667      -0.119039149820559     
   6.00865833333333        1.50366458333333      -0.118553238199657     
   6.00865833333333        1.80399750000000      -0.116559058193297     
   6.00865833333333        2.10433041666667      -0.113314626734806     
   6.00865833333333        2.40466333333333      -0.109444617746527     
   6.00865833333333        2.70499625000000      -0.105292683166029     
   6.00865833333333        3.00532916666667      -0.101349209051643     
   6.00865833333333        3.30566208333333      -9.825622341508911E-002
   6.00865833333333        3.60599500000000      -9.599848923779797E-002
   6.00865833333333        3.90632791666667      -9.330017769473542E-002
   6.00865833333333        4.20666083333333      -8.926320747314379E-002
   6.00865833333333        4.50699375000000      -8.435803329056982E-002
   6.00865833333333        4.80732666666667      -7.934167032805818E-002
   6.00865833333333        5.10765958333333      -7.461910470868426E-002
   6.00865833333333        5.40799250000000      -7.034012693047334E-002
   6.00865833333333        5.70832541666667      -6.654942770714295E-002
   6.00865833333333        6.00865833333333      -6.316629857369073E-002
   6.00865833333333        6.30899125000000      -6.005885604844380E-002
   6.00865833333333        6.60932416666667      -5.698248571252962E-002
   6.00865833333333        6.90965708333333      -5.359821865391033E-002
   6.00865833333333        7.20999000000000      -5.001490185662313E-002
   6.30899125000000       2.000000000000000E-003 -8.826157899996295E-002
   6.30899125000000       0.302332916666667      -9.468519344730775E-002
   6.30899125000000       0.602665833333333      -0.104371924177586     
   6.30899125000000       0.902998750000000      -0.109346634578596     
   6.30899125000000        1.20333166666667      -0.110626422455887     
   6.30899125000000        1.50366458333333      -0.109869181871882     
   6.30899125000000        1.80399750000000      -0.107645169748536     
   6.30899125000000        2.10433041666667      -0.104120981230255     
   6.30899125000000        2.40466333333333      -9.978330464347564E-002
   6.30899125000000        2.70499625000000      -9.485052784901093E-002
   6.30899125000000        3.00532916666667      -9.037458034606442E-002
   6.30899125000000        3.30566208333333      -8.843031367239226E-002
   6.30899125000000        3.60599500000000      -8.872359590539784E-002
   6.30899125000000        3.90632791666667      -8.806692522814037E-002
   6.30899125000000        4.20666083333333      -8.453356469190490E-002
   6.30899125000000        4.50699375000000      -7.930695902838523E-002
   6.30899125000000        4.80732666666667      -7.414986993691200E-002
   6.30899125000000        5.10765958333333      -6.954075137695753E-002
   6.30899125000000        5.40799250000000      -6.550838091042008E-002
   6.30899125000000        5.70832541666667      -6.212566084845496E-002
   6.30899125000000        6.00865833333333      -5.925310425337638E-002
   6.30899125000000        6.30899125000000      -5.676249182284981E-002
   6.30899125000000        6.60932416666667      -5.437011568459569E-002
   6.30899125000000        6.90965708333333      -5.125415109661489E-002
   6.30899125000000        7.20999000000000      -4.728617782672740E-002
   6.60932416666667       2.000000000000000E-003 -7.298147418896653E-002
   6.60932416666667       0.302332916666667      -8.521547822127465E-002
   6.60932416666667       0.602665833333333      -9.687280816948098E-002
   6.60932416666667       0.902998750000000      -0.101099396399131     
   6.60932416666667        1.20333166666667      -0.102293462889403     
   6.60932416666667        1.50366458333333      -0.101590593905369     
   6.60932416666667        1.80399750000000      -9.929317593808282E-002
   6.60932416666667        2.10433041666667      -9.562639290129347E-002
   6.60932416666667        2.40466333333333      -9.078292592190576E-002
   6.60932416666667        2.70499625000000      -8.473813054853882E-002
   6.60932416666667        3.00532916666667      -7.964860808688150E-002
   6.60932416666667        3.30566208333333      -7.879109038125273E-002
   6.60932416666667        3.60599500000000      -8.261635958688358E-002
   6.60932416666667        3.90632791666667      -8.394026527000656E-002
   6.60932416666667        4.20666083333333      -7.984236221570218E-002
   6.60932416666667        4.50699375000000      -7.392514090458854E-002
   6.60932416666667        4.80732666666667      -6.862852870360962E-002
   6.60932416666667        5.10765958333333      -6.416311054408538E-002
   6.60932416666667        5.40799250000000      -6.048779021127716E-002
   6.60932416666667        5.70832541666667      -5.754570463092676E-002
   6.60932416666667        6.00865833333333      -5.513573340035795E-002
   6.60932416666667        6.30899125000000      -5.312787160969355E-002
   6.60932416666667        6.60932416666667      -5.149104990787804E-002
   6.60932416666667        6.90965708333333      -4.919963393085310E-002
   6.60932416666667        7.20999000000000      -4.445930779147692E-002
   6.90965708333333       2.000000000000000E-003 -7.180764367938128E-002
   6.90965708333333       0.302332916666667      -8.298910361099925E-002
   6.90965708333333       0.602665833333333      -8.448495973916674E-002
   6.90965708333333       0.902998750000000      -8.926831335673870E-002
   6.90965708333333        1.20333166666667      -9.274861747969916E-002
   6.90965708333333        1.50366458333333      -9.325890352520497E-002
   6.90965708333333        1.80399750000000      -9.149703149570441E-002
   6.90965708333333        2.10433041666667      -8.815622418118055E-002
   6.90965708333333        2.40466333333333      -8.344700263681895E-002
   6.90965708333333        2.70499625000000      -7.758083196361205E-002
   6.90965708333333        3.00532916666667      -7.246386805955281E-002
   6.90965708333333        3.30566208333333      -7.236715383093974E-002
   6.90965708333333        3.60599500000000      -7.930907567680164E-002
   6.90965708333333        3.90632791666667      -7.954236380245712E-002
   6.90965708333333        4.20666083333333      -7.349394188232046E-002
   6.90965708333333        4.50699375000000      -6.730572220856887E-002
   6.90965708333333        4.80732666666667      -6.251222361906766E-002
   6.90965708333333        5.10765958333333      -5.866771729240247E-002
   6.90965708333333        5.40799250000000      -5.553143056953718E-002
   6.90965708333333        5.70832541666667      -5.315518969291449E-002
   6.90965708333333        6.00865833333333      -5.124826663686036E-002
   6.90965708333333        6.30899125000000      -4.949363415687357E-002
   6.90965708333333        6.60932416666667      -4.790438227541165E-002
   6.90965708333333        6.90965708333333      -4.710923378740854E-002
   6.90965708333333        7.20999000000000      -4.385942926260107E-002
   7.20999000000000       2.000000000000000E-003 -8.385356805687079E-002
   7.20999000000000       0.302332916666667      -7.598493452596013E-002
   7.20999000000000       0.602665833333333      -7.074630237978390E-002
   7.20999000000000       0.902998750000000      -7.853204517630531E-002
   7.20999000000000        1.20333166666667      -8.406550766869909E-002
   7.20999000000000        1.50366458333333      -8.563176738095590E-002
   7.20999000000000        1.80399750000000      -8.458871045809710E-002
   7.20999000000000        2.10433041666667      -8.209394855857008E-002
   7.20999000000000        2.40466333333333      -7.874610909633109E-002
   7.20999000000000        2.70499625000000      -7.517998860473300E-002
   7.20999000000000        3.00532916666667      -7.294243114783207E-002
   7.20999000000000        3.30566208333333      -7.443936973735869E-002
   7.20999000000000        3.60599500000000      -7.753593611477771E-002
   7.20999000000000        3.90632791666667      -7.075482822675901E-002
   7.20999000000000        4.20666083333333      -6.474946843773663E-002
   7.20999000000000        4.50699375000000      -5.986881950965500E-002
   7.20999000000000        4.80732666666667      -5.628511429168570E-002
   7.20999000000000        5.10765958333333      -5.338946304237815E-002
   7.20999000000000        5.40799250000000      -5.097055108862095E-002
   7.20999000000000        5.70832541666667      -4.928407120346091E-002
   7.20999000000000        6.00865833333333      -4.810549631452560E-002
   7.20999000000000        6.30899125000000      -4.696445725981979E-002
   7.20999000000000        6.60932416666667      -4.549180362577367E-002
   7.20999000000000        6.90965708333333      -4.448844273359363E-002
   7.20999000000000        7.20999000000000      -4.377521657778966E-002
