  2.000000000000000E-003  2.000000000000000E-003 -4.016893945883423E-002
  2.000000000000000E-003  0.302332916666667      -3.468514759093261E-002
  2.000000000000000E-003  0.602665833333333      -3.037172939494677E-002
  2.000000000000000E-003  0.902998750000000      -3.088448888911242E-002
  2.000000000000000E-003   1.20333166666667      -3.025284177973448E-002
  2.000000000000000E-003   1.50366458333333      -2.797935375153041E-002
  2.000000000000000E-003   1.80399750000000      -2.488973712615244E-002
  2.000000000000000E-003   2.10433041666667      -2.165211824848518E-002
  2.000000000000000E-003   2.40466333333333      -1.837715103728261E-002
  2.000000000000000E-003   2.70499625000000      -1.558770323782812E-002
  2.000000000000000E-003   3.00532916666667      -1.416472794929798E-002
  2.000000000000000E-003   3.30566208333333      -1.455108041352643E-002
  2.000000000000000E-003   3.60599500000000      -1.666742178208132E-002
  2.000000000000000E-003   3.90632791666667      -9.048578518934479E-003
  2.000000000000000E-003   4.20666083333333      -4.017759226862769E-003
  2.000000000000000E-003   4.50699375000000      -4.366676535000258E-003
  2.000000000000000E-003   4.80732666666667      -6.710120175941869E-003
  2.000000000000000E-003   5.10765958333333      -8.846055265997752E-003
  2.000000000000000E-003   5.40799250000000      -1.024705408800886E-002
  2.000000000000000E-003   5.70832541666667      -1.149420086512942E-002
  2.000000000000000E-003   6.00865833333333      -1.263831067731338E-002
  2.000000000000000E-003   6.30899125000000      -1.350400426808514E-002
  2.000000000000000E-003   6.60932416666667      -1.382890146551061E-002
  2.000000000000000E-003   6.90965708333333      -1.366333833379770E-002
  2.000000000000000E-003   7.20999000000000      -1.223460791166157E-002
  0.302332916666667       2.000000000000000E-003 -4.773282286508694E-002
  0.302332916666667       0.302332916666667      -4.769111337429597E-002
  0.302332916666667       0.602665833333333      -4.064320367866851E-002
  0.302332916666667       0.902998750000000      -3.724041990155256E-002
  0.302332916666667        1.20333166666667      -3.481926636302900E-002
  0.302332916666667        1.50366458333333      -3.154049520987642E-002
  0.302332916666667        1.80399750000000      -2.761549893848854E-002
  0.302332916666667        2.10433041666667      -2.367453693921604E-002
  0.302332916666667        2.40466333333333      -1.974737721798761E-002
  0.302332916666667        2.70499625000000      -1.621635469005638E-002
  0.302332916666667        3.00532916666667      -1.468095167637476E-002
  0.302332916666667        3.30566208333333      -1.614695903537204E-002
  0.302332916666667        3.60599500000000      -1.865731731392976E-002
  0.302332916666667        3.90632791666667      -1.366643973044090E-002
  0.302332916666667        4.20666083333333      -8.198998974499799E-003
  0.302332916666667        4.50699375000000      -7.034269531532140E-003
  0.302332916666667        4.80732666666667      -8.204149080878485E-003
  0.302332916666667        5.10765958333333      -9.494584388653088E-003
  0.302332916666667        5.40799250000000      -1.038446507052122E-002
  0.302332916666667        5.70832541666667      -1.120141361984547E-002
  0.302332916666667        6.00865833333333      -1.189575109673799E-002
  0.302332916666667        6.30899125000000      -1.226363130052511E-002
  0.302332916666667        6.60932416666667      -1.211398633832489E-002
  0.302332916666667        6.90965708333333      -1.233745198520082E-002
  0.302332916666667        7.20999000000000      -1.541335186541978E-002
  0.602665833333333       2.000000000000000E-003 -5.190154232036774E-002
  0.602665833333333       0.302332916666667      -5.186145467289538E-002
  0.602665833333333       0.602665833333333      -4.856797373706521E-002
  0.602665833333333       0.902998750000000      -4.473589184623511E-002
  0.602665833333333        1.20333166666667      -4.098289812373997E-002
  0.602665833333333        1.50366458333333      -3.657701079340967E-002
  0.602665833333333        1.80399750000000      -3.172528967648493E-002
  0.602665833333333        2.10433041666667      -2.711583289928663E-002
  0.602665833333333        2.40466333333333      -2.302041395962287E-002
  0.602665833333333        2.70499625000000      -1.933561971854373E-002
  0.602665833333333        3.00532916666667      -1.811418514048503E-002
  0.602665833333333        3.30566208333333      -1.961119003226830E-002
  0.602665833333333        3.60599500000000      -2.089086496625267E-002
  0.602665833333333        3.90632791666667      -1.785433224113581E-002
  0.602665833333333        4.20666083333333      -1.330330142586113E-002
  0.602665833333333        4.50699375000000      -1.087919287168883E-002
  0.602665833333333        4.80732666666667      -1.046577638816664E-002
  0.602665833333333        5.10765958333333      -1.047465809101494E-002
  0.602665833333333        5.40799250000000      -1.059897411959992E-002
  0.602665833333333        5.70832541666667      -1.075726711315390E-002
  0.602665833333333        6.00865833333333      -1.077311747591160E-002
  0.602665833333333        6.30899125000000      -1.054550728353956E-002
  0.602665833333333        6.60932416666667      -1.058096943266353E-002
  0.602665833333333        6.90965708333333      -1.284009959574106E-002
  0.602665833333333        7.20999000000000      -1.597039395486984E-002
  0.902998750000000       2.000000000000000E-003 -5.416104193481914E-002
  0.902998750000000       0.302332916666667      -5.462586831206927E-002
  0.902998750000000       0.602665833333333      -5.427739503435625E-002
  0.902998750000000       0.902998750000000      -5.205318883395102E-002
  0.902998750000000        1.20333166666667      -4.815235564477684E-002
  0.902998750000000        1.50366458333333      -4.296528566972105E-002
  0.902998750000000        1.80399750000000      -3.724134275800012E-002
  0.902998750000000        2.10433041666667      -3.198063380978274E-002
  0.902998750000000        2.40466333333333      -2.742496907448560E-002
  0.902998750000000        2.70499625000000      -2.373516338186031E-002
  0.902998750000000        3.00532916666667      -2.184377627099241E-002
  0.902998750000000        3.30566208333333      -2.190498121725066E-002
  0.902998750000000        3.60599500000000      -2.183869414893914E-002
  0.902998750000000        3.90632791666667      -1.971514057358024E-002
  0.902998750000000        4.20666083333333      -1.640764925727954E-002
  0.902998750000000        4.50699375000000      -1.381458783584513E-002
  0.902998750000000        4.80732666666667      -1.233732162698817E-002
  0.902998750000000        5.10765958333333      -1.145685507537964E-002
  0.902998750000000        5.40799250000000      -1.089681153195401E-002
  0.902998750000000        5.70832541666667      -1.048700132852310E-002
  0.902998750000000        6.00865833333333      -1.005217855656519E-002
  0.902998750000000        6.30899125000000      -9.671540798756480E-003
  0.902998750000000        6.60932416666667      -9.967639268414862E-003
  0.902998750000000        6.90965708333333      -1.173517509377028E-002
  0.902998750000000        7.20999000000000      -1.345975953634607E-002
   1.20333166666667       2.000000000000000E-003 -6.269402567770742E-002
   1.20333166666667       0.302332916666667      -6.297987361889279E-002
   1.20333166666667       0.602665833333333      -6.284824682106718E-002
   1.20333166666667       0.902998750000000      -6.086380758929580E-002
   1.20333166666667        1.20333166666667      -5.665572308399300E-002
   1.20333166666667        1.50366458333333      -5.073905200043938E-002
   1.20333166666667        1.80399750000000      -4.414275944726845E-002
   1.20333166666667        2.10433041666667      -3.794719200325779E-002
   1.20333166666667        2.40466333333333      -3.252352260261174E-002
   1.20333166666667        2.70499625000000      -2.828045885865214E-002
   1.20333166666667        3.00532916666667      -2.545457812467027E-002
   1.20333166666667        3.30566208333333      -2.386661346444504E-002
   1.20333166666667        3.60599500000000      -2.255015886990330E-002
   1.20333166666667        3.90632791666667      -2.049067151252667E-002
   1.20333166666667        4.20666083333333      -1.785309689501813E-002
   1.20333166666667        4.50699375000000      -1.543868167160489E-002
   1.20333166666667        4.80732666666667      -1.357967346207928E-002
   1.20333166666667        5.10765958333333      -1.223910197893953E-002
   1.20333166666667        5.40799250000000      -1.125490765893501E-002
   1.20333166666667        5.70832541666667      -1.048464882831690E-002
   1.20333166666667        6.00865833333333      -9.832855369017044E-003
   1.20333166666667        6.30899125000000      -9.404690340160182E-003
   1.20333166666667        6.60932416666667      -9.562537879974745E-003
   1.20333166666667        6.90965708333333      -1.047412731272823E-002
   1.20333166666667        7.20999000000000      -1.136295117522847E-002
   1.50366458333333       2.000000000000000E-003 -7.564303645510551E-002
   1.50366458333333       0.302332916666667      -7.548042295339756E-002
   1.50366458333333       0.602665833333333      -7.449430315015058E-002
   1.50366458333333       0.902998750000000      -7.170188952489992E-002
   1.50366458333333        1.20333166666667      -6.667530648552389E-002
   1.50366458333333        1.50366458333333      -5.982824077492008E-002
   1.50366458333333        1.80399750000000      -5.221895783745355E-002
   1.50366458333333        2.10433041666667      -4.478280802409258E-002
   1.50366458333333        2.40466333333333      -3.816288900191852E-002
   1.50366458333333        2.70499625000000      -3.282134625790230E-002
   1.50366458333333        3.00532916666667      -2.886429150044482E-002
   1.50366458333333        3.30566208333333      -2.599053392630651E-002
   1.50366458333333        3.60599500000000      -2.360919011773277E-002
   1.50366458333333        3.90632791666667      -2.121009672817457E-002
   1.50366458333333        4.20666083333333      -1.871487191336320E-002
   1.50366458333333        4.50699375000000      -1.636061890847643E-002
   1.50366458333333        4.80732666666667      -1.437029052561313E-002
   1.50366458333333        5.10765958333333      -1.281501963602398E-002
   1.50366458333333        5.40799250000000      -1.162909169953866E-002
   1.50366458333333        5.70832541666667      -1.068010171835388E-002
   1.50366458333333        6.00865833333333      -9.925247291958861E-003
   1.50366458333333        6.30899125000000      -9.437891768443396E-003
   1.50366458333333        6.60932416666667      -9.375963899829648E-003
   1.50366458333333        6.90965708333333      -9.744398639361357E-003
   1.50366458333333        7.20999000000000      -1.018224928301491E-002
   1.80399750000000       2.000000000000000E-003 -9.037664212796570E-002
   1.80399750000000       0.302332916666667      -8.976698198936217E-002
   1.80399750000000       0.602665833333333      -8.776144521692024E-002
   1.80399750000000       0.902998750000000      -8.383162144115273E-002
   1.80399750000000        1.20333166666667      -7.768388991465013E-002
   1.80399750000000        1.50366458333333      -6.974565635854868E-002
   1.80399750000000        1.80399750000000      -6.093278629655158E-002
   1.80399750000000        2.10433041666667      -5.209739833238882E-002
   1.80399750000000        2.40466333333333      -4.406576219572236E-002
   1.80399750000000        2.70499625000000      -3.739243210584011E-002
   1.80399750000000        3.00532916666667      -3.219941817583916E-002
   1.80399750000000        3.30566208333333      -2.821390771719658E-002
   1.80399750000000        3.60599500000000      -2.497137803205200E-002
   1.80399750000000        3.90632791666667      -2.208128912454412E-002
   1.80399750000000        4.20666083333333      -1.939428939644997E-002
   1.80399750000000        4.50699375000000      -1.696595976450971E-002
   1.80399750000000        4.80732666666667      -1.490467270147613E-002
   1.80399750000000        5.10765958333333      -1.325665389505845E-002
   1.80399750000000        5.40799250000000      -1.197968089710295E-002
   1.80399750000000        5.70832541666667      -1.097963972910048E-002
   1.80399750000000        6.00865833333333      -1.018150888148178E-002
   1.80399750000000        6.30899125000000      -9.630179424882819E-003
   1.80399750000000        6.60932416666667      -9.400362795807408E-003
   1.80399750000000        6.90965708333333      -9.469801092755550E-003
   1.80399750000000        7.20999000000000      -9.665381987028281E-003
   2.10433041666667       2.000000000000000E-003 -0.105706628599479     
   2.10433041666667       0.302332916666667      -0.104536823016219     
   2.10433041666667       0.602665833333333      -0.101403262179948     
   2.10433041666667       0.902998750000000      -9.609415381226799E-002
   2.10433041666667        1.20333166666667      -8.878310447088369E-002
   2.10433041666667        1.50366458333333      -7.972742215328446E-002
   2.10433041666667        1.80399750000000      -6.956340352756785E-002
   2.10433041666667        2.10433041666667      -5.924322567491602E-002
   2.10433041666667        2.40466333333333      -4.973709368740767E-002
   2.10433041666667        2.70499625000000      -4.169993331015918E-002
   2.10433041666667        3.00532916666667      -3.530472184648284E-002
   2.10433041666667        3.30566208333333      -3.031264379363428E-002
   2.10433041666667        3.60599500000000      -2.630254547419065E-002
   2.10433041666667        3.90632791666667      -2.291184793790497E-002
   2.10433041666667        4.20666083333333      -1.996024272104762E-002
   2.10433041666667        4.50699375000000      -1.742149182016417E-002
   2.10433041666667        4.80732666666667      -1.531877611720377E-002
   2.10433041666667        5.10765958333333      -1.364201162426702E-002
   2.10433041666667        5.40799250000000      -1.232951594674684E-002
   2.10433041666667        5.70832541666667      -1.129931844533048E-002
   2.10433041666667        6.00865833333333      -1.049240699658726E-002
   2.10433041666667        6.30899125000000      -9.897920829746809E-003
   2.10433041666667        6.60932416666667      -9.545255898011111E-003
   2.10433041666667        6.90965708333333      -9.456608385254493E-003
   2.10433041666667        7.20999000000000      -9.537778711428956E-003
   2.40466333333333       2.000000000000000E-003 -0.122055683997254     
   2.40466333333333       0.302332916666667      -0.120100106678980     
   2.40466333333333       0.602665833333333      -0.115119631081018     
   2.40466333333333       0.902998750000000      -0.108088323295150     
   2.40466333333333        1.20333166666667      -9.926863254547563E-002
   2.40466333333333        1.50366458333333      -8.880011721481433E-002
   2.40466333333333        1.80399750000000      -7.721773458772625E-002
   2.40466333333333        2.10433041666667      -6.547610738523381E-002
   2.40466333333333        2.40466333333333      -5.461487910746652E-002
   2.40466333333333        2.70499625000000      -4.536115554401804E-002
   2.40466333333333        3.00532916666667      -3.792951524556756E-002
   2.40466333333333        3.30566208333333      -3.209786230296870E-002
   2.40466333333333        3.60599500000000      -2.745382744017767E-002
   2.40466333333333        3.90632791666667      -2.363639388190030E-002
   2.40466333333333        4.20666083333333      -2.044610581551124E-002
   2.40466333333333        4.50699375000000      -1.781012481965497E-002
   2.40466333333333        4.80732666666667      -1.568950118325854E-002
   2.40466333333333        5.10765958333333      -1.401710173150675E-002
   2.40466333333333        5.40799250000000      -1.269535073932399E-002
   2.40466333333333        5.70832541666667      -1.163247023318060E-002
   2.40466333333333        6.00865833333333      -1.077489210010863E-002
   2.40466333333333        6.30899125000000      -1.011267496079079E-002
   2.40466333333333        6.60932416666667      -9.668469094414765E-003
   2.40466333333333        6.90965708333333      -9.488716395015249E-003
   2.40466333333333        7.20999000000000      -9.580749873365517E-003
   2.70499625000000       2.000000000000000E-003 -0.138487147088812     
   2.70499625000000       0.302332916666667      -0.135912024854306     
   2.70499625000000       0.602665833333333      -0.129365234033422     
   2.70499625000000       0.902998750000000      -0.119629409409036     
   2.70499625000000        1.20333166666667      -0.108341535985105     
   2.70499625000000        1.50366458333333      -9.615106005842984E-002
   2.70499625000000        1.80399750000000      -8.319700973905877E-002
   2.70499625000000        2.10433041666667      -7.024411370253086E-002
   2.70499625000000        2.40466333333333      -5.829711487768532E-002
   2.70499625000000        2.70499625000000      -4.810530924974218E-002
   2.70499625000000        3.00532916666667      -3.989957426591583E-002
   2.70499625000000        3.30566208333333      -3.345575465869172E-002
   2.70499625000000        3.60599500000000      -2.835463984794548E-002
   2.70499625000000        3.90632791666667      -2.422899137455659E-002
   2.70499625000000        4.20666083333333      -2.086524357217161E-002
   2.70499625000000        4.50699375000000      -1.816198579098997E-002
   2.70499625000000        4.80732666666667      -1.603889080754841E-002
   2.70499625000000        5.10765958333333      -1.438304298349316E-002
   2.70499625000000        5.40799250000000      -1.306023143083712E-002
   2.70499625000000        5.70832541666667      -1.196113467177424E-002
   2.70499625000000        6.00865833333333      -1.103042752862021E-002
   2.70499625000000        6.30899125000000      -1.025648168021763E-002
   2.70499625000000        6.60932416666667      -9.670257593844411E-003
   2.70499625000000        6.90965708333333      -9.411307831753139E-003
   2.70499625000000        7.20999000000000      -9.603453746361370E-003
   3.00532916666667       2.000000000000000E-003 -0.154146415822143     
   3.00532916666667       0.302332916666667      -0.150672524411865     
   3.00532916666667       0.602665833333333      -0.142082488379305     
   3.00532916666667       0.902998750000000      -0.129890412321553     
   3.00532916666667        1.20333166666667      -0.115640823694520     
   3.00532916666667        1.50366458333333      -0.101438128166494     
   3.00532916666667        1.80399750000000      -8.725214098567227E-002
   3.00532916666667        2.10433041666667      -7.338377997368505E-002
   3.00532916666667        2.40466333333333      -6.068644826996689E-002
   3.00532916666667        2.70499625000000      -4.987869716207422E-002
   3.00532916666667        3.00532916666667      -4.118198157669463E-002
   3.00532916666667        3.30566208333333      -3.435732904003321E-002
   3.00532916666667        3.60599500000000      -2.897602306086244E-002
   3.00532916666667        3.90632791666667      -2.466655437504594E-002
   3.00532916666667        4.20666083333333      -2.120261264866442E-002
   3.00532916666667        4.50699375000000      -1.846341212534834E-002
   3.00532916666667        4.80732666666667      -1.634509591474956E-002
   3.00532916666667        5.10765958333333      -1.470484277202352E-002
   3.00532916666667        5.40799250000000      -1.338000928735665E-002
   3.00532916666667        5.70832541666667      -1.224640006384477E-002
   3.00532916666667        6.00865833333333      -1.125263638513351E-002
   3.00532916666667        6.30899125000000      -1.039115792475929E-002
   3.00532916666667        6.60932416666667      -9.691821351985222E-003
   3.00532916666667        6.90965708333333      -9.318962158517734E-003
   3.00532916666667        7.20999000000000      -9.582415771022295E-003
   3.30566208333333       2.000000000000000E-003 -0.166457058157861     
   3.30566208333333       0.302332916666667      -0.163391331038803     
   3.30566208333333       0.602665833333333      -0.152468434855589     
   3.30566208333333       0.902998750000000      -0.137377097143470     
   3.30566208333333        1.20333166666667      -0.120816503121111     
   3.30566208333333        1.50366458333333      -0.104659595802844     
   3.30566208333333        1.80399750000000      -8.953148333931212E-002
   3.30566208333333        2.10433041666667      -7.508089827918650E-002
   3.30566208333333        2.40466333333333      -6.195573670607608E-002
   3.30566208333333        2.70499625000000      -5.081803255442951E-002
   3.30566208333333        3.00532916666667      -4.186698871385907E-002
   3.30566208333333        3.30566208333333      -3.484626813901253E-002
   3.30566208333333        3.60599500000000      -2.932357504569424E-002
   3.30566208333333        3.90632791666667      -2.493035603394258E-002
   3.30566208333333        4.20666083333333      -2.142672045567953E-002
   3.30566208333333        4.50699375000000      -1.867619960708474E-002
   3.30566208333333        4.80732666666667      -1.656406222999803E-002
   3.30566208333333        5.10765958333333      -1.493265545757495E-002
   3.30566208333333        5.40799250000000      -1.360287409723451E-002
   3.30566208333333        5.70832541666667      -1.244338280415266E-002
   3.30566208333333        6.00865833333333      -1.142375927234237E-002
   3.30566208333333        6.30899125000000      -1.053214916423446E-002
   3.30566208333333        6.60932416666667      -9.835322809102865E-003
   3.30566208333333        6.90965708333333      -9.417733914490630E-003
   3.30566208333333        7.20999000000000      -9.451452583882747E-003
   3.60599500000000       2.000000000000000E-003 -0.159908008615879     
   3.60599500000000       0.302332916666667      -0.168753377762417     
   3.60599500000000       0.602665833333333      -0.157279627136567     
   3.60599500000000       0.902998750000000      -0.140515755632066     
   3.60599500000000        1.20333166666667      -0.122875001640514     
   3.60599500000000        1.50366458333333      -0.105828210282113     
   3.60599500000000        1.80399750000000      -9.029887078256196E-002
   3.60599500000000        2.10433041666667      -7.562781383451998E-002
   3.60599500000000        2.40466333333333      -6.235572075805647E-002
   3.60599500000000        2.70499625000000      -5.111324915103190E-002
   3.60599500000000        3.00532916666667      -4.208546634605319E-002
   3.60599500000000        3.30566208333333      -3.500589531789975E-002
   3.60599500000000        3.60599500000000      -2.944141602757104E-002
   3.60599500000000        3.90632791666667      -2.502723220774817E-002
   3.60599500000000        4.20666083333333      -2.151599882634297E-002
   3.60599500000000        4.50699375000000      -1.876422583813566E-002
   3.60599500000000        4.80732666666667      -1.665438343143437E-002
   3.60599500000000        5.10765958333333      -1.502419971612837E-002
   3.60599500000000        5.40799250000000      -1.368840126794121E-002
   3.60599500000000        5.70832541666667      -1.251239697470426E-002
   3.60599500000000        6.00865833333333      -1.147344190563331E-002
   3.60599500000000        6.30899125000000      -1.055508980749379E-002
   3.60599500000000        6.60932416666667      -9.877675404081590E-003
   3.60599500000000        6.90965708333333      -9.512704096911427E-003
   3.60599500000000        7.20999000000000      -8.482462572016649E-003
   3.90632791666667       2.000000000000000E-003 -0.166476901893848     
   3.90632791666667       0.302332916666667      -0.164571215502446     
   3.90632791666667       0.602665833333333      -0.153600522700011     
   3.90632791666667       0.902998750000000      -0.138122221614447     
   3.90632791666667        1.20333166666667      -0.121233626820038     
   3.90632791666667        1.50366458333333      -0.104887062782191     
   3.90632791666667        1.80399750000000      -8.966219073702524E-002
   3.90632791666667        2.10433041666667      -7.515525989007861E-002
   3.90632791666667        2.40466333333333      -6.200053898802257E-002
   3.90632791666667        2.70499625000000      -5.085256823600068E-002
   3.90632791666667        3.00532916666667      -4.190248951445605E-002
   3.90632791666667        3.30566208333333      -3.488627024109155E-002
   3.90632791666667        3.60599500000000      -2.936650120838362E-002
   3.90632791666667        3.90632791666667      -2.497306146009142E-002
   3.90632791666667        4.20666083333333      -2.146722130524213E-002
   3.90632791666667        4.50699375000000      -1.871417835775805E-002
   3.90632791666667        4.80732666666667      -1.659938128073042E-002
   3.90632791666667        5.10765958333333      -1.496314201291044E-002
   3.90632791666667        5.40799250000000      -1.362261204605624E-002
   3.90632791666667        5.70832541666667      -1.244083967096335E-002
   3.90632791666667        6.00865833333333      -1.137421289363491E-002
   3.90632791666667        6.30899125000000      -1.039846287877036E-002
   3.90632791666667        6.60932416666667      -9.596928315800037E-003
   3.90632791666667        6.90965708333333      -9.147746782547910E-003
   3.90632791666667        7.20999000000000      -9.421403274289669E-003
   4.20666083333333       2.000000000000000E-003 -0.154170701870437     
   4.20666083333333       0.302332916666667      -0.151818638245360     
   4.20666083333333       0.602665833333333      -0.143425416618746     
   4.20666083333333       0.902998750000000      -0.130899957780922     
   4.20666083333333        1.20333166666667      -0.116255990007803     
   4.20666083333333        1.50366458333333      -0.101812538916548     
   4.20666083333333        1.80399750000000      -8.748044289334170E-002
   4.20666083333333        2.10433041666667      -7.352149793608766E-002
   4.20666083333333        2.40466333333333      -6.077700731745051E-002
   4.20666083333333        2.70499625000000      -4.995498750348927E-002
   4.20666083333333        3.00532916666667      -4.126300670419768E-002
   4.20666083333333        3.30566208333333      -3.444823328344242E-002
   4.20666083333333        3.60599500000000      -2.907252116960628E-002
   4.20666083333333        3.90632791666667      -2.476145598498606E-002
   4.20666083333333        4.20666083333333      -2.129109999569755E-002
   4.20666083333333        4.50699375000000      -1.854434543299718E-002
   4.20666083333333        4.80732666666667      -1.641848434174158E-002
   4.20666083333333        5.10765958333333      -1.476788785458648E-002
   4.20666083333333        5.40799250000000      -1.342417605673489E-002
   4.20666083333333        5.70832541666667      -1.225563651051707E-002
   4.20666083333333        6.00865833333333      -1.119826023543751E-002
   4.20666083333333        6.30899125000000      -1.022789335292985E-002
   4.20666083333333        6.60932416666667      -9.419591413239080E-003
   4.20666083333333        6.90965708333333      -9.048875815443436E-003
   4.20666083333333        7.20999000000000      -9.531646074556924E-003
   4.50699375000000       2.000000000000000E-003 -0.138506772944333     
   4.50699375000000       0.302332916666667      -0.136675196900811     
   4.50699375000000       0.602665833333333      -0.130385307622116     
   4.50699375000000       0.902998750000000      -0.120489325901784     
   4.50699375000000        1.20333166666667      -0.108956601232079     
   4.50699375000000        1.50366458333333      -9.657292489545756E-002
   4.50699375000000        1.80399750000000      -8.347475910060839E-002
   4.50699375000000        2.10433041666667      -7.042672628016940E-002
   4.50699375000000        2.40466333333333      -5.843263608011210E-002
   4.50699375000000        2.70499625000000      -4.823253871031823E-002
   4.50699375000000        3.00532916666667      -4.004057509902757E-002
   4.50699375000000        3.30566208333333      -3.361468418582669E-002
   4.50699375000000        3.60599500000000      -2.852291869806685E-002
   4.50699375000000        3.90632791666667      -2.439380100927260E-002
   4.50699375000000        4.20666083333333      -2.101716896288768E-002
   4.50699375000000        4.50699375000000      -1.829766854014863E-002
   4.50699375000000        4.80732666666667      -1.615836529669314E-002
   4.50699375000000        5.10765958333333      -1.448479259697916E-002
   4.50699375000000        5.40799250000000      -1.313738523751101E-002
   4.50699375000000        5.70832541666667      -1.200047670988661E-002
   4.50699375000000        6.00865833333333      -1.101290411254260E-002
   4.50699375000000        6.30899125000000      -1.015813249270114E-002
   4.50699375000000        6.60932416666667      -9.495519888398861E-003
   4.50699375000000        6.90965708333333      -9.248756757750012E-003
   4.50699375000000        7.20999000000000      -9.576690836567436E-003
   4.80732666666667       2.000000000000000E-003 -0.122071537771131     
   4.80732666666667       0.302332916666667      -0.120538909174522     
   4.80732666666667       0.602665833333333      -0.115755945672231     
   4.80732666666667       0.902998750000000      -0.108716157363963     
   4.80732666666667        1.20333166666667      -9.979228320437690E-002
   4.80732666666667        1.50366458333333      -8.919569532448576E-002
   4.80732666666667        1.80399750000000      -7.749974003800765E-002
   4.80732666666667        2.10433041666667      -6.568135276909348E-002
   4.80732666666667        2.40466333333333      -5.478862198867177E-002
   4.80732666666667        2.70499625000000      -4.554249017217415E-002
   4.80732666666667        3.00532916666667      -3.814048993466922E-002
   4.80732666666667        3.30566208333333      -3.234029171715934E-002
   4.80732666666667        3.60599500000000      -2.771379579221353E-002
   4.80732666666667        3.90632791666667      -2.389364289627549E-002
   4.80732666666667        4.20666083333333      -2.068385192294233E-002
   4.80732666666667        4.50699375000000      -1.802005093843049E-002
   4.80732666666667        4.80732666666667      -1.587035436196669E-002
   4.80732666666667        5.10765958333333      -1.416953316903139E-002
   4.80732666666667        5.40799250000000      -1.281720873899321E-002
   4.80732666666667        5.70832541666667      -1.171734485210553E-002
   4.80732666666667        6.00865833333333      -1.081451747658369E-002
   4.80732666666667        6.30899125000000      -1.010284637436262E-002
   4.80732666666667        6.60932416666667      -9.620232372539629E-003
   4.80732666666667        6.90965708333333      -9.443407255696168E-003
   4.80732666666667        7.20999000000000      -9.599476093250998E-003
   5.10765958333333       2.000000000000000E-003 -0.105722862334734     
   5.10765958333333       0.302332916666667      -0.104790960369040     
   5.10765958333333       0.602665833333333      -0.101807288430037     
   5.10765958333333       0.902998750000000      -9.653780251337477E-002
   5.10765958333333        1.20333166666667      -8.918692315598660E-002
   5.10765958333333        1.50366458333333      -8.005471496153442E-002
   5.10765958333333        1.80399750000000      -6.981501241356391E-002
   5.10765958333333        2.10433041666667      -5.944675933114713E-002
   5.10765958333333        2.40466333333333      -4.993286776193356E-002
   5.10765958333333        2.70499625000000      -4.192565910333879E-002
   5.10765958333333        3.00532916666667      -3.558294511840622E-002
   5.10765958333333        3.30566208333333      -3.064448139595301E-002
   5.10765958333333        3.60599500000000      -2.666925315938799E-002
   5.10765958333333        3.90632791666667      -2.328372680648130E-002
   5.10765958333333        4.20666083333333      -2.030911277027266E-002
   5.10765958333333        4.50699375000000      -1.772989020762879E-002
   5.10765958333333        4.80732666666667      -1.558149058740297E-002
   5.10765958333333        5.10765958333333      -1.386140716654053E-002
   5.10765958333333        5.40799250000000      -1.250934644158179E-002
   5.10765958333333        5.70832541666667      -1.144126703387100E-002
   5.10765958333333        6.00865833333333      -1.059681822431970E-002
   5.10765958333333        6.30899125000000      -9.967819808776538E-003
   5.10765958333333        6.60932416666667      -9.591334411710912E-003
   5.10765958333333        6.90965708333333      -9.499489110479084E-003
   5.10765958333333        7.20999000000000      -9.600422591164668E-003
   5.40799250000000       2.000000000000000E-003 -9.039840548569326E-002
   5.40799250000000       0.302332916666667      -8.992715800346524E-002
   5.40799250000000       0.602665833333333      -8.801938753361729E-002
   5.40799250000000       0.902998750000000      -8.412808595324124E-002
   5.40799250000000        1.20333166666667      -7.796597038567472E-002
   5.40799250000000        1.50366458333333      -6.998568865979890E-002
   5.40799250000000        1.80399750000000      -6.113010203023763E-002
   5.40799250000000        2.10433041666667      -5.227405841181568E-002
   5.40799250000000        2.40466333333333      -4.425781787206300E-002
   5.40799250000000        2.70499625000000      -3.763810095816914E-002
   5.40799250000000        3.00532916666667      -3.252653247962287E-002
   5.40799250000000        3.30566208333333      -2.862882461105798E-002
   5.40799250000000        3.60599500000000      -2.545307794028544E-002
   5.40799250000000        3.90632791666667      -2.258708656279590E-002
   5.40799250000000        4.20666083333333      -1.987781101900003E-002
   5.40799250000000        4.50699375000000      -1.739518542103201E-002
   5.40799250000000        4.80732666666667      -1.526797245403462E-002
   5.40799250000000        5.10765958333333      -1.355760328077441E-002
   5.40799250000000        5.40799250000000      -1.222825857634625E-002
   5.40799250000000        5.70832541666667      -1.118570619710319E-002
   5.40799250000000        6.00865833333333      -1.035246940894271E-002
   5.40799250000000        6.30899125000000      -9.771712082957854E-003
   5.40799250000000        6.60932416666667      -9.519795907875168E-003
   5.40799250000000        6.90965708333333      -9.575388414551430E-003
   5.40799250000000        7.20999000000000      -9.762785113461302E-003
   5.70832541666667       2.000000000000000E-003 -7.567457964038719E-002
   5.70832541666667       0.302332916666667      -7.557696499566940E-002
   5.70832541666667       0.602665833333333      -7.464338650142173E-002
   5.70832541666667       0.902998750000000      -7.187837873293977E-002
   5.70832541666667        1.20333166666667      -6.684770145382925E-002
   5.70832541666667        1.50366458333333      -5.997628397523459E-002
   5.70832541666667        1.80399750000000      -5.234681751601173E-002
   5.70832541666667        2.10433041666667      -4.490937103529691E-002
   5.70832541666667        2.40466333333333      -3.832024322824740E-002
   5.70832541666667        2.70499625000000      -3.305133484787986E-002
   5.70832541666667        3.00532916666667      -2.920939637556205E-002
   5.70832541666667        3.30566208333333      -2.647616493262002E-002
   5.70832541666667        3.60599500000000      -2.421794937060887E-002
   5.70832541666667        3.90632791666667      -2.187524161704743E-002
   5.70832541666667        4.20666083333333      -1.935595741296966E-002
   5.70832541666667        4.50699375000000      -1.692497020900120E-002
   5.70832541666667        4.80732666666667      -1.484202347911268E-002
   5.70832541666667        5.10765958333333      -1.320222162212943E-002
   5.70832541666667        5.40799250000000      -1.194942602225237E-002
   5.70832541666667        5.70832541666667      -1.095110842206543E-002
   5.70832541666667        6.00865833333333      -1.015895205389053E-002
   5.70832541666667        6.30899125000000      -9.642701089099205E-003
   5.70832541666667        6.60932416666667      -9.558728090660416E-003
   5.70832541666667        6.90965708333333      -9.906660847839855E-003
   5.70832541666667        7.20999000000000      -1.031611060311908E-002
   6.00865833333333       2.000000000000000E-003 -6.273708075781162E-002
   6.00865833333333       0.302332916666667      -6.301829277680863E-002
   6.00865833333333       0.602665833333333      -6.290390911386703E-002
   6.00865833333333       0.902998750000000      -6.094139008983433E-002
   6.00865833333333        1.20333166666667      -5.673547500068192E-002
   6.00865833333333        1.50366458333333      -5.080349859015417E-002
   6.00865833333333        1.80399750000000      -4.419421310204372E-002
   6.00865833333333        2.10433041666667      -3.800745533559009E-002
   6.00865833333333        2.40466333333333      -3.261718674049463E-002
   6.00865833333333        2.70499625000000      -2.845145220997418E-002
   6.00865833333333        3.00532916666667      -2.577356835542489E-002
   6.00865833333333        3.30566208333333      -2.441624168414367E-002
   6.00865833333333        3.60599500000000      -2.333739161216033E-002
   6.00865833333333        3.90632791666667      -2.138658555475448E-002
   6.00865833333333        4.20666083333333      -1.869019538764049E-002
   6.00865833333333        4.50699375000000      -1.614184794680887E-002
   6.00865833333333        4.80732666666667      -1.414892042128879E-002
   6.00865833333333        5.10765958333333      -1.270084443001854E-002
   6.00865833333333        5.40799250000000      -1.163915474277128E-002
   6.00865833333333        5.70832541666667      -1.081462598836638E-002
   6.00865833333333        6.00865833333333      -1.012148027941762E-002
   6.00865833333333        6.30899125000000      -9.659487736855116E-003
   6.00865833333333        6.60932416666667      -9.791360829694859E-003
   6.00865833333333        6.90965708333333      -1.068066114882791E-002
   6.00865833333333        7.20999000000000      -1.152920793509636E-002
   6.30899125000000       2.000000000000000E-003 -5.421361256345204E-002
   6.30899125000000       0.302332916666667      -5.459363602333581E-002
   6.30899125000000       0.602665833333333      -5.425401566371684E-002
   6.30899125000000       0.902998750000000      -5.206208364640645E-002
   6.30899125000000        1.20333166666667      -4.816534325268837E-002
   6.30899125000000        1.50366458333333      -4.296421077078003E-002
   6.30899125000000        1.80399750000000      -3.722762614778724E-002
   6.30899125000000        2.10433041666667      -3.197350220420495E-002
   6.30899125000000        2.40466333333333      -2.743735595736201E-002
   6.30899125000000        2.70499625000000      -2.379125011457339E-002
   6.30899125000000        3.00532916666667      -2.205564471464664E-002
   6.30899125000000        3.30566208333333      -2.247039161425287E-002
   6.30899125000000        3.60599500000000      -2.282716356665495E-002
   6.30899125000000        3.90632791666667      -2.090263844822593E-002
   6.30899125000000        4.20666083333333      -1.748196863173130E-002
   6.30899125000000        4.50699375000000      -1.464261209197732E-002
   6.30899125000000        4.80732666666667      -1.296672277704735E-002
   6.30899125000000        5.10765958333333      -1.196264964146809E-002
   6.30899125000000        5.40799250000000      -1.132713966882304E-002
   6.30899125000000        5.70832541666667      -1.086710776572665E-002
   6.30899125000000        6.00865833333333      -1.038928875930995E-002
   6.30899125000000        6.30899125000000      -9.961002861503093E-003
   6.30899125000000        6.60932416666667      -1.020919839912004E-002
   6.30899125000000        6.90965708333333      -1.194952832684936E-002
   6.30899125000000        7.20999000000000      -1.363743304672035E-002
   6.60932416666667       2.000000000000000E-003 -5.195809711895728E-002
   6.60932416666667       0.302332916666667      -5.175846290856224E-002
   6.60932416666667       0.602665833333333      -4.853499376089740E-002
   6.60932416666667       0.902998750000000      -4.474024387224608E-002
   6.60932416666667        1.20333166666667      -4.097100619219346E-002
   6.60932416666667        1.50366458333333      -3.654216082280274E-002
   6.60932416666667        1.80399750000000      -3.167770175604379E-002
   6.60932416666667        2.10433041666667      -2.706761312502945E-002
   6.60932416666667        2.40466333333333      -2.296465907157686E-002
   6.60932416666667        2.70499625000000      -1.924919870709620E-002
   6.60932416666667        3.00532916666667      -1.813800056829911E-002
   6.60932416666667        3.30566208333333      -2.006103603124077E-002
   6.60932416666667        3.60599500000000      -2.199523884763854E-002
   6.60932416666667        3.90632791666667      -1.923871781882234E-002
   6.60932416666667        4.20666083333333      -1.446604489742426E-002
   6.60932416666667        4.50699375000000      -1.172152121065411E-002
   6.60932416666667        4.80732666666667      -1.108036588975518E-002
   6.60932416666667        5.10765958333333      -1.097800344516047E-002
   6.60932416666667        5.40799250000000      -1.105097982326029E-002
   6.60932416666667        5.70832541666667      -1.118027648984625E-002
   6.60932416666667        6.00865833333333      -1.116495058006217E-002
   6.60932416666667        6.30899125000000      -1.087789018031494E-002
   6.60932416666667        6.60932416666667      -1.081214511895512E-002
   6.60932416666667        6.90965708333333      -1.300353040613872E-002
   6.60932416666667        7.20999000000000      -1.613070335011198E-002
   6.90965708333333       2.000000000000000E-003 -4.779005655746341E-002
   6.90965708333333       0.302332916666667      -4.768154058242140E-002
   6.90965708333333       0.602665833333333      -4.076784130444193E-002
   6.90965708333333       0.902998750000000      -3.731708418594444E-002
   6.90965708333333        1.20333166666667      -3.482824789966031E-002
   6.90965708333333        1.50366458333333      -3.151510202912169E-002
   6.90965708333333        1.80399750000000      -2.758386745078505E-002
   6.90965708333333        2.10433041666667      -2.365144519632335E-002
   6.90965708333333        2.40466333333333      -1.970569372890654E-002
   6.90965708333333        2.70499625000000      -1.611794371771583E-002
   6.90965708333333        3.00532916666667      -1.460182136689387E-002
   6.90965708333333        3.30566208333333      -1.637893599349853E-002
   6.90965708333333        3.60599500000000      -1.961888061058543E-002
   6.90965708333333        3.90632791666667      -1.485867733185513E-002
   6.90965708333333        4.20666083333333      -9.077597731073684E-003
   6.90965708333333        4.50699375000000      -7.651934327685036E-003
   6.90965708333333        4.80732666666667      -8.695272227674139E-003
   6.90965708333333        5.10765958333333      -9.944079413906850E-003
   6.90965708333333        5.40799250000000      -1.083183258023294E-002
   6.90965708333333        5.70832541666667      -1.165784153773575E-002
   6.90965708333333        6.00865833333333      -1.235511995344642E-002
   6.90965708333333        6.30899125000000      -1.269152438447765E-002
   6.90965708333333        6.60932416666667      -1.242908123455988E-002
   6.90965708333333        6.90965708333333      -1.249043695789429E-002
   6.90965708333333        7.20999000000000      -1.559226929636844E-002
   7.20999000000000       2.000000000000000E-003 -4.022576150519542E-002
   7.20999000000000       0.302332916666667      -3.483071435122376E-002
   7.20999000000000       0.602665833333333      -3.058014401163224E-002
   7.20999000000000       0.902998750000000      -3.100813673405360E-002
   7.20999000000000        1.20333166666667      -3.030607717136216E-002
   7.20999000000000        1.50366458333333      -2.800793003173610E-002
   7.20999000000000        1.80399750000000      -2.493247697382470E-002
   7.20999000000000        2.10433041666667      -2.173458275899905E-002
   7.20999000000000        2.40466333333333      -1.849978963186889E-002
   7.20999000000000        2.70499625000000      -1.575022412570816E-002
   7.20999000000000        3.00532916666667      -1.442377906474643E-002
   7.20999000000000        3.30566208333333      -1.500873955296437E-002
   7.20999000000000        3.60599500000000      -1.726028639514402E-002
   7.20999000000000        3.90632791666667      -9.500335494523480E-003
   7.20999000000000        4.20666083333333      -4.280835680877212E-003
   7.20999000000000        4.50699375000000      -4.609849343539760E-003
   7.20999000000000        4.80732666666667      -7.009856945742565E-003
   7.20999000000000        5.10765958333333      -9.210852929038730E-003
   7.20999000000000        5.40799250000000      -1.066501082073560E-002
   7.20999000000000        5.70832541666667      -1.195841286945276E-002
   7.20999000000000        6.00865833333333      -1.313765420257880E-002
   7.20999000000000        6.30899125000000      -1.401711645697581E-002
   7.20999000000000        6.60932416666667      -1.431619356808126E-002
   7.20999000000000        6.90965708333333      -1.407527166869359E-002
   7.20999000000000        7.20999000000000      -1.246910867948909E-002
