  2.000000000000000E-003  2.000000000000000E-003  -2.07769605628621     
  2.000000000000000E-003  0.302332916666667       -2.06670716085417     
  2.000000000000000E-003  0.602665833333333       -1.73613832274244     
  2.000000000000000E-003  0.902998750000000       -1.31991504066321     
  2.000000000000000E-003   1.20333166666667      -0.984723077404266     
  2.000000000000000E-003   1.50366458333333      -0.738975518464303     
  2.000000000000000E-003   1.80399750000000      -0.560593877158272     
  2.000000000000000E-003   2.10433041666667      -0.429908756276790     
  2.000000000000000E-003   2.40466333333333      -0.330539546107703     
  2.000000000000000E-003   2.70499625000000      -0.256033971790866     
  2.000000000000000E-003   3.00532916666667      -0.208568705540863     
  2.000000000000000E-003   3.30566208333333      -0.193217999745133     
  2.000000000000000E-003   3.60599500000000      -0.197757837511755     
  2.000000000000000E-003   3.90632791666667      -0.151209308707676     
  2.000000000000000E-003   4.20666083333333      -0.118770384426995     
  2.000000000000000E-003   4.50699375000000      -0.102127614963718     
  2.000000000000000E-003   4.80732666666667      -9.408460783021411E-002
  2.000000000000000E-003   5.10765958333333      -8.863532256332037E-002
  2.000000000000000E-003   5.40799250000000      -8.385701925432291E-002
  2.000000000000000E-003   5.70832541666667      -8.105106336129193E-002
  2.000000000000000E-003   6.00865833333333      -7.908549307026980E-002
  2.000000000000000E-003   6.30899125000000      -7.565976337898010E-002
  2.000000000000000E-003   6.60932416666667      -6.904274963586700E-002
  2.000000000000000E-003   6.90965708333333      -6.382322782297722E-002
  2.000000000000000E-003   7.20999000000000      -6.265446929236833E-002
  0.302332916666667       2.000000000000000E-003  -2.06685602430374     
  0.302332916666667       0.302332916666667       -1.85942026220535     
  0.302332916666667       0.602665833333333       -1.56177375610902     
  0.302332916666667       0.902998750000000       -1.22809701916032     
  0.302332916666667        1.20333166666667      -0.938064375750188     
  0.302332916666667        1.50366458333333      -0.714345561011309     
  0.302332916666667        1.80399750000000      -0.547594684581001     
  0.302332916666667        2.10433041666667      -0.423918076063467     
  0.302332916666667        2.40466333333333      -0.330250235388126     
  0.302332916666667        2.70499625000000      -0.260335196740243     
  0.302332916666667        3.00532916666667      -0.217993209217569     
  0.302332916666667        3.30566208333333      -0.205143306233467     
  0.302332916666667        3.60599500000000      -0.200201796049675     
  0.302332916666667        3.90632791666667      -0.162856073937239     
  0.302332916666667        4.20666083333333      -0.127068284912048     
  0.302332916666667        4.50699375000000      -0.106799665155444     
  0.302332916666667        4.80732666666667      -9.682053183899318E-002
  0.302332916666667        5.10765958333333      -9.003587820721592E-002
  0.302332916666667        5.40799250000000      -8.465786481591006E-002
  0.302332916666667        5.70832541666667      -8.154462346454779E-002
  0.302332916666667        6.00865833333333      -7.928235707019556E-002
  0.302332916666667        6.30899125000000      -7.568097898041763E-002
  0.302332916666667        6.60932416666667      -6.906916043478502E-002
  0.302332916666667        6.90965708333333      -6.295908608530966E-002
  0.302332916666667        7.20999000000000      -6.333291623877489E-002
  0.602665833333333       2.000000000000000E-003  -1.73639519607825     
  0.602665833333333       0.302332916666667       -1.56195115060570     
  0.602665833333333       0.602665833333333       -1.29076342588072     
  0.602665833333333       0.902998750000000       -1.04598135002092     
  0.602665833333333        1.20333166666667      -0.830467964807969     
  0.602665833333333        1.50366458333333      -0.652845732235393     
  0.602665833333333        1.80399750000000      -0.513271946202796     
  0.602665833333333        2.10433041666667      -0.406750566714544     
  0.602665833333333        2.40466333333333      -0.326593739854824     
  0.602665833333333        2.70499625000000      -0.266773606025103     
  0.602665833333333        3.00532916666667      -0.231404785911018     
  0.602665833333333        3.30566208333333      -0.216752867010140     
  0.602665833333333        3.60599500000000      -0.203702087781101     
  0.602665833333333        3.90632791666667      -0.173558105392936     
  0.602665833333333        4.20666083333333      -0.139660351326223     
  0.602665833333333        4.50699375000000      -0.116038746271532     
  0.602665833333333        4.80732666666667      -0.102731055228181     
  0.602665833333333        5.10765958333333      -9.326463824371707E-002
  0.602665833333333        5.40799250000000      -8.682250780730182E-002
  0.602665833333333        5.70832541666667      -8.292503420018282E-002
  0.602665833333333        6.00865833333333      -8.001338613663725E-002
  0.602665833333333        6.30899125000000      -7.632979123806863E-002
  0.602665833333333        6.60932416666667      -7.100096719797520E-002
  0.602665833333333        6.90965708333333      -6.618988259816307E-002
  0.602665833333333        7.20999000000000      -6.399465642231238E-002
  0.902998750000000       2.000000000000000E-003  -1.32021716651736     
  0.902998750000000       0.302332916666667       -1.22836035392778     
  0.902998750000000       0.602665833333333       -1.04612243433886     
  0.902998750000000       0.902998750000000      -0.867316528290661     
  0.902998750000000        1.20333166666667      -0.710234162815178     
  0.902998750000000        1.50366458333333      -0.576810595034717     
  0.902998750000000        1.80399750000000      -0.467606273265605     
  0.902998750000000        2.10433041666667      -0.381610281536445     
  0.902998750000000        2.40466333333333      -0.315726925824919     
  0.902998750000000        2.70499625000000      -0.266909813883077     
  0.902998750000000        3.00532916666667      -0.234986928512261     
  0.902998750000000        3.30566208333333      -0.215999429930905     
  0.902998750000000        3.60599500000000      -0.198079912907060     
  0.902998750000000        3.90632791666667      -0.172820575914260     
  0.902998750000000        4.20666083333333      -0.144997414681870     
  0.902998750000000        4.50699375000000      -0.122812480726787     
  0.902998750000000        4.80732666666667      -0.107629556904520     
  0.902998750000000        5.10765958333333      -9.697395732466703E-002
  0.902998750000000        5.40799250000000      -8.965530037886224E-002
  0.902998750000000        5.70832541666667      -8.497863996353094E-002
  0.902998750000000        6.00865833333333      -8.138788851413621E-002
  0.902998750000000        6.30899125000000      -7.764344143688318E-002
  0.902998750000000        6.60932416666667      -7.339686488778220E-002
  0.902998750000000        6.90965708333333      -6.946481616020279E-002
  0.902998750000000        7.20999000000000      -6.621653791429899E-002
   1.20333166666667       2.000000000000000E-003 -0.985096422296936     
   1.20333166666667       0.302332916666667      -0.938414079611100     
   1.20333166666667       0.602665833333333      -0.830728456997253     
   1.20333166666667       0.902998750000000      -0.710369248907378     
   1.20333166666667        1.20333166666667      -0.598810053230319     
   1.20333166666667        1.50366458333333      -0.501323306597214     
   1.20333166666667        1.80399750000000      -0.419037208137193     
   1.20333166666667        2.10433041666667      -0.351863187266400     
   1.20333166666667        2.40466333333333      -0.298788066068066     
   1.20333166666667        2.70499625000000      -0.258575474679994     
   1.20333166666667        3.00532916666667      -0.229442103346721     
   1.20333166666667        3.30566208333333      -0.208019009035206     
   1.20333166666667        3.60599500000000      -0.188396828463722     
   1.20333166666667        3.90632791666667      -0.166595952708506     
   1.20333166666667        4.20666083333333      -0.144302230327489     
   1.20333166666667        4.50699375000000      -0.125160395465194     
   1.20333166666667        4.80732666666667      -0.110495212920867     
   1.20333166666667        5.10765958333333      -9.993646134254386E-002
   1.20333166666667        5.40799250000000      -9.249214478298823E-002
   1.20333166666667        5.70832541666667      -8.725898508673122E-002
   1.20333166666667        6.00865833333333      -8.305843710086905E-002
   1.20333166666667        6.30899125000000      -7.902010228516020E-002
   1.20333166666667        6.60932416666667      -7.493945926548466E-002
   1.20333166666667        6.90965708333333      -7.105994010651247E-002
   1.20333166666667        7.20999000000000      -6.737204071633561E-002
   1.50366458333333       2.000000000000000E-003 -0.739431237490773     
   1.50366458333333       0.302332916666667      -0.714784800564140     
   1.50366458333333       0.602665833333333      -0.653212257411512     
   1.50366458333333       0.902998750000000      -0.577065144341582     
   1.50366458333333        1.20333166666667      -0.501448642230658     
   1.50366458333333        1.50366458333333      -0.432527256188088     
   1.50366458333333        1.80399750000000      -0.372074045859744     
   1.50366458333333        2.10433041666667      -0.320725199848527     
   1.50366458333333        2.40466333333333      -0.278714251284004     
   1.50366458333333        2.70499625000000      -0.245447871764890     
   1.50366458333333        3.00532916666667      -0.219410106962178     
   1.50366458333333        3.30566208333333      -0.198158176117416     
   1.50366458333333        3.60599500000000      -0.178858431969510     
   1.50366458333333        3.90632791666667      -0.159793914541315     
   1.50366458333333        4.20666083333333      -0.141354714298885     
   1.50366458333333        4.50699375000000      -0.125020622851383     
   1.50366458333333        4.80732666666667      -0.111848866065082     
   1.50366458333333        5.10765958333333      -0.101952306663260     
   1.50366458333333        5.40799250000000      -9.470901854302743E-002
   1.50366458333333        5.70832541666667      -8.921528989261146E-002
   1.50366458333333        6.00865833333333      -8.452059415216724E-002
   1.50366458333333        6.30899125000000      -8.002613279236244E-002
   1.50366458333333        6.60932416666667      -7.561611789801556E-002
   1.50366458333333        6.90965708333333      -7.140263031750919E-002
   1.50366458333333        7.20999000000000      -6.736748816449278E-002
   1.80399750000000       2.000000000000000E-003 -0.561111731521586     
   1.80399750000000       0.302332916666667      -0.548103140836884     
   1.80399750000000       0.602665833333333      -0.513716934657736     
   1.80399750000000       0.902998750000000      -0.467949663070568     
   1.80399750000000        1.20333166666667      -0.419259256382301     
   1.80399750000000        1.50366458333333      -0.372176366951883     
   1.80399750000000        1.80399750000000      -0.328798235627132     
   1.80399750000000        2.10433041666667      -0.290480585877671     
   1.80399750000000        2.40466333333333      -0.257801391005201     
   1.80399750000000        2.70499625000000      -0.230573579693107     
   1.80399750000000        3.00532916666667      -0.207901374770965     
   1.80399750000000        3.30566208333333      -0.188381113306531     
   1.80399750000000        3.60599500000000      -0.170579425651918     
   1.80399750000000        3.90632791666667      -0.153690689469143     
   1.80399750000000        4.20666083333333      -0.137860497557117     
   1.80399750000000        4.50699375000000      -0.123821282342162     
   1.80399750000000        4.80732666666667      -0.112207903078433     
   1.80399750000000        5.10765958333333      -0.103116205896953     
   1.80399750000000        5.40799250000000      -9.608668863517146E-002
   1.80399750000000        5.70832541666667      -9.038975720139118E-002
   1.80399750000000        6.00865833333333      -8.534507947142286E-002
   1.80399750000000        6.30899125000000      -8.042143532474397E-002
   1.80399750000000        6.60932416666667      -7.557229045779823E-002
   1.80399750000000        6.90965708333333      -7.095334747655326E-002
   1.80399750000000        7.20999000000000      -6.662057279968797E-002
   2.10433041666667       2.000000000000000E-003 -0.430454501069092     
   2.10433041666667       0.302332916666667      -0.424458395255721     
   2.10433041666667       0.602665833333333      -0.407231643243567     
   2.10433041666667       0.902998750000000      -0.381994984644327     
   2.10433041666667        1.20333166666667      -0.352142382242269     
   2.10433041666667        1.50366458333333      -0.320901597255372     
   2.10433041666667        1.80399750000000      -0.290562295558303     
   2.10433041666667        2.10433041666667      -0.262502193453214     
   2.10433041666667        2.40466333333333      -0.237384584585776     
   2.10433041666667        2.70499625000000      -0.215309039945005     
   2.10433041666667        3.00532916666667      -0.195923647173981     
   2.10433041666667        3.30566208333333      -0.178589857816410     
   2.10433041666667        3.60599500000000      -0.162661845476968     
   2.10433041666667        3.90632791666667      -0.147801548708660     
   2.10433041666667        4.20666083333333      -0.134119483902569     
   2.10433041666667        4.50699375000000      -0.122010144500339     
   2.10433041666667        4.80732666666667      -0.111804113973847     
   2.10433041666667        5.10765958333333      -0.103493207289096     
   2.10433041666667        5.40799250000000      -9.669331399733121E-002
   2.10433041666667        5.70832541666667      -9.082990208419116E-002
   2.10433041666667        6.00865833333333      -8.539414856487371E-002
   2.10433041666667        6.30899125000000      -8.010379676478693E-002
   2.10433041666667        6.60932416666667      -7.491738845684474E-002
   2.10433041666667        6.90965708333333      -6.997387872367225E-002
   2.10433041666667        7.20999000000000      -6.546629384371989E-002
   2.40466333333333       2.000000000000000E-003 -0.331100657043839     
   2.40466333333333       0.302332916666667      -0.330809973762472     
   2.40466333333333       0.602665833333333      -0.327080451332780     
   2.40466333333333       0.902998750000000      -0.316122134891849     
   2.40466333333333        1.20333166666667      -0.299094269211578     
   2.40466333333333        1.50366458333333      -0.278934998863108     
   2.40466333333333        1.80399750000000      -0.257940259866137     
   2.40466333333333        2.10433041666667      -0.237448316162238     
   2.40466333333333        2.40466333333333      -0.218137870262475     
   2.40466333333333        2.70499625000000      -0.200287311632512     
   2.40466333333333        3.00532916666667      -0.183909476676895     
   2.40466333333333        3.30566208333333      -0.168846225341872     
   2.40466333333333        3.60599500000000      -0.154897618215523     
   2.40466333333333        3.90632791666667      -0.141973683804094     
   2.40466333333333        4.20666083333333      -0.130171286207544     
   2.40466333333333        4.50699375000000      -0.119699711994780     
   2.40466333333333        4.80732666666667      -0.110699105107343     
   2.40466333333333        5.10765958333333      -0.103084872547655     
   2.40466333333333        5.40799250000000      -9.653010808313744E-002
   2.40466333333333        5.70832541666667      -9.059581071879895E-002
   2.40466333333333        6.00865833333333      -8.491348852281659E-002
   2.40466333333333        6.30899125000000      -7.930101307218355E-002
   2.40466333333333        6.60932416666667      -7.377659020017667E-002
   2.40466333333333        6.90965708333333      -6.855443062652661E-002
   2.40466333333333        7.20999000000000      -6.401564745411539E-002
   2.70499625000000       2.000000000000000E-003 -0.256591559015995     
   2.70499625000000       0.302332916666667      -0.260901621568402     
   2.70499625000000       0.602665833333333      -0.267254600782516     
   2.70499625000000       0.902998750000000      -0.267286540415915     
   2.70499625000000        1.20333166666667      -0.258873440222552     
   2.70499625000000        1.50366458333333      -0.245681079561017     
   2.70499625000000        1.80399750000000      -0.230743097105961     
   2.70499625000000        2.10433041666667      -0.215415761264729     
   2.70499625000000        2.40466333333333      -0.200336180624691     
   2.70499625000000        2.70499625000000      -0.185847003329913     
   2.70499625000000        3.00532916666667      -0.172137949235242     
   2.70499625000000        3.30566208333333      -0.159284554847837     
   2.70499625000000        3.60599500000000      -0.147293657154712     
   2.70499625000000        3.90632791666667      -0.136179066076717     
   2.70499625000000        4.20666083333333      -0.126015564473442     
   2.70499625000000        4.50699375000000      -0.116910050012508     
   2.70499625000000        4.80732666666667      -0.108904154366393     
   2.70499625000000        5.10765958333333      -0.101886759287848     
   2.70499625000000        5.40799250000000      -9.559152620881850E-002
   2.70499625000000        5.70832541666667      -8.969156493158566E-002
   2.70499625000000        6.00865833333333      -8.392137265433076E-002
   2.70499625000000        6.30899125000000      -7.812470684308254E-002
   2.70499625000000        6.60932416666667      -7.226600376072134E-002
   2.70499625000000        6.90965708333333      -6.680444732548660E-002
   2.70499625000000        7.20999000000000      -6.247146869193370E-002
   3.00532916666667       2.000000000000000E-003 -0.209064395230222     
   3.00532916666667       0.302332916666667      -0.218489154147272     
   3.00532916666667       0.602665833333333      -0.231789994967927     
   3.00532916666667       0.902998750000000      -0.235287721178875     
   3.00532916666667        1.20333166666667      -0.229696146531633     
   3.00532916666667        1.50366458333333      -0.219628837512107     
   3.00532916666667        1.80399750000000      -0.208079018456428     
   3.00532916666667        2.10433041666667      -0.196054349199000     
   3.00532916666667        2.40466333333333      -0.183991984290814     
   3.00532916666667        2.70499625000000      -0.172175776580662     
   3.00532916666667        3.00532916666667      -0.160814967018366     
   3.00532916666667        3.30566208333333      -0.150035894106021     
   3.00532916666667        3.60599500000000      -0.139890478733465     
   3.00532916666667        3.90632791666667      -0.130406728396878     
   3.00532916666667        4.20666083333333      -0.121636581908640     
   3.00532916666667        4.50699375000000      -0.113643850722756     
   3.00532916666667        4.80732666666667      -0.106440791420714     
   3.00532916666667        5.10765958333333      -9.993130117304153E-002
   3.00532916666667        5.40799250000000      -9.391464706998852E-002
   3.00532916666667        5.70832541666667      -8.815825395239785E-002
   3.00532916666667        6.00865833333333      -8.247890652970760E-002
   3.00532916666667        6.30899125000000      -7.670364405109535E-002
   3.00532916666667        6.60932416666667      -7.080645693476185E-002
   3.00532916666667        6.90965708333333      -6.538286556797999E-002
   3.00532916666667        7.20999000000000      -6.153916283174543E-002
   3.30566208333333       2.000000000000000E-003 -0.193593186161055     
   3.30566208333333       0.302332916666667      -0.205467777726435     
   3.30566208333333       0.602665833333333      -0.216961869484710     
   3.30566208333333       0.902998750000000      -0.216181984028144     
   3.30566208333333        1.20333166666667      -0.208211138375601     
   3.30566208333333        1.50366458333333      -0.198350837880989     
   3.30566208333333        1.80399750000000      -0.188554586221686     
   3.30566208333333        2.10433041666667      -0.178731509428658     
   3.30566208333333        2.40466333333333      -0.168949833735300     
   3.30566208333333        2.70499625000000      -0.159349374884167     
   3.30566208333333        3.00532916666667      -0.150065319125762     
   3.30566208333333        3.30566208333333      -0.141174293493004     
   3.30566208333333        3.60599500000000      -0.132691940617285     
   3.30566208333333        3.90632791666667      -0.124622598273467     
   3.30566208333333        4.20666083333333      -0.117008779892219     
   3.30566208333333        4.50699375000000      -0.109913979614845     
   3.30566208333333        4.80732666666667      -0.103363334146001     
   3.30566208333333        5.10765958333333      -9.729795248867763E-002
   3.30566208333333        5.40799250000000      -9.158094808892464E-002
   3.30566208333333        5.70832541666667      -8.606177753304797E-002
   3.30566208333333        6.00865833333333      -8.064937273434217E-002
   3.30566208333333        6.30899125000000      -7.522081855513085E-002
   3.30566208333333        6.60932416666667      -6.989500744241620E-002
   3.30566208333333        6.90965708333333      -6.531232689557952E-002
   3.30566208333333        7.20999000000000      -6.216801557937305E-002
   3.60599500000000       2.000000000000000E-003 -0.197954963603553     
   3.60599500000000       0.302332916666667      -0.200346816421575     
   3.60599500000000       0.602665833333333      -0.203793530448427     
   3.60599500000000       0.902998750000000      -0.198194884050760     
   3.60599500000000        1.20333166666667      -0.188552657532479     
   3.60599500000000        1.50366458333333      -0.179033893641972     
   3.60599500000000        1.80399750000000      -0.170748091976980     
   3.60599500000000        2.10433041666667      -0.162808375163299     
   3.60599500000000        2.40466333333333      -0.155013541341397     
   3.60599500000000        2.70499625000000      -0.147375999638141     
   3.60599500000000        3.00532916666667      -0.139940615692462     
   3.60599500000000        3.30566208333333      -0.132714165622463     
   3.60599500000000        3.60599500000000      -0.125666644768847     
   3.60599500000000        3.90632791666667      -0.118785725409000     
   3.60599500000000        4.20666083333333      -0.112123674457428     
   3.60599500000000        4.50699375000000      -0.105766240259711     
   3.60599500000000        4.80732666666667      -9.976712968642489E-002
   3.60599500000000        5.10765958333333      -9.410665531079569E-002
   3.60599500000000        5.40799250000000      -8.870042891140241E-002
   3.60599500000000        5.70832541666667      -8.346289253285073E-002
   3.60599500000000        6.00865833333333      -7.838931082936514E-002
   3.60599500000000        6.30899125000000      -7.347786255976957E-002
   3.60599500000000        6.60932416666667      -6.903352620490467E-002
   3.60599500000000        6.90965708333333      -6.578331701183990E-002
   3.60599500000000        7.20999000000000      -6.318054408693637E-002
   3.90632791666667       2.000000000000000E-003 -0.151828757159265     
   3.90632791666667       0.302332916666667      -0.163230907708638     
   3.90632791666667       0.602665833333333      -0.173762947068501     
   3.90632791666667       0.902998750000000      -0.172982404936940     
   3.90632791666667        1.20333166666667      -0.166766045835155     
   3.90632791666667        1.50366458333333      -0.159970859316343     
   3.90632791666667        1.80399750000000      -0.153859480255776     
   3.90632791666667        2.10433041666667      -0.147950439097146     
   3.90632791666667        2.40466333333333      -0.142095151913315     
   3.90632791666667        2.70499625000000      -0.136270180653383     
   3.90632791666667        3.00532916666667      -0.130468660018780     
   3.90632791666667        3.30566208333333      -0.124659293062793     
   3.90632791666667        3.60599500000000      -0.118802056594806     
   3.90632791666667        3.90632791666667      -0.112899300216309     
   3.90632791666667        4.20666083333333      -0.107027049962633     
   3.90632791666667        4.50699375000000      -0.101296640840642     
   3.90632791666667        4.80732666666667      -9.578677409029729E-002
   3.90632791666667        5.10765958333333      -9.050539456097019E-002
   3.90632791666667        5.40799250000000      -8.540244349205936E-002
   3.90632791666667        5.70832541666667      -8.043170157993382E-002
   3.90632791666667        6.00865833333333      -7.562950411828408E-002
   3.90632791666667        6.30899125000000      -7.105665990515753E-002
   3.90632791666667        6.60932416666667      -6.691672648928457E-002
   3.90632791666667        6.90965708333333      -6.338055935955889E-002
   3.90632791666667        7.20999000000000      -6.028719460260609E-002
   4.20666083333333       2.000000000000000E-003 -0.119631807637200     
   4.20666083333333       0.302332916666667      -0.127686106154695     
   4.20666083333333       0.602665833333333      -0.140034859289003     
   4.20666083333333       0.902998750000000      -0.145247014661012     
   4.20666083333333        1.20333166666667      -0.144506707551650     
   4.20666083333333        1.50366458333333      -0.141541478927029     
   4.20666083333333        1.80399750000000      -0.138030187695985     
   4.20666083333333        2.10433041666667      -0.134266260790429     
   4.20666083333333        2.40466333333333      -0.130290316186660     
   4.20666083333333        2.70499625000000      -0.126105664556492     
   4.20666083333333        3.00532916666667      -0.121700475572153     
   4.20666083333333        3.30566208333333      -0.117051695562451     
   4.20666083333333        3.60599500000000      -0.112150903534448     
   4.20666083333333        3.90632791666667      -0.107041389488375     
   4.20666083333333        4.20666083333333      -0.101829314262772     
   4.20666083333333        4.50699375000000      -9.664458206317407E-002
   4.20666083333333        4.80732666666667      -9.157851211268123E-002
   4.20666083333333        5.10765958333333      -8.665073375342036E-002
   4.20666083333333        5.40799250000000      -8.182806911457255E-002
   4.20666083333333        5.70832541666667      -7.708323682548766E-002
   4.20666083333333        6.00865833333333      -7.245224902819040E-002
   4.20666083333333        6.30899125000000      -6.800833317708850E-002
   4.20666083333333        6.60932416666667      -6.384703497479387E-002
   4.20666083333333        6.90965708333333      -6.013854229972104E-002
   4.20666083333333        7.20999000000000      -5.718962687244204E-002
   4.50699375000000       2.000000000000000E-003 -0.102869329240595     
   4.50699375000000       0.302332916666667      -0.107384694664698     
   4.50699375000000       0.602665833333333      -0.116437995877457     
   4.50699375000000       0.902998750000000      -0.123086772921064     
   4.50699375000000        1.20333166666667      -0.125375870960996     
   4.50699375000000        1.50366458333333      -0.125206721009874     
   4.50699375000000        1.80399750000000      -0.123983141822534     
   4.50699375000000        2.10433041666667      -0.122145024310052     
   4.50699375000000        2.40466333333333      -0.119805093243665     
   4.50699375000000        2.70499625000000      -0.116987231249688     
   4.50699375000000        3.00532916666667      -0.113698526368314     
   4.50699375000000        3.30566208333333      -0.109954393720718     
   4.50699375000000        3.60599500000000      -0.105799704745961     
   4.50699375000000        3.90632791666667      -0.101325794105524     
   4.50699375000000        4.20666083333333      -9.666495415189891E-002
   4.50699375000000        4.50699375000000      -9.195447756219825E-002
   4.50699375000000        4.80732666666667      -8.728541566677259E-002
   4.50699375000000        5.10765958333333      -8.267794594639409E-002
   4.50699375000000        5.40799250000000      -7.810676472430551E-002
   4.50699375000000        5.70832541666667      -7.355688902910380E-002
   4.50699375000000        6.00865833333333      -6.906562564397557E-002
   4.50699375000000        6.30899125000000      -6.470478981999703E-002
   4.50699375000000        6.60932416666667      -6.055186011516697E-002
   4.50699375000000        6.90965708333333      -5.681207348807489E-002
   4.50699375000000        7.20999000000000      -5.369140131614424E-002
   4.80732666666667       2.000000000000000E-003 -9.455682087388897E-002
   4.80732666666667       0.302332916666667      -9.721159683816505E-002
   4.80732666666667       0.602665833333333      -0.103025207652874     
   4.80732666666667       0.902998750000000      -0.107856969989607     
   4.80732666666667        1.20333166666667      -0.110684849887318     
   4.80732666666667        1.50366458333333      -0.112012883888295     
   4.80732666666667        1.80399750000000      -0.112346490216594     
   4.80732666666667        2.10433041666667      -0.111913466856172     
   4.80732666666667        2.40466333333333      -0.110777474618178     
   4.80732666666667        2.70499625000000      -0.108955282221422     
   4.80732666666667        3.00532916666667      -0.106474408062315     
   4.80732666666667        3.30566208333333      -0.103392488558297     
   4.80732666666667        3.60599500000000      -9.980305049867368E-002
   4.80732666666667        3.90632791666667      -9.583328122164600E-002
   4.80732666666667        4.20666083333333      -9.162861873055797E-002
   4.80732666666667        4.50699375000000      -8.732192446061302E-002
   4.80732666666667        4.80732666666667      -8.299598109973798E-002
   4.80732666666667        5.10765958333333      -7.866950091359465E-002
   4.80732666666667        5.40799250000000      -7.432548484093009E-002
   4.80732666666667        5.70832541666667      -6.996029695958410E-002
   4.80732666666667        6.00865833333333      -6.561532544979221E-002
   4.80732666666667        6.30899125000000      -6.136985944716476E-002
   4.80732666666667        6.60932416666667      -5.731512036860754E-002
   4.80732666666667        6.90965708333333      -5.357061077628165E-002
   4.80732666666667        7.20999000000000      -5.032102169900745E-002
   5.10765958333333       2.000000000000000E-003 -8.883093446537894E-002
   5.10765958333333       0.302332916666667      -9.020608029296091E-002
   5.10765958333333       0.602665833333333      -9.341532108804505E-002
   5.10765958333333       0.902998750000000      -9.711629043346451E-002
   5.10765958333333        1.20333166666667      -0.100072037935340     
   5.10765958333333        1.50366458333333      -0.102075261203128     
   5.10765958333333        1.80399750000000      -0.103217517490088     
   5.10765958333333        2.10433041666667      -0.103565028166187     
   5.10765958333333        2.40466333333333      -0.103124620233287     
   5.10765958333333        2.70499625000000      -0.101900187900625     
   5.10765958333333        3.00532916666667      -9.993299070787619E-002
   5.10765958333333        3.30566208333333      -9.730770931423635E-002
   5.10765958333333        3.60599500000000      -9.414195035485202E-002
   5.10765958333333        3.90632791666667      -9.057278383720783E-002
   5.10765958333333        4.20666083333333      -8.674093206625630E-002
   5.10765958333333        4.50699375000000      -8.276751720148486E-002
   5.10765958333333        4.80732666666667      -7.872819157213318E-002
   5.10765958333333        5.10765958333333      -7.464641071403630E-002
   5.10765958333333        5.40799250000000      -7.051778570351779E-002
   5.10765958333333        5.70832541666667      -6.634620543186602E-002
   5.10765958333333        6.00865833333333      -6.216222406620649E-002
   5.10765958333333        6.30899125000000      -5.801938360609115E-002
   5.10765958333333        6.60932416666667      -5.400408613753391E-002
   5.10765958333333        6.90965708333333      -5.029815642650767E-002
   5.10765958333333        7.20999000000000      -4.705686800017682E-002
   5.40799250000000       2.000000000000000E-003 -8.385294200921783E-002
   5.40799250000000       0.302332916666667      -8.465813263699880E-002
   5.40799250000000       0.602665833333333      -8.684703536417700E-002
   5.40799250000000       0.902998750000000      -8.970862266947698E-002
   5.40799250000000        1.20333166666667      -9.256550768710539E-002
   5.40799250000000        1.50366458333333      -9.478517236435738E-002
   5.40799250000000        1.80399750000000      -9.614637325516304E-002
   5.40799250000000        2.10433041666667      -9.672342032472102E-002
   5.40799250000000        2.40466333333333      -9.652601696506119E-002
   5.40799250000000        2.70499625000000      -9.556008287545797E-002
   5.40799250000000        3.00532916666667      -9.387564227824427E-002
   5.40799250000000        3.30566208333333      -9.156342747881334E-002
   5.40799250000000        3.60599500000000      -8.873176914655230E-002
   5.40799250000000        3.90632791666667      -8.549410758550607E-002
   5.40799250000000        4.20666083333333      -8.196777303323688E-002
   5.40799250000000        4.50699375000000      -7.826275359729293E-002
   5.40799250000000        4.80732666666667      -7.445873144011322E-002
   5.40799250000000        5.10765958333333      -7.059457256093245E-002
   5.40799250000000        5.40799250000000      -6.668292222530792E-002
   5.40799250000000        5.70832541666667      -6.273029516186274E-002
   5.40799250000000        6.00865833333333      -5.872857308958749E-002
   5.40799250000000        6.30899125000000      -5.466178566878674E-002
   5.40799250000000        6.60932416666667      -5.065798788985260E-002
   5.40799250000000        6.90965708333333      -4.694080286868094E-002
   5.40799250000000        7.20999000000000      -4.377606227058144E-002
   5.70832541666667       2.000000000000000E-003 -8.093607333933560E-002
   5.70832541666667       0.302332916666667      -8.145249705064252E-002
   5.70832541666667       0.602665833333333      -8.287951845339597E-002
   5.70832541666667       0.902998750000000      -8.498199514053680E-002
   5.70832541666667        1.20333166666667      -8.729423042991684E-002
   5.70832541666667        1.50366458333333      -8.925764005499925E-002
   5.70832541666667        1.80399750000000      -9.041691335228526E-002
   5.70832541666667        2.10433041666667      -9.082538615604913E-002
   5.70832541666667        2.40466333333333      -9.055197383286016E-002
   5.70832541666667        2.70499625000000      -8.961367400346953E-002
   5.70832541666667        3.00532916666667      -8.806983087443876E-002
   5.70832541666667        3.30566208333333      -8.600506131706406E-002
   5.70832541666667        3.60599500000000      -8.348393298362841E-002
   5.70832541666667        3.90632791666667      -8.055148878312433E-002
   5.70832541666667        4.20666083333333      -7.728232673698662E-002
   5.70832541666667        4.50699375000000      -7.378898662310111E-002
   5.70832541666667        4.80732666666667      -7.017520672398049E-002
   5.70832541666667        5.10765958333333      -6.650515790445118E-002
   5.70832541666667        5.40799250000000      -6.281228670767469E-002
   5.70832541666667        5.70832541666667      -5.909679155909694E-002
   5.70832541666667        6.00865833333333      -5.526044655189441E-002
   5.70832541666667        6.30899125000000      -5.129049327664890E-002
   5.70832541666667        6.60932416666667      -4.726814335646777E-002
   5.70832541666667        6.90965708333333      -4.346880714760604E-002
   5.70832541666667        7.20999000000000      -4.036188297424747E-002
   6.00865833333333       2.000000000000000E-003 -7.901074619022036E-002
   6.00865833333333       0.302332916666667      -7.922352247512152E-002
   6.00865833333333       0.602665833333333      -7.998211313169709E-002
   6.00865833333333       0.902998750000000      -8.139337356729610E-002
   6.00865833333333        1.20333166666667      -8.308960763090720E-002
   6.00865833333333        1.50366458333333      -8.455438301953523E-002
   6.00865833333333        1.80399750000000      -8.535933460535826E-002
   6.00865833333333        2.10433041666667      -8.537266847660192E-002
   6.00865833333333        2.40466333333333      -8.484404005057479E-002
   6.00865833333333        2.70499625000000      -8.379986265863613E-002
   6.00865833333333        3.00532916666667      -8.232334701295510E-002
   6.00865833333333        3.30566208333333      -8.052142317198871E-002
   6.00865833333333        3.60599500000000      -7.838356432994328E-002
   6.00865833333333        3.90632791666667      -7.579020065010944E-002
   6.00865833333333        4.20666083333333      -7.273277057953423E-002
   6.00865833333333        4.50699375000000      -6.938543610623549E-002
   6.00865833333333        4.80732666666667      -6.591146267586531E-002
   6.00865833333333        5.10765958333333      -6.239683253045705E-002
   6.00865833333333        5.40799250000000      -5.888551883116619E-002
   6.00865833333333        5.70832541666667      -5.533524048173565E-002
   6.00865833333333        6.00865833333333      -5.167926361164322E-002
   6.00865833333333        6.30899125000000      -4.784685131733001E-002
   6.00865833333333        6.60932416666667      -4.376510295646919E-002
   6.00865833333333        6.90965708333333      -3.966633208371297E-002
   6.00865833333333        7.20999000000000      -3.648556939483139E-002
   6.30899125000000       2.000000000000000E-003 -7.585928711035142E-002
   6.30899125000000       0.302332916666667      -7.582354890760389E-002
   6.30899125000000       0.602665833333333      -7.639157092691753E-002
   6.30899125000000       0.902998750000000      -7.768581766686768E-002
   6.30899125000000        1.20333166666667      -7.906593172003919E-002
   6.30899125000000        1.50366458333333      -8.006734831758626E-002
   6.30899125000000        1.80399750000000      -8.044306405961708E-002
   6.30899125000000        2.10433041666667      -8.009029657387638E-002
   6.30899125000000        2.40466333333333      -7.923210073791499E-002
   6.30899125000000        2.70499625000000      -7.796951396779835E-002
   6.30899125000000        3.00532916666667      -7.645809573756895E-002
   6.30899125000000        3.30566208333333      -7.498783146458680E-002
   6.30899125000000        3.60599500000000      -7.343793122412308E-002
   6.30899125000000        3.90632791666667      -7.129522083582518E-002
   6.30899125000000        4.20666083333333      -6.842424026600165E-002
   6.30899125000000        4.50699375000000      -6.513837261924184E-002
   6.30899125000000        4.80732666666667      -6.174097128770513E-002
   6.30899125000000        5.10765958333333      -5.831258432989914E-002
   6.30899125000000        5.40799250000000      -5.487366561357232E-002
   6.30899125000000        5.70832541666667      -5.142208707963854E-002
   6.30899125000000        6.00865833333333      -4.790921717846085E-002
   6.30899125000000        6.30899125000000      -4.424574515583451E-002
   6.30899125000000        6.60932416666667      -4.015194762709718E-002
   6.30899125000000        6.90965708333333      -3.541778007195757E-002
   6.30899125000000        7.20999000000000      -3.171879211556846E-002
   6.60932416666667       2.000000000000000E-003 -6.968122266712345E-002
   6.60932416666667       0.302332916666667      -6.946765593859205E-002
   6.60932416666667       0.602665833333333      -7.113889554945892E-002
   6.60932416666667       0.902998750000000      -7.345974711383885E-002
   6.60932416666667        1.20333166666667      -7.498979026515853E-002
   6.60932416666667        1.50366458333333      -7.566356906066851E-002
   6.60932416666667        1.80399750000000      -7.561365986679990E-002
   6.60932416666667        2.10433041666667      -7.494098128131575E-002
   6.60932416666667        2.40466333333333      -7.375454870060659E-002
   6.60932416666667        2.70499625000000      -7.214037126919248E-002
   6.60932416666667        3.00532916666667      -7.054349855820509E-002
   6.60932416666667        3.30566208333333      -6.959147286223263E-002
   6.60932416666667        3.60599500000000      -6.899283148244112E-002
   6.60932416666667        3.90632791666667      -6.729178090491618E-002
   6.60932416666667        4.20666083333333      -6.442534027859953E-002
   6.60932416666667        4.50699375000000      -6.110569880908337E-002
   6.60932416666667        4.80732666666667      -5.774184429032072E-002
   6.60932416666667        5.10765958333333      -5.432615516195059E-002
   6.60932416666667        5.40799250000000      -5.089419051996087E-002
   6.60932416666667        5.70832541666667      -4.743227657673934E-002
   6.60932416666667        6.00865833333333      -4.387808180545545E-002
   6.60932416666667        6.30899125000000      -4.022829751367044E-002
   6.60932416666667        6.60932416666667      -3.636834764726548E-002
   6.60932416666667        6.90965708333333      -3.122489940488151E-002
   6.60932416666667        7.20999000000000      -2.623371137609898E-002
   6.90965708333333       2.000000000000000E-003 -6.431122511077504E-002
   6.90965708333333       0.302332916666667      -6.325788264781318E-002
   6.90965708333333       0.602665833333333      -6.629421812722647E-002
   6.90965708333333       0.902998750000000      -6.951304317997481E-002
   6.90965708333333        1.20333166666667      -7.109249972176045E-002
   6.90965708333333        1.50366458333333      -7.144627734362768E-002
   6.90965708333333        1.80399750000000      -7.102073332903887E-002
   6.90965708333333        2.10433041666667      -7.006316866862738E-002
   6.90965708333333        2.40466333333333      -6.864927620156863E-002
   6.90965708333333        2.70499625000000      -6.685539665813695E-002
   6.90965708333333        3.00532916666667      -6.531713746944168E-002
   6.90965708333333        3.30566208333333      -6.513383513418043E-002
   6.90965708333333        3.60599500000000      -6.583299692790440E-002
   6.90965708333333        3.90632791666667      -6.389391605810264E-002
   6.90965708333333        4.20666083333333      -6.079162243853207E-002
   6.90965708333333        4.50699375000000      -5.738526340019078E-002
   6.90965708333333        4.80732666666667      -5.399597855459898E-002
   6.90965708333333        5.10765958333333      -5.060259281609534E-002
   6.90965708333333        5.40799250000000      -4.716550492907695E-002
   6.90965708333333        5.70832541666667      -4.363605221457821E-002
   6.90965708333333        6.00865833333333      -3.980798206823522E-002
   6.90965708333333        6.30899125000000      -3.557530493747556E-002
   6.90965708333333        6.60932416666667      -3.139787261252144E-002
   6.90965708333333        6.90965708333333      -2.795293934046208E-002
   6.90965708333333        7.20999000000000      -2.310073144506780E-002
   7.20999000000000       2.000000000000000E-003 -6.264149504794181E-002
   7.20999000000000       0.302332916666667      -6.343660399658285E-002
   7.20999000000000       0.602665833333333      -6.414202569284935E-002
   7.20999000000000       0.902998750000000      -6.626566882327256E-002
   7.20999000000000        1.20333166666667      -6.738217348605367E-002
   7.20999000000000        1.50366458333333      -6.740456481943990E-002
   7.20999000000000        1.80399750000000      -6.671818146455674E-002
   7.20999000000000        2.10433041666667      -6.563751903767834E-002
   7.20999000000000        2.40466333333333      -6.427604591007378E-002
   7.20999000000000        2.70499625000000      -6.281195747349722E-002
   7.20999000000000        3.00532916666667      -6.190820800302774E-002
   7.20999000000000        3.30566208333333      -6.246147958103876E-002
   7.20999000000000        3.60599500000000      -6.332972555462481E-002
   7.20999000000000        3.90632791666667      -6.062863356611824E-002
   7.20999000000000        4.20666083333333      -5.763882968661835E-002
   7.20999000000000        4.50699375000000      -5.410967751433122E-002
   7.20999000000000        4.80732666666667      -5.064770258627314E-002
   7.20999000000000        5.10765958333333      -4.729510161593700E-002
   7.20999000000000        5.40799250000000      -4.395524078560534E-002
   7.20999000000000        5.70832541666667      -4.050117740535533E-002
   7.20999000000000        6.00865833333333      -3.661271001110362E-002
   7.20999000000000        6.30899125000000      -3.187396916713955E-002
   7.20999000000000        6.60932416666667      -2.644037900257444E-002
   7.20999000000000        6.90965708333333      -2.324932311551383E-002
   7.20999000000000        7.20999000000000      -2.327911389787794E-002
