  2.000000000000000E-003  2.000000000000000E-003 -0.204810146550869     
  2.000000000000000E-003  0.302332916666667      -0.201822005616787     
  2.000000000000000E-003  0.602665833333333      -0.192677582037966     
  2.000000000000000E-003  0.902998750000000      -0.189105087498222     
  2.000000000000000E-003   1.20333166666667      -0.183490373019933     
  2.000000000000000E-003   1.50366458333333      -0.175267098408725     
  2.000000000000000E-003   1.80399750000000      -0.165430536274108     
  2.000000000000000E-003   2.10433041666667      -0.154767184999894     
  2.000000000000000E-003   2.40466333333333      -0.143544651229283     
  2.000000000000000E-003   2.70499625000000      -0.132781923832401     
  2.000000000000000E-003   3.00532916666667      -0.124837245080041     
  2.000000000000000E-003   3.30566208333333      -0.122834125460146     
  2.000000000000000E-003   3.60599500000000      -0.123399917575170     
  2.000000000000000E-003   3.90632791666667      -0.112270827822030     
  2.000000000000000E-003   4.20666083333333      -0.102170038059312     
  2.000000000000000E-003   4.50699375000000      -9.329731342406371E-002
  2.000000000000000E-003   4.80732666666667      -8.604399762648607E-002
  2.000000000000000E-003   5.10765958333333      -7.994846121481015E-002
  2.000000000000000E-003   5.40799250000000      -7.488119465363527E-002
  2.000000000000000E-003   5.70832541666667      -7.101746614359666E-002
  2.000000000000000E-003   6.00865833333333      -6.807578855723151E-002
  2.000000000000000E-003   6.30899125000000      -6.554305767568025E-002
  2.000000000000000E-003   6.60932416666667      -6.303713252500069E-002
  2.000000000000000E-003   6.90965708333333      -6.154451515033170E-002
  2.000000000000000E-003   7.20999000000000      -6.092933579816447E-002
  0.302332916666667       2.000000000000000E-003 -0.212144231549802     
  0.302332916666667       0.302332916666667      -0.217521360830520     
  0.302332916666667       0.602665833333333      -0.213986479007124     
  0.302332916666667       0.902998750000000      -0.209826416520497     
  0.302332916666667        1.20333166666667      -0.202742498125433     
  0.302332916666667        1.50366458333333      -0.192839496300420     
  0.302332916666667        1.80399750000000      -0.181124641000932     
  0.302332916666667        2.10433041666667      -0.168207813877210     
  0.302332916666667        2.40466333333333      -0.154072910152906     
  0.302332916666667        2.70499625000000      -0.139329218212024     
  0.302332916666667        3.00532916666667      -0.126828041757801     
  0.302332916666667        3.30566208333333      -0.121820723278493     
  0.302332916666667        3.60599500000000      -0.126002399054461     
  0.302332916666667        3.90632791666667      -0.122289845720227     
  0.302332916666667        4.20666083333333      -0.111843354343909     
  0.302332916666667        4.50699375000000      -0.101470346774516     
  0.302332916666667        4.80732666666667      -9.280943656238373E-002
  0.302332916666667        5.10765958333333      -8.551163719194946E-002
  0.302332916666667        5.40799250000000      -7.939741835862686E-002
  0.302332916666667        5.70832541666667      -7.451391868806884E-002
  0.302332916666667        6.00865833333333      -7.057425405850698E-002
  0.302332916666667        6.30899125000000      -6.722941184728899E-002
  0.302332916666667        6.60932416666667      -6.420934277268660E-002
  0.302332916666667        6.90965708333333      -6.180355593261522E-002
  0.302332916666667        7.20999000000000      -5.914947027920422E-002
  0.602665833333333       2.000000000000000E-003 -0.230702391528497     
  0.602665833333333       0.302332916666667      -0.235674617232761     
  0.602665833333333       0.602665833333333      -0.237526753520898     
  0.602665833333333       0.902998750000000      -0.232559267621525     
  0.602665833333333        1.20333166666667      -0.223441827949323     
  0.602665833333333        1.50366458333333      -0.211708854849166     
  0.602665833333333        1.80399750000000      -0.198259499767370     
  0.602665833333333        2.10433041666667      -0.183652714583080     
  0.602665833333333        2.40466333333333      -0.168230021022041     
  0.602665833333333        2.70499625000000      -0.152110765977411     
  0.602665833333333        3.00532916666667      -0.138477368414983     
  0.602665833333333        3.30566208333333      -0.131201034263136     
  0.602665833333333        3.60599500000000      -0.130462719713699     
  0.602665833333333        3.90632791666667      -0.127517272270721     
  0.602665833333333        4.20666083333333      -0.118942705237494     
  0.602665833333333        4.50699375000000      -0.108679992731227     
  0.602665833333333        4.80732666666667      -9.934868781322052E-002
  0.602665833333333        5.10765958333333      -9.119345369362465E-002
  0.602665833333333        5.40799250000000      -8.425575879894485E-002
  0.602665833333333        5.70832541666667      -7.849730092596782E-002
  0.602665833333333        6.00865833333333      -7.377509372933995E-002
  0.602665833333333        6.30899125000000      -6.992994714593742E-002
  0.602665833333333        6.60932416666667      -6.666583395794008E-002
  0.602665833333333        6.90965708333333      -6.297966675119142E-002
  0.602665833333333        7.20999000000000      -5.819802046028197E-002
  0.902998750000000       2.000000000000000E-003 -0.263318305128982     
  0.902998750000000       0.302332916666667      -0.264587322499685     
  0.902998750000000       0.602665833333333      -0.263759549915814     
  0.902998750000000       0.902998750000000      -0.257148831910399     
  0.902998750000000        1.20333166666667      -0.246001210890491     
  0.902998750000000        1.50366458333333      -0.232150355912308     
  0.902998750000000        1.80399750000000      -0.216771574435149     
  0.902998750000000        2.10433041666667      -0.200624317912425     
  0.902998750000000        2.40466333333333      -0.184464014358063     
  0.902998750000000        2.70499625000000      -0.168580029569286     
  0.902998750000000        3.00532916666667      -0.154469573065782     
  0.902998750000000        3.30566208333333      -0.144697428245978     
  0.902998750000000        3.60599500000000      -0.138717564686623     
  0.902998750000000        3.90632791666667      -0.132664072232528     
  0.902998750000000        4.20666083333333      -0.124179975631501     
  0.902998750000000        4.50699375000000      -0.114403191415373     
  0.902998750000000        4.80732666666667      -0.105042045075370     
  0.902998750000000        5.10765958333333      -9.653687263083201E-002
  0.902998750000000        5.40799250000000      -8.900453702844353E-002
  0.902998750000000        5.70832541666667      -8.254105651348059E-002
  0.902998750000000        6.00865833333333      -7.711799242679464E-002
  0.902998750000000        6.30899125000000      -7.268019531687596E-002
  0.902998750000000        6.60932416666667      -6.891561292558178E-002
  0.902998750000000        6.90965708333333      -6.502499330417533E-002
  0.902998750000000        7.20999000000000      -6.078601253337263E-002
   1.20333166666667       2.000000000000000E-003 -0.307561487305494     
   1.20333166666667       0.302332916666667      -0.306008097940334     
   1.20333166666667       0.602665833333333      -0.300240735376513     
   1.20333166666667       0.902998750000000      -0.289150276446695     
   1.20333166666667        1.20333166666667      -0.273784415249972     
   1.20333166666667        1.50366458333333      -0.256007953375963     
   1.20333166666667        1.80399750000000      -0.237356268684564     
   1.20333166666667        2.10433041666667      -0.218848315393096     
   1.20333166666667        2.40466333333333      -0.201254860174073     
   1.20333166666667        2.70499625000000      -0.184942093242400     
   1.20333166666667        3.00532916666667      -0.170309145082289     
   1.20333166666667        3.30566208333333      -0.158031231126512     
   1.20333166666667        3.60599500000000      -0.148023878624096     
   1.20333166666667        3.90632791666667      -0.138748797780029     
   1.20333166666667        4.20666083333333      -0.129101775339630     
   1.20333166666667        4.50699375000000      -0.119362079573742     
   1.20333166666667        4.80732666666667      -0.109999847083962     
   1.20333166666667        5.10765958333333      -0.101236668762784     
   1.20333166666667        5.40799250000000      -9.325088695055797E-002
   1.20333166666667        5.70832541666667      -8.615067088148452E-002
   1.20333166666667        6.00865833333333      -7.998891850808634E-002
   1.20333166666667        6.30899125000000      -7.478212030665457E-002
   1.20333166666667        6.60932416666667      -7.032785917455156E-002
   1.20333166666667        6.90965708333333      -6.616829966337308E-002
   1.20333166666667        7.20999000000000      -6.203984661448353E-002
   1.50366458333333       2.000000000000000E-003 -0.370859718556947     
   1.50366458333333       0.302332916666667      -0.366605620609159     
   1.50366458333333       0.602665833333333      -0.354217762529034     
   1.50366458333333       0.902998750000000      -0.335011801888636     
   1.50366458333333        1.20333166666667      -0.311438074465008     
   1.50366458333333        1.50366458333333      -0.286234639193646     
   1.50366458333333        1.80399750000000      -0.261467538028651     
   1.50366458333333        2.10433041666667      -0.238419439506591     
   1.50366458333333        2.40466333333333      -0.217930258430668     
   1.50366458333333        2.70499625000000      -0.199889839973742     
   1.50366458333333        3.00532916666667      -0.183892438558562     
   1.50366458333333        3.30566208333333      -0.169647482812645     
   1.50366458333333        3.60599500000000      -0.156882316125371     
   1.50366458333333        3.90632791666667      -0.145195077787328     
   1.50366458333333        4.20666083333333      -0.134272561483580     
   1.50366458333333        4.50699375000000      -0.124013611881654     
   1.50366458333333        4.80732666666667      -0.114363700115082     
   1.50366458333333        5.10765958333333      -0.105268383844178     
   1.50366458333333        5.40799250000000      -9.677715347928179E-002
   1.50366458333333        5.70832541666667      -8.903979655585244E-002
   1.50366458333333        6.00865833333333      -8.210626654763464E-002
   1.50366458333333        6.30899125000000      -7.605374406066101E-002
   1.50366458333333        6.60932416666667      -7.080921476023179E-002
   1.50366458333333        6.90965708333333      -6.612105330079691E-002
   1.50366458333333        7.20999000000000      -6.176209777406227E-002
   1.80399750000000       2.000000000000000E-003 -0.463981695524072     
   1.80399750000000       0.302332916666667      -0.455837753752646     
   1.80399750000000       0.602665833333333      -0.433405443998511     
   1.80399750000000       0.902998750000000      -0.400820906223421     
   1.80399750000000        1.20333166666667      -0.363403831204490     
   1.80399750000000        1.50366458333333      -0.325521936608768     
   1.80399750000000        1.80399750000000      -0.290164145858349     
   1.80399750000000        2.10433041666667      -0.259634449975889     
   1.80399750000000        2.40466333333333      -0.234357175767581     
   1.80399750000000        2.70499625000000      -0.213428035042907     
   1.80399750000000        3.00532916666667      -0.195506436217878     
   1.80399750000000        3.30566208333333      -0.179512559794994     
   1.80399750000000        3.60599500000000      -0.164887764258727     
   1.80399750000000        3.90632791666667      -0.151483159766087     
   1.80399750000000        4.20666083333333      -0.139306238986298     
   1.80399750000000        4.50699375000000      -0.128285159373601     
   1.80399750000000        4.80732666666667      -0.118177127626936     
   1.80399750000000        5.10765958333333      -0.108687549222137     
   1.80399750000000        5.40799250000000      -9.967429890231358E-002
   1.80399750000000        5.70832541666667      -9.122260854134363E-002
   1.80399750000000        6.00865833333333      -8.350816421404483E-002
   1.80399750000000        6.30899125000000      -7.661388438475289E-002
   1.80399750000000        6.60932416666667      -7.057233250270577E-002
   1.80399750000000        6.90965708333333      -6.528834621117817E-002
   1.80399750000000        7.20999000000000      -6.063840444480104E-002
   2.10433041666667       2.000000000000000E-003 -0.601167937935005     
   2.10433041666667       0.302332916666667      -0.586432501793380     
   2.10433041666667       0.602665833333333      -0.546572469881449     
   2.10433041666667       0.902998750000000      -0.491794559169686     
   2.10433041666667        1.20333166666667      -0.431717409828112     
   2.10433041666667        1.50366458333333      -0.374093600040428     
   2.10433041666667        1.80399750000000      -0.323747629663393     
   2.10433041666667        2.10433041666667      -0.282685488458451     
   2.10433041666667        2.40466333333333      -0.250591268500230     
   2.10433041666667        2.70499625000000      -0.225599715967462     
   2.10433041666667        3.00532916666667      -0.205307420950662     
   2.10433041666667        3.30566208333333      -0.187715492490501     
   2.10433041666667        3.60599500000000      -0.171724153151247     
   2.10433041666667        3.90632791666667      -0.157060738834828     
   2.10433041666667        4.20666083333333      -0.143835964070967     
   2.10433041666667        4.50699375000000      -0.132066658301323     
   2.10433041666667        4.80732666666667      -0.121465408859267     
   2.10433041666667        5.10765958333333      -0.111579077126894     
   2.10433041666667        5.40799250000000      -0.102088866087774     
   2.10433041666667        5.70832541666667      -9.298179054466196E-002
   2.10433041666667        6.00865833333333      -8.446219660631830E-002
   2.10433041666667        6.30899125000000      -7.672676351323950E-002
   2.10433041666667        6.60932416666667      -6.985079166986015E-002
   2.10433041666667        6.90965708333333      -6.392476217361888E-002
   2.10433041666667        7.20999000000000      -5.901115610888075E-002
   2.40466333333333       2.000000000000000E-003 -0.805438502771679     
   2.40466333333333       0.302332916666667      -0.777277312600392     
   2.40466333333333       0.602665833333333      -0.703446063618801     
   2.40466333333333       0.902998750000000      -0.609251165601900     
   2.40466333333333        1.20333166666667      -0.514875039230273     
   2.40466333333333        1.50366458333333      -0.430885783046880     
   2.40466333333333        1.80399750000000      -0.361430286382822     
   2.40466333333333        2.10433041666667      -0.307161802267741     
   2.40466333333333        2.40466333333333      -0.266515760226809     
   2.40466333333333        2.70499625000000      -0.236446440298945     
   2.40466333333333        3.00532916666667      -0.213374715173405     
   2.40466333333333        3.30566208333333      -0.194250081513579     
   2.40466333333333        3.60599500000000      -0.177229560665531     
   2.40466333333333        3.90632791666667      -0.161686518254941     
   2.40466333333333        4.20666083333333      -0.147681878845984     
   2.40466333333333        4.50699375000000      -0.135297504272325     
   2.40466333333333        4.80732666666667      -0.124260609398961     
   2.40466333333333        5.10765958333333      -0.114028941961232     
   2.40466333333333        5.40799250000000      -0.104144652777561     
   2.40466333333333        5.70832541666667      -9.448998625354324E-002
   2.40466333333333        6.00865833333333      -8.523667341434855E-002
   2.40466333333333        6.30899125000000      -7.658821043533463E-002
   2.40466333333333        6.60932416666667      -6.864130418606791E-002
   2.40466333333333        6.90965708333333      -6.168249083659453E-002
   2.40466333333333        7.20999000000000      -5.651928989168220E-002
   2.70499625000000       2.000000000000000E-003  -1.07730093991435     
   2.70499625000000       0.302332916666667       -1.03153575787753     
   2.70499625000000       0.602665833333333      -0.910993782422098     
   2.70499625000000       0.902998750000000      -0.755604572204465     
   2.70499625000000        1.20333166666667      -0.610236923423405     
   2.70499625000000        1.50366458333333      -0.492360712305245     
   2.70499625000000        1.80399750000000      -0.400541880683929     
   2.70499625000000        2.10433041666667      -0.331530147830882     
   2.70499625000000        2.40466333333333      -0.281478619751385     
   2.70499625000000        2.70499625000000      -0.245842192477254     
   2.70499625000000        3.00532916666667      -0.219798762837598     
   2.70499625000000        3.30566208333333      -0.199205549310096     
   2.70499625000000        3.60599500000000      -0.181393901461553     
   2.70499625000000        3.90632791666667      -0.165272475090698     
   2.70499625000000        4.20666083333333      -0.150752898451582     
   2.70499625000000        4.50699375000000      -0.137933853903930     
   2.70499625000000        4.80732666666667      -0.126569695350973     
   2.70499625000000        5.10765958333333      -0.116077577062423     
   2.70499625000000        5.40799250000000      -0.105904330949193     
   2.70499625000000        5.70832541666667      -9.583371845616799E-002
   2.70499625000000        6.00865833333333      -8.594878885732678E-002
   2.70499625000000        6.30899125000000      -7.627430819075892E-002
   2.70499625000000        6.60932416666667      -6.689525744798247E-002
   2.70499625000000        6.90965708333333      -5.892757651514715E-002
   2.70499625000000        7.20999000000000      -5.380143501272033E-002
   3.00532916666667       2.000000000000000E-003  -1.37347087602722     
   3.00532916666667       0.302332916666667       -1.30954655118917     
   3.00532916666667       0.602665833333333       -1.13691405235316     
   3.00532916666667       0.902998750000000      -0.915979776779358     
   3.00532916666667        1.20333166666667      -0.708068510151958     
   3.00532916666667        1.50366458333333      -0.550815728753749     
   3.00532916666667        1.80399750000000      -0.436102720428222     
   3.00532916666667        2.10433041666667      -0.352971759338637     
   3.00532916666667        2.40466333333333      -0.294146331065722     
   3.00532916666667        2.70499625000000      -0.253347578760962     
   3.00532916666667        3.00532916666667      -0.224568986351068     
   3.00532916666667        3.30566208333333      -0.202684262147249     
   3.00532916666667        3.60599500000000      -0.184274661746710     
   3.00532916666667        3.90632791666667      -0.167801866465286     
   3.00532916666667        4.20666083333333      -0.152990831355583     
   3.00532916666667        4.50699375000000      -0.139912947641988     
   3.00532916666667        4.80732666666667      -0.128341293537984     
   3.00532916666667        5.10765958333333      -0.117682138644239     
   3.00532916666667        5.40799250000000      -0.107328468672798     
   3.00532916666667        5.70832541666667      -9.699149136585931E-002
   3.00532916666667        6.00865833333333      -8.666024446075915E-002
   3.00532916666667        6.30899125000000      -7.625129548100959E-002
   3.00532916666667        6.60932416666667      -6.614894987971483E-002
   3.00532916666667        6.90965708333333      -5.746976787218532E-002
   3.00532916666667        7.20999000000000      -5.250526335114875E-002
   3.30566208333333       2.000000000000000E-003  -1.59846838594591     
   3.30566208333333       0.302332916666667       -1.52689145361516     
   3.30566208333333       0.602665833333333       -1.32008394027134     
   3.30566208333333       0.902998750000000       -1.04390715397756     
   3.30566208333333        1.20333166666667      -0.786815335696250     
   3.30566208333333        1.50366458333333      -0.594349172099772     
   3.30566208333333        1.80399750000000      -0.461514809444956     
   3.30566208333333        2.10433041666667      -0.367922049947056     
   3.30566208333333        2.40466333333333      -0.302774484790660     
   3.30566208333333        2.70499625000000      -0.258281831283667     
   3.30566208333333        3.00532916666667      -0.227544673601066     
   3.30566208333333        3.30566208333333      -0.204742783318799     
   3.30566208333333        3.60599500000000      -0.185941593964152     
   3.30566208333333        3.90632791666667      -0.169291127710368     
   3.30566208333333        4.20666083333333      -0.154353059553185     
   3.30566208333333        4.50699375000000      -0.141152542683457     
   3.30566208333333        4.80732666666667      -0.129474281166406     
   3.30566208333333        5.10765958333333      -0.118728509898671     
   3.30566208333333        5.40799250000000      -0.108285271203934     
   3.30566208333333        5.70832541666667      -9.782144139584334E-002
   3.30566208333333        6.00865833333333      -8.730279412723541E-002
   3.30566208333333        6.30899125000000      -7.685413644627834E-002
   3.30566208333333        6.60932416666667      -6.711741323459378E-002
   3.30566208333333        6.90965708333333      -5.925649162686316E-002
   3.30566208333333        7.20999000000000      -5.457281074603904E-002
   3.60599500000000       2.000000000000000E-003  -1.74689967765428     
   3.60599500000000       0.302332916666667       -1.60810743433911     
   3.60599500000000       0.602665833333333       -1.39024819982967     
   3.60599500000000       0.902998750000000       -1.09324022096536     
   3.60599500000000        1.20333166666667      -0.817206511540027     
   3.60599500000000        1.50366458333333      -0.610661163011883     
   3.60599500000000        1.80399750000000      -0.470791519648976     
   3.60599500000000        2.10433041666667      -0.373304443744740     
   3.60599500000000        2.40466333333333      -0.305847847712836     
   3.60599500000000        2.70499625000000      -0.260014195635599     
   3.60599500000000        3.00532916666667      -0.228565340423265     
   3.60599500000000        3.30566208333333      -0.205428580180812     
   3.60599500000000        3.60599500000000      -0.186488475361565     
   3.60599500000000        3.90632791666667      -0.169788576459878     
   3.60599500000000        4.20666083333333      -0.154820384709304     
   3.60599500000000        4.50699375000000      -0.141585066203333     
   3.60599500000000        4.80732666666667      -0.129872927048958     
   3.60599500000000        5.10765958333333      -0.119098518922711     
   3.60599500000000        5.40799250000000      -0.108626469035979     
   3.60599500000000        5.70832541666667      -9.812611740648994E-002
   3.60599500000000        6.00865833333333      -8.758034337281741E-002
   3.60599500000000        6.30899125000000      -7.726788815030884E-002
   3.60599500000000        6.60932416666667      -6.817659388872861E-002
   3.60599500000000        6.90965708333333      -6.222932706323712E-002
   3.60599500000000        7.20999000000000      -5.832380534278495E-002
   3.90632791666667       2.000000000000000E-003  -1.59846278635340     
   3.90632791666667       0.302332916666667       -1.52682855873090     
   3.90632791666667       0.602665833333333       -1.32000965378237     
   3.90632791666667       0.902998750000000       -1.04383748088782     
   3.90632791666667        1.20333166666667      -0.786753176419280     
   3.90632791666667        1.50366458333333      -0.594294513242346     
   3.90632791666667        1.80399750000000      -0.461470679262898     
   3.90632791666667        2.10433041666667      -0.367893156825887     
   3.90632791666667        2.40466333333333      -0.302763468690576     
   3.90632791666667        2.70499625000000      -0.258288264623300     
   3.90632791666667        3.00532916666667      -0.227565603399960     
   3.90632791666667        3.30566208333333      -0.204774103535918     
   3.90632791666667        3.60599500000000      -0.185979173648670     
   3.90632791666667        3.90632791666667      -0.169331106304595     
   3.90632791666667        4.20666083333333      -0.154391787890967     
   3.90632791666667        4.50699375000000      -0.141186491190593     
   3.90632791666667        4.80732666666667      -0.129500192852925     
   3.90632791666667        5.10765958333333      -0.118743938729102     
   3.90632791666667        5.40799250000000      -0.108288567615759     
   3.90632791666667        5.70832541666667      -9.781045173662048E-002
   3.90632791666667        6.00865833333333      -8.726977721639230E-002
   3.90632791666667        6.30899125000000      -7.678697304386085E-002
   3.90632791666667        6.60932416666667      -6.700967999530158E-002
   3.90632791666667        6.90965708333333      -5.913244625340090E-002
   3.90632791666667        7.20999000000000      -5.450987080794600E-002
   4.20666083333333       2.000000000000000E-003  -1.37346214555492     
   4.20666083333333       0.302332916666667       -1.30946784833667     
   4.20666083333333       0.602665833333333       -1.13680422127520     
   4.20666083333333       0.902998750000000      -0.915864029493918     
   4.20666083333333        1.20333166666667      -0.707958016560535     
   4.20666083333333        1.50366458333333      -0.550714678656982     
   4.20666083333333        1.80399750000000      -0.436020807141109     
   4.20666083333333        2.10433041666667      -0.352919184046653     
   4.20666083333333        2.40466333333333      -0.294128328038766     
   4.20666083333333        2.70499625000000      -0.253363044916735     
   4.20666083333333        3.00532916666667      -0.224611904884484     
   4.20666083333333        3.30566208333333      -0.202746591455711     
   4.20666083333333        3.60599500000000      -0.184348440565931     
   4.20666083333333        3.90632791666667      -0.167879961930372     
   4.20666083333333        4.20666083333333      -0.153066654141743     
   4.20666083333333        4.50699375000000      -0.139980024775218     
   4.20666083333333        4.80732666666667      -0.128393648852973     
   4.20666083333333        5.10765958333333      -0.117715233298783     
   4.20666083333333        5.40799250000000      -0.107339676577659     
   4.20666083333333        5.70832541666667      -9.697885758612432E-002
   4.20666083333333        6.00865833333333      -8.661780208045157E-002
   4.20666083333333        6.30899125000000      -7.616562667417841E-002
   4.20666083333333        6.60932416666667      -6.602085960888660E-002
   4.20666083333333        6.90965708333333      -5.732903392025501E-002
   4.20666083333333        7.20999000000000      -5.241028436023233E-002
   4.50699375000000       2.000000000000000E-003  -1.07729482917627     
   4.50699375000000       0.302332916666667       -1.03146375116196     
   4.50699375000000       0.602665833333333      -0.910878179313606     
   4.50699375000000       0.902998750000000      -0.755469241821332     
   4.50699375000000        1.20333166666667      -0.610095138049349     
   4.50699375000000        1.50366458333333      -0.492226408216930     
   4.50699375000000        1.80399750000000      -0.400433300888062     
   4.50699375000000        2.10433041666667      -0.331463011032659     
   4.50699375000000        2.40466333333333      -0.281460386254589     
   4.50699375000000        2.70499625000000      -0.245870640645474     
   4.50699375000000        3.00532916666667      -0.219864668175144     
   4.50699375000000        3.30566208333333      -0.199297124868567     
   4.50699375000000        3.60599500000000      -0.181500209528986     
   4.50699375000000        3.90632791666667      -0.165384298315879     
   4.50699375000000        4.20666083333333      -0.150862046702963     
   4.50699375000000        4.50699375000000      -0.138032031124070     
   4.50699375000000        4.80732666666667      -0.126648796964582     
   4.50699375000000        5.10765958333333      -0.116131287615777     
   4.50699375000000        5.40799250000000      -0.105929446349410     
   4.50699375000000        5.70832541666667      -9.583012670027488E-002
   4.50699375000000        6.00865833333333      -8.591716039592379E-002
   4.50699375000000        6.30899125000000      -7.621326332192668E-002
   4.50699375000000        6.60932416666667      -6.681027975751212E-002
   4.50699375000000        6.90965708333333      -5.884244583730985E-002
   4.50699375000000        7.20999000000000      -5.374565283197142E-002
   4.80732666666667       2.000000000000000E-003 -0.805435814719210     
   4.80732666666667       0.302332916666667      -0.777216486960726     
   4.80732666666667       0.602665833333333      -0.703338176144554     
   4.80732666666667       0.902998750000000      -0.609109527318234     
   4.80732666666667        1.20333166666667      -0.514716104282105     
   4.80732666666667        1.50366458333333      -0.430732387047666     
   4.80732666666667        1.80399750000000      -0.361307996471625     
   4.80732666666667        2.10433041666667      -0.307090960409629     
   4.80732666666667        2.40466333333333      -0.266505008182740     
   4.80732666666667        2.70499625000000      -0.236491687283659     
   4.80732666666667        3.00532916666667      -0.213463120375916     
   4.80732666666667        3.30566208333333      -0.194366532503206     
   4.80732666666667        3.60599500000000      -0.177361449986846     
   4.80732666666667        3.90632791666667      -0.161824642500973     
   4.80732666666667        4.20666083333333      -0.147818173244465     
   4.80732666666667        4.50699375000000      -0.135423048940871     
   4.80732666666667        4.80732666666667      -0.124365559133836     
   4.80732666666667        5.10765958333333      -0.114104736949633     
   4.80732666666667        5.40799250000000      -0.104186960321113     
   4.80732666666667        5.70832541666667      -9.450027905541178E-002
   4.80732666666667        6.00865833333333      -8.522157254501499E-002
   4.80732666666667        6.30899125000000      -7.655743548066868E-002
   4.80732666666667        6.60932416666667      -6.860657484890685E-002
   4.80732666666667        6.90965708333333      -6.165747357307847E-002
   4.80732666666667        7.20999000000000      -5.651190185347214E-002
   5.10765958333333       2.000000000000000E-003 -0.601166860184309     
   5.10765958333333       0.302332916666667      -0.586381281955364     
   5.10765958333333       0.602665833333333      -0.546471140996005     
   5.10765958333333       0.902998750000000      -0.491651014576362     
   5.10765958333333        1.20333166666667      -0.431550335847323     
   5.10765958333333        1.50366458333333      -0.373931941489009     
   5.10765958333333        1.80399750000000      -0.323622784458190     
   5.10765958333333        2.10433041666667      -0.282620926215602     
   5.10765958333333        2.40466333333333      -0.250595227740360     
   5.10765958333333        2.70499625000000      -0.225664558113696     
   5.10765958333333        3.00532916666667      -0.205415927167569     
   5.10765958333333        3.30566208333333      -0.187849748642500     
   5.10765958333333        3.60599500000000      -0.171871698818010     
   5.10765958333333        3.90632791666667      -0.157214810479170     
   5.10765958333333        4.20666083333333      -0.143991067088439     
   5.10765958333333        4.50699375000000      -0.132214308282855     
   5.10765958333333        4.80732666666667      -0.121593457552532     
   5.10765958333333        5.10765958333333      -0.111675290584744     
   5.10765958333333        5.40799250000000      -0.102145979584987     
   5.10765958333333        5.70832541666667      -9.300149760480565E-002
   5.10765958333333        6.00865833333333      -8.445620204224862E-002
   5.10765958333333        6.30899125000000      -7.671405571188440E-002
   5.10765958333333        6.60932416666667      -6.984951487627955E-002
   5.10765958333333        6.90965708333333      -6.393770528618528E-002
   5.10765958333333        7.20999000000000      -5.903264885451970E-002
   5.40799250000000       2.000000000000000E-003 -0.463980674138136     
   5.40799250000000       0.302332916666667      -0.455800922157984     
   5.40799250000000       0.602665833333333      -0.433319824558750     
   5.40799250000000       0.902998750000000      -0.400680689358700     
   5.40799250000000        1.20333166666667      -0.363228460453506     
   5.40799250000000        1.50366458333333      -0.325353966789569     
   5.40799250000000        1.80399750000000      -0.290042121997074     
   5.40799250000000        2.10433041666667      -0.259583356030617     
   5.40799250000000        2.40466333333333      -0.234382243868580     
   5.40799250000000        2.70499625000000      -0.213515728709975     
   5.40799250000000        3.00532916666667      -0.195633114282222     
   5.40799250000000        3.30566208333333      -0.179656836822294     
   5.40799250000000        3.60599500000000      -0.165039168884331     
   5.40799250000000        3.90632791666667      -0.151641170062232     
   5.40799250000000        4.20666083333333      -0.139471040503461     
   5.40799250000000        4.50699375000000      -0.128449195058876     
   5.40799250000000        4.80732666666667      -0.118324339615447     
   5.40799250000000        5.10765958333333      -0.108799235300624     
   5.40799250000000        5.40799250000000      -9.973727527996569E-002
   5.40799250000000        5.70832541666667      -9.123651319370525E-002
   5.40799250000000        6.00865833333333      -8.348961686033934E-002
   5.40799250000000        6.30899125000000      -7.658650620879019E-002
   5.40799250000000        6.60932416666667      -7.054999565867782E-002
   5.40799250000000        6.90965708333333      -6.527040834929805E-002
   5.40799250000000        7.20999000000000      -6.061564150011964E-002
   5.70832541666667       2.000000000000000E-003 -0.370857980580094     
   5.70832541666667       0.302332916666667      -0.366593234814650     
   5.70832541666667       0.602665833333333      -0.354159757352922     
   5.70832541666667       0.902998750000000      -0.334882854610265     
   5.70832541666667        1.20333166666667      -0.311254738174102     
   5.70832541666667        1.50366458333333      -0.286050118340006     
   5.70832541666667        1.80399750000000      -0.261344331149136     
   5.70832541666667        2.10433041666667      -0.238385463950777     
   5.70832541666667        2.40466333333333      -0.217984548518359     
   5.70832541666667        2.70499625000000      -0.200008927463760     
   5.70832541666667        3.00532916666667      -0.184041115345069     
   5.70832541666667        3.30566208333333      -0.169796312579258     
   5.70832541666667        3.60599500000000      -0.157024200626906     
   5.70832541666667        3.90632791666667      -0.145343342092639     
   5.70832541666667        4.20666083333333      -0.134438694495490     
   5.70832541666667        4.50699375000000      -0.124190395032979     
   5.70832541666667        4.80732666666667      -0.114527273680951     
   5.70832541666667        5.10765958333333      -0.105389351364789     
   5.70832541666667        5.40799250000000      -9.683215261704305E-002
   5.70832541666667        5.70832541666667      -8.902137002164259E-002
   5.70832541666667        6.00865833333333      -8.202892513074038E-002
   5.70832541666667        6.30899125000000      -7.594398636092436E-002
   5.70832541666667        6.60932416666667      -7.067904236536790E-002
   5.70832541666667        6.90965708333333      -6.596199723865417E-002
   5.70832541666667        7.20999000000000      -6.157563935993259E-002
   6.00865833333333       2.000000000000000E-003 -0.307559184366160     
   6.00865833333333       0.302332916666667      -0.306030696039060     
   6.00865833333333       0.602665833333333      -0.300213080399264     
   6.00865833333333       0.902998750000000      -0.289024319963968     
   6.00865833333333        1.20333166666667      -0.273582706577075     
   6.00865833333333        1.50366458333333      -0.255799096084576     
   6.00865833333333        1.80399750000000      -0.237219551011416     
   6.00865833333333        2.10433041666667      -0.218833996441793     
   6.00865833333333        2.40466333333333      -0.201353537026624     
   6.00865833333333        2.70499625000000      -0.185116273243348     
   6.00865833333333        3.00532916666667      -0.170500916431401     
   6.00865833333333        3.30566208333333      -0.158185241491306     
   6.00865833333333        3.60599500000000      -0.148135014958326     
   6.00865833333333        3.90632791666667      -0.138866864333012     
   6.00865833333333        4.20666083333333      -0.129264714326225     
   6.00865833333333        4.50699375000000      -0.119555514987226     
   6.00865833333333        4.80732666666667      -0.110182561832959     
   6.00865833333333        5.10765958333333      -0.101363834703569     
   6.00865833333333        5.40799250000000      -9.328419822433499E-002
   6.00865833333333        5.70832541666667      -8.606393821465330E-002
   6.00865833333333        6.00865833333333      -7.979312220517545E-002
   6.00865833333333        6.30899125000000      -7.450997884891149E-002
   6.00865833333333        6.60932416666667      -6.998504048814272E-002
   6.00865833333333        6.90965708333333      -6.571839937979053E-002
   6.00865833333333        7.20999000000000      -6.150647370489524E-002
   6.30899125000000       2.000000000000000E-003 -0.263316945600504     
   6.30899125000000       0.302332916666667      -0.264649111860261     
   6.30899125000000       0.602665833333333      -0.263745748677253     
   6.30899125000000       0.902998750000000      -0.256999948185020     
   6.30899125000000        1.20333166666667      -0.245760647955916     
   6.30899125000000        1.50366458333333      -0.231908290214007     
   6.30899125000000        1.80399750000000      -0.216621326863743     
   6.30899125000000        2.10433041666667      -0.200635536091750     
   6.30899125000000        2.40466333333333      -0.184636462556417     
   6.30899125000000        2.70499625000000      -0.168866871377712     
   6.30899125000000        3.00532916666667      -0.154768486954810     
   6.30899125000000        3.30566208333333      -0.144884600229208     
   6.30899125000000        3.60599500000000      -0.138790127451915     
   6.30899125000000        3.90632791666667      -0.132747113871556     
   6.30899125000000        4.20666083333333      -0.124356278835648     
   6.30899125000000        4.50699375000000      -0.114638395749101     
   6.30899125000000        4.80732666666667      -0.105258077508409     
   6.30899125000000        5.10765958333333      -9.667530530439310E-002
   6.30899125000000        5.40799250000000      -8.900446063871918E-002
   6.30899125000000        5.70832541666667      -8.234898089780256E-002
   6.30899125000000        6.00865833333333      -7.673602635760390E-002
   6.30899125000000        6.30899125000000      -7.215579669546376E-002
   6.30899125000000        6.60932416666667      -6.826018267346513E-002
   6.30899125000000        6.90965708333333      -6.411848926199598E-002
   6.30899125000000        7.20999000000000      -5.965657634313078E-002
   6.60932416666667       2.000000000000000E-003 -0.230703746505328     
   6.60932416666667       0.302332916666667      -0.235762179945838     
   6.60932416666667       0.602665833333333      -0.237499063154732     
   6.60932416666667       0.902998750000000      -0.232376339022619     
   6.60932416666667        1.20333166666667      -0.223161765342122     
   6.60932416666667        1.50366458333333      -0.211439726247077     
   6.60932416666667        1.80399750000000      -0.198108782884356     
   6.60932416666667        2.10433041666667      -0.183702971851808     
   6.60932416666667        2.40466333333333      -0.168519338357664     
   6.60932416666667        2.70499625000000      -0.152603412926776     
   6.60932416666667        3.00532916666667      -0.139000977920090     
   6.60932416666667        3.30566208333333      -0.131512299570244     
   6.60932416666667        3.60599500000000      -0.130538588187015     
   6.60932416666667        3.90632791666667      -0.127625916819891     
   6.60932416666667        4.20666083333333      -0.119200718930264     
   6.60932416666667        4.50699375000000      -0.109009383630750     
   6.60932416666667        4.80732666666667      -9.962451103057494E-002
   6.60932416666667        5.10765958333333      -9.135552120456633E-002
   6.60932416666667        5.40799250000000      -8.421854978376780E-002
   6.60932416666667        5.70832541666667      -7.817646166716682E-002
   6.60932416666667        6.00865833333333      -7.314345749709759E-002
   6.60932416666667        6.30899125000000      -6.904685064287368E-002
   6.60932416666667        6.60932416666667      -6.562425145775662E-002
   6.60932416666667        6.90965708333333      -6.158925811942459E-002
   6.60932416666667        7.20999000000000      -5.631425756036176E-002
   6.90965708333333       2.000000000000000E-003 -0.212141184628312     
   6.90965708333333       0.302332916666667      -0.217624281709467     
   6.90965708333333       0.602665833333333      -0.214047656868806     
   6.90965708333333       0.902998750000000      -0.209705922792696     
   6.90965708333333        1.20333166666667      -0.202481765507098     
   6.90965708333333        1.50366458333333      -0.192580019486586     
   6.90965708333333        1.80399750000000      -0.180996720318549     
   6.90965708333333        2.10433041666667      -0.168315739538755     
   6.90965708333333        2.40466333333333      -0.154505635933477     
   6.90965708333333        2.70499625000000      -0.140076307434426     
   6.90965708333333        3.00532916666667      -0.127691715999558     
   6.90965708333333        3.30566208333333      -0.122396054795905     
   6.90965708333333        3.60599500000000      -0.126179357490754     
   6.90965708333333        3.90632791666667      -0.122567253511467     
   6.90965708333333        4.20666083333333      -0.112256419022731     
   6.90965708333333        4.50699375000000      -0.101910146103318     
   6.90965708333333        4.80732666666667      -9.315905772129535E-002
   6.90965708333333        5.10765958333333      -8.570002313251156E-002
   6.90965708333333        5.40799250000000      -7.933749298840947E-002
   6.90965708333333        5.70832541666667      -7.408708306846745E-002
   6.90965708333333        6.00865833333333      -6.969512040741313E-002
   6.90965708333333        6.30899125000000      -6.590078644206553E-002
   6.90965708333333        6.60932416666667      -6.260225961578288E-002
   6.90965708333333        6.90965708333333      -6.011351132733813E-002
   6.90965708333333        7.20999000000000      -5.708071394693790E-002
   7.20999000000000       2.000000000000000E-003 -0.204797312638894     
   7.20999000000000       0.302332916666667      -0.202145418128640     
   7.20999000000000       0.602665833333333      -0.193125529077331     
   7.20999000000000       0.902998750000000      -0.189190508927733     
   7.20999000000000        1.20333166666667      -0.183329552202779     
   7.20999000000000        1.50366458333333      -0.175066210873375     
   7.20999000000000        1.80399750000000      -0.165350317943179     
   7.20999000000000        2.10433041666667      -0.154927903777292     
   7.20999000000000        2.40466333333333      -0.144068822138654     
   7.20999000000000        2.70499625000000      -0.133682143662419     
   7.20999000000000        3.00532916666667      -0.125931515597679     
   7.20999000000000        3.30566208333333      -0.123636249895405     
   7.20999000000000        3.60599500000000      -0.123627130502368     
   7.20999000000000        3.90632791666667      -0.112671634775340     
   7.20999000000000        4.20666083333333      -0.102628450549882     
   7.20999000000000        4.50699375000000      -9.375855971284153E-002
   7.20999000000000        4.80732666666667      -8.641694506700727E-002
   7.20999000000000        5.10765958333333      -8.015565071031690E-002
   7.20999000000000        5.40799250000000      -7.483184927416481E-002
   7.20999000000000        5.70832541666667      -7.057812309402098E-002
   7.20999000000000        6.00865833333333      -6.712236667376634E-002
   7.20999000000000        6.30899125000000      -6.399751862280788E-002
   7.20999000000000        6.60932416666667      -6.095317322695176E-002
   7.20999000000000        6.90965708333333      -5.932713471290726E-002
   7.20999000000000        7.20999000000000      -5.922370154172581E-002
