  2.000000000000000E-003  2.000000000000000E-003 -0.538540397626242     
  2.000000000000000E-003  0.302332916666667      -0.660243188656265     
  2.000000000000000E-003  0.602665833333333      -0.640255739160201     
  2.000000000000000E-003  0.902998750000000      -0.494552788863091     
  2.000000000000000E-003   1.20333166666667      -0.354132608018476     
  2.000000000000000E-003   1.50366458333333      -0.246194021468079     
  2.000000000000000E-003   1.80399750000000      -0.168413468532084     
  2.000000000000000E-003   2.10433041666667      -0.114762001845578     
  2.000000000000000E-003   2.40466333333333      -7.733123737243089E-002
  2.000000000000000E-003   2.70499625000000      -5.229414537848268E-002
  2.000000000000000E-003   3.00532916666667      -3.986959383200624E-002
  2.000000000000000E-003   3.30566208333333      -3.679250317028823E-002
  2.000000000000000E-003   3.60599500000000      -4.156521881427645E-002
  2.000000000000000E-003   3.90632791666667      -1.351324059830383E-002
  2.000000000000000E-003   4.20666083333333       5.071670885337385E-003
  2.000000000000000E-003   4.50699375000000       5.854336411102135E-003
  2.000000000000000E-003   4.80732666666667       4.429796669318739E-004
  2.000000000000000E-003   5.10765958333333      -3.756511333564108E-003
  2.000000000000000E-003   5.40799250000000      -4.001814426575222E-003
  2.000000000000000E-003   5.70832541666667      -8.597526204061848E-004
  2.000000000000000E-003   6.00865833333333       6.735509727237680E-003
  2.000000000000000E-003   6.30899125000000       2.010802931412218E-002
  2.000000000000000E-003   6.60932416666667       3.674291094997739E-002
  2.000000000000000E-003   6.90965708333333       3.854938242177019E-002
  2.000000000000000E-003   7.20999000000000       2.604373681343561E-002
  0.302332916666667       2.000000000000000E-003 -0.660303065180490     
  0.302332916666667       0.302332916666667      -0.513818648076436     
  0.302332916666667       0.602665833333333      -0.491904031685964     
  0.302332916666667       0.902998750000000      -0.420700725258522     
  0.302332916666667        1.20333166666667      -0.320513175217017     
  0.302332916666667        1.50366458333333      -0.230984324055938     
  0.302332916666667        1.80399750000000      -0.161953300690689     
  0.302332916666667        2.10433041666667      -0.112808080400622     
  0.302332916666667        2.40466333333333      -7.816894599609243E-002
  0.302332916666667        2.70499625000000      -5.474178674417400E-002
  0.302332916666667        3.00532916666667      -4.436588613669455E-002
  0.302332916666667        3.30566208333333      -4.375415830971832E-002
  0.302332916666667        3.60599500000000      -4.191287110046565E-002
  0.302332916666667        3.90632791666667      -1.964134247699901E-002
  0.302332916666667        4.20666083333333      -1.666697867640201E-003
  0.302332916666667        4.50699375000000       1.527327368015096E-003
  0.302332916666667        4.80732666666667      -1.947808236138524E-003
  0.302332916666667        5.10765958333333      -4.799637658341654E-003
  0.302332916666667        5.40799250000000      -4.689756718361823E-003
  0.302332916666667        5.70832541666667      -1.787904766982280E-003
  0.302332916666667        6.00865833333333       4.652352265125042E-003
  0.302332916666667        6.30899125000000       1.484196678178532E-002
  0.302332916666667        6.60932416666667       2.490478658291625E-002
  0.302332916666667        6.90965708333333       2.581979845628502E-002
  0.302332916666667        7.20999000000000       2.881631586539789E-002
  0.602665833333333       2.000000000000000E-003 -0.640340227246295     
  0.602665833333333       0.302332916666667      -0.491949141359774     
  0.602665833333333       0.602665833333333      -0.365772877429629     
  0.602665833333333       0.902998750000000      -0.311722532134851     
  0.602665833333333        1.20333166666667      -0.256058841479538     
  0.602665833333333        1.50366458333333      -0.197765138200677     
  0.602665833333333        1.80399750000000      -0.146640597898157     
  0.602665833333333        2.10433041666667      -0.107385237718005     
  0.602665833333333        2.40466333333333      -7.922734815929600E-002
  0.602665833333333        2.70499625000000      -5.933968916848129E-002
  0.602665833333333        3.00532916666667      -5.099958688722720E-002
  0.602665833333333        3.30566208333333      -4.982143204065018E-002
  0.602665833333333        3.60599500000000      -4.478154117407926E-002
  0.602665833333333        3.90632791666667      -2.895444304811051E-002
  0.602665833333333        4.20666083333333      -1.386328774771797E-002
  0.602665833333333        4.50699375000000      -7.544384239699704E-003
  0.602665833333333        4.80732666666667      -7.168510339062306E-003
  0.602665833333333        5.10765958333333      -7.182655038516470E-003
  0.602665833333333        5.40799250000000      -6.248565527093653E-003
  0.602665833333333        5.70832541666667      -3.708755498034743E-003
  0.602665833333333        6.00865833333333       8.478028987804129E-004
  0.602665833333333        6.30899125000000       6.945885617427237E-003
  0.602665833333333        6.60932416666667       1.272217206899558E-002
  0.602665833333333        6.90965708333333       1.855097871076628E-002
  0.602665833333333        7.20999000000000       2.514737433997496E-002
  0.902998750000000       2.000000000000000E-003 -0.494601053821209     
  0.902998750000000       0.302332916666667      -0.420736191006688     
  0.902998750000000       0.602665833333333      -0.311737908025951     
  0.902998750000000       0.902998750000000      -0.247348278063624     
  0.902998750000000        1.20333166666667      -0.204298264901939     
  0.902998750000000        1.50366458333333      -0.165261712529029     
  0.902998750000000        1.80399750000000      -0.129458192872780     
  0.902998750000000        2.10433041666667      -0.100216920215697     
  0.902998750000000        2.40466333333333      -7.796034540134703E-002
  0.902998750000000        2.70499625000000      -6.219377545590024E-002
  0.902998750000000        3.00532916666667      -5.380718384025693E-002
  0.902998750000000        3.30566208333333      -5.011377160132323E-002
  0.902998750000000        3.60599500000000      -4.433288975919825E-002
  0.902998750000000        3.90632791666667      -3.353085677439293E-002
  0.902998750000000        4.20666083333333      -2.232878783596286E-002
  0.902998750000000        4.50699375000000      -1.535008285152678E-002
  0.902998750000000        4.80732666666667      -1.181712890864423E-002
  0.902998750000000        5.10765958333333      -9.674556499990886E-003
  0.902998750000000        5.40799250000000      -7.901094593473611E-003
  0.902998750000000        5.70832541666667      -5.442480290053833E-003
  0.902998750000000        6.00865833333333      -1.897857690420382E-003
  0.902998750000000        6.30899125000000       2.610458138669912E-003
  0.902998750000000        6.60932416666667       7.813376158949229E-003
  0.902998750000000        6.90965708333333       1.379561166091421E-002
  0.902998750000000        7.20999000000000       1.778010324621457E-002
   1.20333166666667       2.000000000000000E-003 -0.354174929294959     
   1.20333166666667       0.302332916666667      -0.320551546357517     
   1.20333166666667       0.602665833333333      -0.256089095445674     
   1.20333166666667       0.902998750000000      -0.204316619822070     
   1.20333166666667        1.20333166666667      -0.168557783026193     
   1.20333166666667        1.50366458333333      -0.139665336233677     
   1.20333166666667        1.80399750000000      -0.113912950164629     
   1.20333166666667        2.10433041666667      -9.200669802573980E-002
   1.20333166666667        2.40466333333333      -7.442842685629583E-002
   1.20333166666667        2.70499625000000      -6.158663430717921E-002
   1.20333166666667        3.00532916666667      -5.321678183714534E-002
   1.20333166666667        3.30566208333333      -4.769420685339233E-002
   1.20333166666667        3.60599500000000      -4.183244587090745E-002
   1.20333166666667        3.90632791666667      -3.402193706880503E-002
   1.20333166666667        4.20666083333333      -2.588212490486717E-002
   1.20333166666667        4.50699375000000      -1.934481773995574E-002
   1.20333166666667        4.80732666666667      -1.470239250553962E-002
   1.20333166666667        5.10765958333333      -1.149791366807235E-002
   1.20333166666667        5.40799250000000      -9.078658472307930E-003
   1.20333166666667        5.70832541666667      -6.506593785506776E-003
   1.20333166666667        6.00865833333333      -3.289107429699841E-003
   1.20333166666667        6.30899125000000       6.264247440467482E-004
   1.20333166666667        6.60932416666667       5.081596833666052E-003
   1.20333166666667        6.90965708333333       9.405784330889535E-003
   1.20333166666667        7.20999000000000       1.171517458219786E-002
   1.50366458333333       2.000000000000000E-003 -0.246254950307211     
   1.50366458333333       0.302332916666667      -0.231042818832268     
   1.50366458333333       0.602665833333333      -0.197818065188900     
   1.50366458333333       0.902998750000000      -0.165303894279658     
   1.50366458333333        1.20333166666667      -0.139689578507040     
   1.50366458333333        1.50366458333333      -0.118605221816011     
   1.50366458333333        1.80399750000000      -9.989646355895912E-002
   1.50366458333333        2.10433041666667      -8.335197493982063E-002
   1.50366458333333        2.40466333333333      -6.952080520643145E-002
   1.50366458333333        2.70499625000000      -5.875279350016859E-002
   1.50366458333333        3.00532916666667      -5.079303350263889E-002
   1.50366458333333        3.30566208333333      -4.463113489699187E-002
   1.50366458333333        3.60599500000000      -3.885684155701637E-002
   1.50366458333333        3.90632791666667      -3.265113528808070E-002
   1.50366458333333        4.20666083333333      -2.631665931295418E-002
   1.50366458333333        4.50699375000000      -2.061156042187787E-002
   1.50366458333333        4.80732666666667      -1.599024695206082E-002
   1.50366458333333        5.10765958333333      -1.244176312414086E-002
   1.50366458333333        5.40799250000000      -9.610862032567162E-003
   1.50366458333333        5.70832541666667      -6.949140862548406E-003
   1.50366458333333        6.00865833333333      -3.905099198397917E-003
   1.50366458333333        6.30899125000000      -4.471336336390186E-004
   1.50366458333333        6.60932416666667       3.145011947970166E-003
   1.50366458333333        6.90965708333333       6.212690864534291E-003
   1.50366458333333        7.20999000000000       7.824335200818237E-003
   1.80399750000000       2.000000000000000E-003 -0.168495004470371     
   1.80399750000000       0.302332916666667      -0.162032570074587     
   1.80399750000000       0.602665833333333      -0.146715293213245     
   1.80399750000000       0.902998750000000      -0.129523682844091     
   1.80399750000000        1.20333166666667      -0.113962249797071     
   1.80399750000000        1.50366458333333      -9.992303322158608E-002
   1.80399750000000        1.80399750000000      -8.673147185725701E-002
   1.80399750000000        2.10433041666667      -7.456012515530958E-002
   1.80399750000000        2.40466333333333      -6.381859721761862E-002
   1.80399750000000        2.70499625000000      -5.482300226875530E-002
   1.80399750000000        3.00532916666667      -4.754173225338762E-002
   1.80399750000000        3.30566208333333      -4.151021995740144E-002
   1.80399750000000        3.60599500000000      -3.604309485125635E-002
   1.80399750000000        3.90632791666667      -3.065845499287989E-002
   1.80399750000000        4.20666083333333      -2.533805129272134E-002
   1.80399750000000        4.50699375000000      -2.038894641891640E-002
   1.80399750000000        4.80732666666667      -1.611791776643511E-002
   1.80399750000000        5.10765958333333      -1.260600625895775E-002
   1.80399750000000        5.40799250000000      -9.666232523702904E-003
   1.80399750000000        5.70832541666667      -6.951016967077912E-003
   1.80399750000000        6.00865833333333      -4.122135042343772E-003
   1.80399750000000        6.30899125000000      -1.060457320302207E-003
   1.80399750000000        6.60932416666667       1.944425531252167E-003
   1.80399750000000        6.90965708333333       4.393515774463360E-003
   1.80399750000000        7.20999000000000       5.772120112228607E-003
   2.10433041666667       2.000000000000000E-003 -0.114850510167476     
   2.10433041666667       0.302332916666667      -0.112895003516029     
   2.10433041666667       0.602665833333333      -0.107471032506042     
   2.10433041666667       0.902998750000000      -0.100298029469115     
   2.10433041666667        1.20333166666667      -9.207698417471492E-002
   2.10433041666667        1.50366458333333      -8.340376332349460E-002
   2.10433041666667        1.80399750000000      -7.458715217298222E-002
   2.10433041666667        2.10433041666667      -6.588941179484843E-002
   2.10433041666667        2.40466333333333      -5.764690214705959E-002
   2.10433041666667        2.70499625000000      -5.019636655926780E-002
   2.10433041666667        3.00532916666667      -4.370795899916383E-002
   2.10433041666667        3.30566208333333      -3.808102353184380E-002
   2.10433041666667        3.60599500000000      -3.301647269378289E-002
   2.10433041666667        3.90632791666667      -2.822922288631741E-002
   2.10433041666667        4.20666083333333      -2.362830503708197E-002
   2.10433041666667        4.50699375000000      -1.932618343781968E-002
   2.10433041666667        4.80732666666667      -1.550022828577068E-002
   2.10433041666667        5.10765958333333      -1.222921180565363E-002
   2.10433041666667        5.40799250000000      -9.413688567108777E-003
   2.10433041666667        5.70832541666667      -6.819623040871603E-003
   2.10433041666667        6.00865833333333      -4.203312599239956E-003
   2.10433041666667        6.30899125000000      -1.444635947683806E-003
   2.10433041666667        6.60932416666667       1.338494569145933E-003
   2.10433041666667        6.90965708333333       3.689196500252818E-003
   2.10433041666667        7.20999000000000       5.100724645459099E-003
   2.40466333333333       2.000000000000000E-003 -7.740591620060253E-002
   2.40466333333333       0.302332916666667      -7.824510857006767E-002
   2.40466333333333       0.602665833333333      -7.931090796882061E-002
   2.40466333333333       0.902998750000000      -7.804959605361088E-002
   2.40466333333333        1.20333166666667      -7.451482166425741E-002
   2.40466333333333        1.50366458333333      -6.959362815823641E-002
   2.40466333333333        1.80399750000000      -6.386915856384713E-002
   2.40466333333333        2.10433041666667      -5.767129481155728E-002
   2.40466333333333        2.40466333333333      -5.131467444553427E-002
   2.40466333333333        2.70499625000000      -4.515432006927948E-002
   2.40466333333333        3.00532916666667      -3.948025541834656E-002
   2.40466333333333        3.30566208333333      -3.439725818540368E-002
   2.40466333333333        3.60599500000000      -2.981748780250242E-002
   2.40466333333333        3.90632791666667      -2.557738433015134E-002
   2.40466333333333        4.20666083333333      -2.157959921968693E-002
   2.40466333333333        4.50699375000000      -1.785249822869553E-002
   2.40466333333333        4.80732666666667      -1.449878570716904E-002
   2.40466333333333        5.10765958333333      -1.158506358437585E-002
   2.40466333333333        5.40799250000000      -9.057769546263722E-003
   2.40466333333333        5.70832541666667      -6.743356078741273E-003
   2.40466333333333        6.00865833333333      -4.412901304318399E-003
   2.40466333333333        6.30899125000000      -1.849345230381804E-003
   2.40466333333333        6.60932416666667       1.056772910341117E-003
   2.40466333333333        6.90965708333333       3.960894888066561E-003
   2.40466333333333        7.20999000000000       5.689365300838295E-003
   2.70499625000000       2.000000000000000E-003 -5.233955803035249E-002
   2.70499625000000       0.302332916666667      -5.479305485500107E-002
   2.70499625000000       0.602665833333333      -5.941124563469698E-002
   2.70499625000000       0.902998750000000      -6.228528333020242E-002
   2.70499625000000        1.20333166666667      -6.168432863704047E-002
   2.70499625000000        1.50366458333333      -5.884118326418426E-002
   2.70499625000000        1.80399750000000      -5.489097648841773E-002
   2.70499625000000        2.10433041666667      -5.023879852858967E-002
   2.70499625000000        2.40466333333333      -4.517242213611276E-002
   2.70499625000000        2.70499625000000      -4.003037253451067E-002
   2.70499625000000        3.00532916666667      -3.513436675100844E-002
   2.70499625000000        3.30566208333333      -3.066769515925205E-002
   2.70499625000000        3.60599500000000      -2.663500108366535E-002
   2.70499625000000        3.90632791666667      -2.293513497828973E-002
   2.70499625000000        4.20666083333333      -1.948069881439341E-002
   2.70499625000000        4.50699375000000      -1.627329809362077E-002
   2.70499625000000        4.80732666666667      -1.338871577308313E-002
   2.70499625000000        5.10765958333333      -1.089324533414500E-002
   2.70499625000000        5.40799250000000      -8.762817438512803E-003
   2.70499625000000        5.70832541666667      -6.862417561608949E-003
   2.70499625000000        6.00865833333333      -4.957358226587221E-003
   2.70499625000000        6.30899125000000      -2.632670004698311E-003
   2.70499625000000        6.60932416666667       6.887764326380880E-004
   2.70499625000000        6.90965708333333       4.570470929010607E-003
   2.70499625000000        7.20999000000000       6.887569312664985E-003
   3.00532916666667       2.000000000000000E-003 -3.990232403837891E-002
   3.00532916666667       0.302332916666667      -4.440498702709460E-002
   3.00532916666667       0.602665833333333      -5.106643769252880E-002
   3.00532916666667       0.902998750000000      -5.390292458692230E-002
   3.00532916666667        1.20333166666667      -5.332474369329530E-002
   3.00532916666667        1.50366458333333      -5.089295854607664E-002
   3.00532916666667        1.80399750000000      -4.762090963845252E-002
   3.00532916666667        2.10433041666667      -4.376095692053612E-002
   3.00532916666667        2.40466333333333      -3.950831400699927E-002
   3.00532916666667        2.70499625000000      -3.514390135933914E-002
   3.00532916666667        3.00532916666667      -3.095405192692796E-002
   3.00532916666667        3.30566208333333      -2.711359807129586E-002
   3.00532916666667        3.60599500000000      -2.364296028468549E-002
   3.00532916666667        3.90632791666667      -2.046373043619163E-002
   3.00532916666667        4.20666083333333      -1.750051081264015E-002
   3.00532916666667        4.50699375000000      -1.475835769849583E-002
   3.00532916666667        4.80732666666667      -1.231657180905357E-002
   3.00532916666667        5.10765958333333      -1.025142474613961E-002
   3.00532916666667        5.40799250000000      -8.564706197147248E-003
   3.00532916666667        5.70832541666667      -7.175968233597540E-003
   3.00532916666667        6.00865833333333      -5.945096320617486E-003
   3.00532916666667        6.30899125000000      -4.420118662520451E-003
   3.00532916666667        6.60932416666667      -1.399868846642476E-003
   3.00532916666667        6.90965708333333       3.565629116049488E-003
   3.00532916666667        7.20999000000000       7.032972576397535E-003
   3.30566208333333       2.000000000000000E-003 -3.688809518360818E-002
   3.30566208333333       0.302332916666667      -4.383961081813505E-002
   3.30566208333333       0.602665833333333      -4.991988171102921E-002
   3.30566208333333       0.902998750000000      -5.023219816565835E-002
   3.30566208333333        1.20333166666667      -4.781789450034959E-002
   3.30566208333333        1.50366458333333      -4.474167981769141E-002
   3.30566208333333        1.80399750000000      -4.159646338595172E-002
   3.30566208333333        2.10433041666667      -3.813864700267980E-002
   3.30566208333333        2.40466333333333      -3.442820144702616E-002
   3.30566208333333        2.70499625000000      -3.067885837211744E-002
   3.30566208333333        3.00532916666667      -2.711448452839416E-002
   3.30566208333333        3.30566208333333      -2.385923891074638E-002
   3.30566208333333        3.60599500000000      -2.091405772876646E-002
   3.30566208333333        3.90632791666667      -1.820783837674789E-002
   3.30566208333333        4.20666083333333      -1.567822581200009E-002
   3.30566208333333        4.50699375000000      -1.334514962759152E-002
   3.30566208333333        4.80732666666667      -1.130072468432753E-002
   3.30566208333333        5.10765958333333      -9.628988313313847E-003
   3.30566208333333        5.40799250000000      -8.349488613689620E-003
   3.30566208333333        5.70832541666667      -7.451964752663747E-003
   3.30566208333333        6.00865833333333      -7.049151285100780E-003
   3.30566208333333        6.30899125000000      -6.814615864442378E-003
   3.30566208333333        6.60932416666667      -5.354469925818388E-003
   3.30566208333333        6.90965708333333      -7.733173895853665E-004
   3.30566208333333        7.20999000000000       4.029189537246968E-003
   3.60599500000000       2.000000000000000E-003 -4.172740754140517E-002
   3.60599500000000       0.302332916666667      -4.209015694332877E-002
   3.60599500000000       0.602665833333333      -4.495059541180221E-002
   3.60599500000000       0.902998750000000      -4.449370919963971E-002
   3.60599500000000        1.20333166666667      -4.197884264725513E-002
   3.60599500000000        1.50366458333333      -3.897884308768394E-002
   3.60599500000000        1.80399750000000      -3.613481479753696E-002
   3.60599500000000        2.10433041666667      -3.307575859312514E-002
   3.60599500000000        2.40466333333333      -2.984728572610431E-002
   3.60599500000000        2.70499625000000      -2.664276920270493E-002
   3.60599500000000        3.00532916666667      -2.363873589991502E-002
   3.60599500000000        3.30566208333333      -2.090799687219023E-002
   3.60599500000000        3.60599500000000      -1.842654376260470E-002
   3.60599500000000        3.90632791666667      -1.612985340231534E-002
   3.60599500000000        4.20666083333333      -1.397361613768771E-002
   3.60599500000000        4.50699375000000      -1.199478279958787E-002
   3.60599500000000        4.80732666666667      -1.029046155909003E-002
   3.60599500000000        5.10765958333333      -8.935890042463744E-003
   3.60599500000000        5.40799250000000      -7.941878843763170E-003
   3.60599500000000        5.70832541666667      -7.318023799931114E-003
   3.60599500000000        6.00865833333333      -7.296283598059582E-003
   3.60599500000000        6.30899125000000      -7.629641801161139E-003
   3.60599500000000        6.60932416666667      -7.229070011916375E-003
   3.60599500000000        6.90965708333333      -4.400644037129397E-003
   3.60599500000000        7.20999000000000      -5.657270351607812E-004
   3.90632791666667       2.000000000000000E-003 -1.376748181870237E-002
   3.90632791666667       0.302332916666667      -1.990470369766802E-002
   3.90632791666667       0.602665833333333      -2.919080482970979E-002
   3.90632791666667       0.902998750000000      -3.373216404890756E-002
   3.90632791666667        1.20333166666667      -3.418926112479011E-002
   3.90632791666667        1.50366458333333      -3.278393154537141E-002
   3.90632791666667        1.80399750000000      -3.075547962449752E-002
   3.90632791666667        2.10433041666667      -2.828997816479808E-002
   3.90632791666667        2.40466333333333      -2.560539439849643E-002
   3.90632791666667        2.70499625000000      -2.293811771421240E-002
   3.90632791666667        3.00532916666667      -2.045214315457074E-002
   3.90632791666667        3.30566208333333      -1.819263892688605E-002
   3.90632791666667        3.60599500000000      -1.611996210020625E-002
   3.90632791666667        3.90632791666667      -1.417669359141370E-002
   3.90632791666667        4.20666083333333      -1.234348328659322E-002
   3.90632791666667        4.50699375000000      -1.067239707911204E-002
   3.90632791666667        4.80732666666667      -9.250650474021793E-003
   3.90632791666667        5.10765958333333      -8.124214253934798E-003
   3.90632791666667        5.40799250000000      -7.263410363654937E-003
   3.90632791666667        5.70832541666667      -6.610100397179009E-003
   3.90632791666667        6.00865833333333      -6.198799307116168E-003
   3.90632791666667        6.30899125000000      -5.587887093819048E-003
   3.90632791666667        6.60932416666667      -3.400720918922563E-003
   3.90632791666667        6.90965708333333       1.724839305572567E-003
   3.90632791666667        7.20999000000000       5.975540690202426E-003
   4.20666083333333       2.000000000000000E-003  4.775962753161103E-003
   4.20666083333333       0.302332916666667      -1.959307855026858E-003
   4.20666083333333       0.602665833333333      -1.412219396722847E-002
   4.20666083333333       0.902998750000000      -2.254571925056393E-002
   4.20666083333333        1.20333166666667      -2.605908503463487E-002
   4.20666083333333        1.50366458333333      -2.645672134366360E-002
   4.20666083333333        1.80399750000000      -2.544016440006436E-002
   4.20666083333333        2.10433041666667      -2.369182180102035E-002
   4.20666083333333        2.40466333333333      -2.160758671870678E-002
   4.20666083333333        2.70499625000000      -1.948056738294102E-002
   4.20666083333333        3.00532916666667      -1.748296379980245E-002
   4.20666083333333        3.30566208333333      -1.565510541746768E-002
   4.20666083333333        3.60599500000000      -1.395504154510056E-002
   4.20666083333333        3.90632791666667      -1.233490873171115E-002
   4.20666083333333        4.20666083333333      -1.079677523551612E-002
   4.20666083333333        4.50699375000000      -9.400209397199258E-003
   4.20666083333333        4.80732666666667      -8.212778213386982E-003
   4.20666083333333        5.10765958333333      -7.243261375857443E-003
   4.20666083333333        5.40799250000000      -6.414407291422229E-003
   4.20666083333333        5.70832541666667      -5.584579589796195E-003
   4.20666083333333        6.00865833333333      -4.542230795441447E-003
   4.20666083333333        6.30899125000000      -2.696124371592848E-003
   4.20666083333333        6.60932416666667       1.080997844095482E-003
   4.20666083333333        6.90965708333333       6.722522733297336E-003
   4.20666083333333        7.20999000000000       1.000370809032750E-002
   4.50699375000000       2.000000000000000E-003  5.590353866419796E-003
   4.50699375000000       0.302332916666667       1.266637184443846E-003
   4.50699375000000       0.602665833333333      -7.781362574089824E-003
   4.50699375000000       0.902998750000000      -1.555542977432383E-002
   4.50699375000000        1.20333166666667      -1.951914336615233E-002
   4.50699375000000        1.50366458333333      -2.075368790857748E-002
   4.50699375000000        1.80399750000000      -2.049510931226189E-002
   4.50699375000000        2.10433041666667      -1.939389231213698E-002
   4.50699375000000        2.40466333333333      -1.788326558685834E-002
   4.50699375000000        2.70499625000000      -1.627362657069497E-002
   4.50699375000000        3.00532916666667      -1.473906637291360E-002
   4.50699375000000        3.30566208333333      -1.331916015985018E-002
   4.50699375000000        3.60599500000000      -1.197371145554004E-002
   4.50699375000000        3.90632791666667      -1.066275784933972E-002
   4.50699375000000        4.20666083333333      -9.400483617403966E-003
   4.50699375000000        4.50699375000000      -8.247577901446656E-003
   4.50699375000000        4.80732666666667      -7.254355662879699E-003
   4.50699375000000        5.10765958333333      -6.402763883117949E-003
   4.50699375000000        5.40799250000000      -5.589993258579085E-003
   4.50699375000000        5.70832541666667      -4.649563481146307E-003
   4.50699375000000        6.00865833333333      -3.344134475217227E-003
   4.50699375000000        6.30899125000000      -1.222797330828336E-003
   4.50699375000000        6.60932416666667       2.274762117226873E-003
   4.50699375000000        6.90965708333333       6.349079035731159E-003
   4.50699375000000        7.20999000000000       8.413634784590151E-003
   4.80732666666667       2.000000000000000E-003  2.399512948182718E-004
   4.80732666666667       0.302332916666667      -2.150154802007889E-003
   4.80732666666667       0.602665833333333      -7.361722223179278E-003
   4.80732666666667       0.902998750000000      -1.199703173944759E-002
   4.80732666666667        1.20333166666667      -1.486491197210656E-002
   4.80732666666667        1.50366458333333      -1.612921504933319E-002
   4.80732666666667        1.80399750000000      -1.622632382903541E-002
   4.80732666666667        2.10433041666667      -1.557291330757895E-002
   4.80732666666667        2.40466333333333      -1.453500686762208E-002
   4.80732666666667        2.70499625000000      -1.339367443764887E-002
   4.80732666666667        3.00532916666667      -1.230122651873087E-002
   4.80732666666667        3.30566208333333      -1.127944258857605E-002
   4.80732666666667        3.60599500000000      -1.027675894137922E-002
   4.80732666666667        3.90632791666667      -9.252227056205547E-003
   4.80732666666667        4.20666083333333      -8.227823943533304E-003
   4.80732666666667        4.50699375000000      -7.271070727539186E-003
   4.80732666666667        4.80732666666667      -6.431041207103406E-003
   4.80732666666667        5.10765958333333      -5.684468601411449E-003
   4.80732666666667        5.40799250000000      -4.931218358420772E-003
   4.80732666666667        5.70832541666667      -4.032323896893055E-003
   4.80732666666667        6.00865833333333      -2.843935745080631E-003
   4.80732666666667        6.30899125000000      -1.215727421699372E-003
   4.80732666666667        6.60932416666667       9.479022772648960E-004
   4.80732666666667        6.90965708333333       3.274356910931954E-003
   4.80732666666667        7.20999000000000       4.460284666775042E-003
   5.10765958333333       2.000000000000000E-003 -3.894416137621735E-003
   5.10765958333333       0.302332916666667      -4.940703984809658E-003
   5.10765958333333       0.602665833333333      -7.328403893099143E-003
   5.10765958333333       0.902998750000000      -9.823424212615721E-003
   5.10765958333333        1.20333166666667      -1.164308109992079E-002
   5.10765958333333        1.50366458333333      -1.257370654939689E-002
   5.10765958333333        1.80399750000000      -1.271479396367644E-002
   5.10765958333333        2.10433041666667      -1.230692575450313E-002
   5.10765958333333        2.40466333333333      -1.162852364597886E-002
   5.10765958333333        2.70499625000000      -1.090629779946843E-002
   5.10765958333333        3.00532916666667      -1.024544788847901E-002
   5.10765958333333        3.30566208333333      -9.620394865240177E-003
   5.10765958333333        3.60599500000000      -8.940611410066957E-003
   5.10765958333333        3.90632791666667      -8.151075389472542E-003
   5.10765958333333        4.20666083333333      -7.289478122122782E-003
   5.10765958333333        4.50699375000000      -6.454075700840093E-003
   5.10765958333333        4.80732666666667      -5.720040100347034E-003
   5.10765958333333        5.10765958333333      -5.079693416048340E-003
   5.10765958333333        5.40799250000000      -4.448534503062797E-003
   5.10765958333333        5.70832541666667      -3.724940279799334E-003
   5.10765958333333        6.00865833333333      -2.856752510889099E-003
   5.10765958333333        6.30899125000000      -1.871128406388688E-003
   5.10765958333333        6.60932416666667      -8.654834253745839E-004
   5.10765958333333        6.90965708333333      -1.936453247913176E-005
   5.10765958333333        7.20999000000000       4.287235434831998E-004
   5.40799250000000       2.000000000000000E-003 -4.087304528126553E-003
   5.40799250000000       0.302332916666667      -4.780532983894078E-003
   5.40799250000000       0.602665833333333      -6.353144309919685E-003
   5.40799250000000       0.902998750000000      -8.020040026845365E-003
   5.40799250000000        1.20333166666667      -9.205586613449487E-003
   5.40799250000000        1.50366458333333      -9.734714445180235E-003
   5.40799250000000        1.80399750000000      -9.774562674321070E-003
   5.40799250000000        2.10433041666667      -9.496201718422853E-003
   5.40799250000000        2.40466333333333      -9.109029313837134E-003
   5.40799250000000        2.70499625000000      -8.785446366822828E-003
   5.40799250000000        3.00532916666667      -8.571017946244562E-003
   5.40799250000000        3.30566208333333      -8.359065970719781E-003
   5.40799250000000        3.60599500000000      -7.974134378001575E-003
   5.40799250000000        3.90632791666667      -7.328094403335785E-003
   5.40799250000000        4.20666083333333      -6.506130701772271E-003
   5.40799250000000        4.50699375000000      -5.690169168256129E-003
   5.40799250000000        4.80732666666667      -5.015488756440090E-003
   5.40799250000000        5.10765958333333      -4.495835028787743E-003
   5.40799250000000        5.40799250000000      -4.047910506253425E-003
   5.40799250000000        5.70832541666667      -3.579971895837314E-003
   5.40799250000000        6.00865833333333      -3.092323365618439E-003
   5.40799250000000        6.30899125000000      -2.710950024143747E-003
   5.40799250000000        6.60932416666667      -2.629580340314807E-003
   5.40799250000000        6.90965708333333      -2.809307671121271E-003
   5.40799250000000        7.20999000000000      -2.903454211434140E-003
   5.70832541666667       2.000000000000000E-003 -9.078700620856108E-004
   5.70832541666667       0.302332916666667      -1.843705566007332E-003
   5.70832541666667       0.602665833333333      -3.785464355077629E-003
   5.70832541666667       0.902998750000000      -5.541599710300821E-003
   5.70832541666667        1.20333166666667      -6.621187242806829E-003
   5.70832541666667        1.50366458333333      -7.067710461414381E-003
   5.70832541666667        1.80399750000000      -7.059970781683861E-003
   5.70832541666667        2.10433041666667      -6.907035796326740E-003
   5.70832541666667        2.40466333333333      -6.801695686737722E-003
   5.70832541666667        2.70499625000000      -6.892712921613361E-003
   5.70832541666667        3.00532916666667      -7.191799534555536E-003
   5.70832541666667        3.30566208333333      -7.478690675114839E-003
   5.70832541666667        3.60599500000000      -7.382204202374878E-003
   5.70832541666667        3.90632791666667      -6.722539548920566E-003
   5.70832541666667        4.20666083333333      -5.733011779741478E-003
   5.70832541666667        4.50699375000000      -4.806915417190490E-003
   5.70832541666667        4.80732666666667      -4.169264971626754E-003
   5.70832541666667        5.10765958333333      -3.819411769121167E-003
   5.70832541666667        5.40799250000000      -3.623436357756106E-003
   5.70832541666667        5.70832541666667      -3.424906430767925E-003
   5.70832541666667        6.00865833333333      -3.188422329362239E-003
   5.70832541666667        6.30899125000000      -3.251078618997935E-003
   5.70832541666667        6.60932416666667      -4.029781508469556E-003
   5.70832541666667        6.90965708333333      -5.339944235111686E-003
   5.70832541666667        7.20999000000000      -6.091961603495242E-003
   6.00865833333333       2.000000000000000E-003  6.699963848995693E-003
   6.00865833333333       0.302332916666667       4.607461359209739E-003
   6.00865833333333       0.602665833333333       7.794941047580412E-004
   6.00865833333333       0.902998750000000      -1.988778394458360E-003
   6.00865833333333        1.20333166666667      -3.397255386647417E-003
   6.00865833333333        1.50366458333333      -4.021913010342191E-003
   6.00865833333333        1.80399750000000      -4.234538378941208E-003
   6.00865833333333        2.10433041666667      -4.296636429970205E-003
   6.00865833333333        2.40466333333333      -4.476786287893943E-003
   6.00865833333333        2.70499625000000      -4.988629497190703E-003
   6.00865833333333        3.00532916666667      -5.956385711918671E-003
   6.00865833333333        3.30566208333333      -7.077631053734818E-003
   6.00865833333333        3.60599500000000      -7.390467466897508E-003
   6.00865833333333        3.90632791666667      -6.372831940423831E-003
   6.00865833333333        4.20666083333333      -4.762135769195834E-003
   6.00865833333333        4.50699375000000      -3.563918145762357E-003
   6.00865833333333        4.80732666666667      -3.029173666557210E-003
   6.00865833333333        5.10765958333333      -2.987161851798202E-003
   6.00865833333333        5.40799250000000      -3.162697344254072E-003
   6.00865833333333        5.70832541666667      -3.210903397836811E-003
   6.00865833333333        6.00865833333333      -3.071549102450809E-003
   6.00865833333333        6.30899125000000      -3.224055265559571E-003
   6.00865833333333        6.60932416666667      -4.602132553690612E-003
   6.00865833333333        6.90965708333333      -7.349392579916306E-003
   6.00865833333333        7.20999000000000      -9.066155944228641E-003
   6.30899125000000       2.000000000000000E-003  2.004599211908195E-002
   6.30899125000000       0.302332916666667       1.477053999551288E-002
   6.30899125000000       0.602665833333333       6.864069939765370E-003
   6.30899125000000       0.902998750000000       2.522350459796435E-003
   6.30899125000000        1.20333166666667       5.256000571436294E-004
   6.30899125000000        1.50366458333333      -5.614280319950760E-004
   6.30899125000000        1.80399750000000      -1.177752061757963E-003
   6.30899125000000        2.10433041666667      -1.546612097116189E-003
   6.30899125000000        2.40466333333333      -1.918761928919913E-003
   6.30899125000000        2.70499625000000      -2.654454488230225E-003
   6.30899125000000        3.00532916666667      -4.401423661932686E-003
   6.30899125000000        3.30566208333333      -6.820075914747186E-003
   6.30899125000000        3.60599500000000      -7.748000345332679E-003
   6.30899125000000        3.90632791666667      -5.842350963242733E-003
   6.30899125000000        4.20666083333333      -3.015071350112664E-003
   6.30899125000000        4.50699375000000      -1.514936295089899E-003
   6.30899125000000        4.80732666666667      -1.439843379485497E-003
   6.30899125000000        5.10765958333333      -2.019137068832380E-003
   6.30899125000000        5.40799250000000      -2.785482278808359E-003
   6.30899125000000        5.70832541666667      -3.270308957887995E-003
   6.30899125000000        6.00865833333333      -3.217839006226420E-003
   6.30899125000000        6.30899125000000      -2.893382016551450E-003
   6.30899125000000        6.60932416666667      -3.818776850421595E-003
   6.30899125000000        6.90965708333333      -7.980346308842968E-003
   6.30899125000000        7.20999000000000      -1.134967236072438E-002
   6.60932416666667       2.000000000000000E-003  3.661950623490605E-002
   6.60932416666667       0.302332916666667       2.477484028866399E-002
   6.60932416666667       0.602665833333333       1.262990965752494E-002
   6.60932416666667       0.902998750000000       7.745702713660253E-003
   6.60932416666667        1.20333166666667       5.000421855992523E-003
   6.60932416666667        1.50366458333333       3.038152925060621E-003
   6.60932416666667        1.80399750000000       1.821860089741813E-003
   6.60932416666667        2.10433041666667       1.222249408157848E-003
   6.60932416666667        2.40466333333333       9.742131055564957E-004
   6.60932416666667        2.70499625000000       6.687074404334230E-004
   6.60932416666667        3.00532916666667      -1.358694697442848E-003
   6.60932416666667        3.30566208333333      -5.329590429405930E-003
   6.60932416666667        3.60599500000000      -7.369429222062691E-003
   6.60932416666667        3.90632791666667      -3.747240688924679E-003
   6.60932416666667        4.20666083333333       6.624190301760392E-004
   6.60932416666667        4.50699375000000       1.913584665838877E-003
   6.60932416666667        4.80732666666667       6.996505852224682E-004
   6.60932416666667        5.10765958333333      -1.010344118406479E-003
   6.60932416666667        5.40799250000000      -2.688109405158210E-003
   6.60932416666667        5.70832541666667      -4.026020885184586E-003
   6.60932416666667        6.00865833333333      -4.570732221640871E-003
   6.60932416666667        6.30899125000000      -3.798105509178680E-003
   6.60932416666667        6.60932416666667      -2.328207600073417E-003
   6.60932416666667        6.90965708333333      -5.489862575586551E-003
   6.60932416666667        7.20999000000000      -1.171537775788706E-002
   6.90965708333333       2.000000000000000E-003  3.843471239317556E-002
   6.90965708333333       0.302332916666667       2.570832625604227E-002
   6.90965708333333       0.602665833333333       1.853229240318592E-002
   6.90965708333333       0.902998750000000       1.378854348731028E-002
   6.90965708333333        1.20333166666667       9.357254892967150E-003
   6.90965708333333        1.50366458333333       6.115385464188137E-003
   6.90965708333333        1.80399750000000       4.262948385072216E-003
   6.90965708333333        2.10433041666667       3.551026360054510E-003
   6.90965708333333        2.40466333333333       3.844729004044379E-003
   6.90965708333333        2.70499625000000       4.506643553411154E-003
   6.90965708333333        3.00532916666667       3.564241845429871E-003
   6.90965708333333        3.30566208333333      -7.723256666343817E-004
   6.90965708333333        3.60599500000000      -4.565635466885033E-003
   6.90965708333333        3.90632791666667       1.321923432962650E-003
   6.90965708333333        4.20666083333333       6.264213036518025E-003
   6.90965708333333        4.50699375000000       5.974759949442269E-003
   6.90965708333333        4.80732666666667       3.030568404137962E-003
   6.90965708333333        5.10765958333333      -1.424934913715912E-004
   6.90965708333333        5.40799250000000      -2.840816137979293E-003
   6.90965708333333        5.70832541666667      -5.307516976958138E-003
   6.90965708333333        6.00865833333333      -7.291600708760398E-003
   6.90965708333333        6.30899125000000      -7.949208448217998E-003
   6.90965708333333        6.60932416666667      -5.515335171658095E-003
   6.90965708333333        6.90965708333333      -1.196473917090248E-003
   6.90965708333333        7.20999000000000      -7.761539486027341E-003
   7.20999000000000       2.000000000000000E-003  2.600188382061817E-002
   7.20999000000000       0.302332916666667       2.888457723007645E-002
   7.20999000000000       0.602665833333333       2.523171578162766E-002
   7.20999000000000       0.902998750000000       1.781769266448241E-002
   7.20999000000000        1.20333166666667       1.168304025445982E-002
   7.20999000000000        1.50366458333333       7.726497885228556E-003
   7.20999000000000        1.80399750000000       5.627410856444628E-003
   7.20999000000000        2.10433041666667       4.933449386215549E-003
   7.20999000000000        2.40466333333333       5.520923641560817E-003
   7.20999000000000        2.70499625000000       6.735262971902455E-003
   7.20999000000000        3.00532916666667       6.896675341654487E-003
   7.20999000000000        3.30566208333333       3.873624570839377E-003
   7.20999000000000        3.60599500000000      -7.296567586058639E-004
   7.20999000000000        3.90632791666667       5.676081988862121E-003
   7.20999000000000        4.20666083333333       9.642240649254549E-003
   7.20999000000000        4.50699375000000       8.109305006540600E-003
   7.20999000000000        4.80732666666667       4.261932596398565E-003
   7.20999000000000        5.10765958333333       3.390800583869989E-004
   7.20999000000000        5.40799250000000      -2.909384713029589E-003
   7.20999000000000        5.70832541666667      -6.040164091010542E-003
   7.20999000000000        6.00865833333333      -8.994659760071629E-003
   7.20999000000000        6.30899125000000      -1.131368528992496E-002
   7.20999000000000        6.60932416666667      -1.176070108142936E-002
   7.20999000000000        6.90965708333333      -7.801267106855593E-003
   7.20999000000000        7.20999000000000      -1.695110376055365E-003
