  2.000000000000000E-003  2.000000000000000E-003 -4.174118839568107E-002
  2.000000000000000E-003  0.302332916666667      -3.418948945256575E-002
  2.000000000000000E-003  0.602665833333333      -2.786827411866495E-002
  2.000000000000000E-003  0.902998750000000      -2.815086717625887E-002
  2.000000000000000E-003   1.20333166666667      -2.787271672814868E-002
  2.000000000000000E-003   1.50366458333333      -2.609635727931339E-002
  2.000000000000000E-003   1.80399750000000      -2.350058982299344E-002
  2.000000000000000E-003   2.10433041666667      -2.069648514698456E-002
  2.000000000000000E-003   2.40466333333333      -1.793676575982517E-002
  2.000000000000000E-003   2.70499625000000      -1.562131686981995E-002
  2.000000000000000E-003   3.00532916666667      -1.409591534170306E-002
  2.000000000000000E-003   3.30566208333333      -1.328911325393736E-002
  2.000000000000000E-003   3.60599500000000      -1.352157755515350E-002
  2.000000000000000E-003   3.90632791666667      -9.156455908494027E-003
  2.000000000000000E-003   4.20666083333333      -6.064631999191123E-003
  2.000000000000000E-003   4.50699375000000      -5.517449463701534E-003
  2.000000000000000E-003   4.80732666666667      -5.723875085621055E-003
  2.000000000000000E-003   5.10765958333333      -5.567812994038470E-003
  2.000000000000000E-003   5.40799250000000      -4.858410559782594E-003
  2.000000000000000E-003   5.70832541666667      -3.909807687249029E-003
  2.000000000000000E-003   6.00865833333333      -2.861246676387087E-003
  2.000000000000000E-003   6.30899125000000      -1.836700792588275E-003
  2.000000000000000E-003   6.60932416666667      -1.006326831864452E-003
  2.000000000000000E-003   6.90965708333333      -6.757601569437983E-004
  2.000000000000000E-003   7.20999000000000      -1.530610165440097E-003
  0.302332916666667       2.000000000000000E-003 -4.828241044158778E-002
  0.302332916666667       0.302332916666667      -4.805349320451070E-002
  0.302332916666667       0.602665833333333      -3.848107327567323E-002
  0.302332916666667       0.902998750000000      -3.424920864320834E-002
  0.302332916666667        1.20333166666667      -3.195487860488738E-002
  0.302332916666667        1.50366458333333      -2.908539892315149E-002
  0.302332916666667        1.80399750000000      -2.562295731889240E-002
  0.302332916666667        2.10433041666667      -2.209142505055797E-002
  0.302332916666667        2.40466333333333      -1.864749489774416E-002
  0.302332916666667        2.70499625000000      -1.557478158950945E-002
  0.302332916666667        3.00532916666667      -1.379229259758019E-002
  0.302332916666667        3.30566208333333      -1.390456346928045E-002
  0.302332916666667        3.60599500000000      -1.570172569747681E-002
  0.302332916666667        3.90632791666667      -1.397463828781921E-002
  0.302332916666667        4.20666083333333      -1.039593558192674E-002
  0.302332916666667        4.50699375000000      -8.347713391428880E-003
  0.302332916666667        4.80732666666667      -7.366452096577405E-003
  0.302332916666667        5.10765958333333      -6.461309288766591E-003
  0.302332916666667        5.40799250000000      -5.349071477875122E-003
  0.302332916666667        5.70832541666667      -4.170014504786709E-003
  0.302332916666667        6.00865833333333      -3.040568420697894E-003
  0.302332916666667        6.30899125000000      -2.168063188390905E-003
  0.302332916666667        6.60932416666667      -1.767212107524548E-003
  0.302332916666667        6.90965708333333      -1.661814678790177E-003
  0.302332916666667        7.20999000000000      -2.157059695642886E-003
  0.602665833333333       2.000000000000000E-003 -4.992443180169390E-002
  0.602665833333333       0.302332916666667      -4.970349510837026E-002
  0.602665833333333       0.602665833333333      -4.535908869081855E-002
  0.602665833333333       0.902998750000000      -4.084869602287682E-002
  0.602665833333333        1.20333166666667      -3.712030142168429E-002
  0.602665833333333        1.50366458333333      -3.308275462348742E-002
  0.602665833333333        1.80399750000000      -2.867942422557549E-002
  0.602665833333333        2.10433041666667      -2.443797365080053E-002
  0.602665833333333        2.40466333333333      -2.063147631963447E-002
  0.602665833333333        2.70499625000000      -1.719237477999437E-002
  0.602665833333333        3.00532916666667      -1.556628861648282E-002
  0.602665833333333        3.30566208333333      -1.619997092016149E-002
  0.602665833333333        3.60599500000000      -1.768614541667997E-002
  0.602665833333333        3.90632791666667      -1.675258438183795E-002
  0.602665833333333        4.20666083333333      -1.372919668250484E-002
  0.602665833333333        4.50699375000000      -1.098618583828113E-002
  0.602665833333333        4.80732666666667      -9.078574868628245E-003
  0.602665833333333        5.10765958333333      -7.540459329810779E-003
  0.602665833333333        5.40799250000000      -6.117048577551335E-003
  0.602665833333333        5.70832541666667      -4.803128752882572E-003
  0.602665833333333        6.00865833333333      -3.685776779670299E-003
  0.602665833333333        6.30899125000000      -2.917074099552976E-003
  0.602665833333333        6.60932416666667      -2.581385188397027E-003
  0.602665833333333        6.90965708333333      -2.508337806712520E-003
  0.602665833333333        7.20999000000000      -2.724272968028164E-003
  0.902998750000000       2.000000000000000E-003 -4.740954990229396E-002
  0.902998750000000       0.302332916666667      -4.804613446154353E-002
  0.902998750000000       0.602665833333333      -4.794860606449068E-002
  0.902998750000000       0.902998750000000      -4.598071634754309E-002
  0.902998750000000        1.20333166666667      -4.250334605312681E-002
  0.902998750000000        1.50366458333333      -3.787426348186200E-002
  0.902998750000000        1.80399750000000      -3.270536683939677E-002
  0.902998750000000        2.10433041666667      -2.784550249112597E-002
  0.902998750000000        2.40466333333333      -2.355223523958344E-002
  0.902998750000000        2.70499625000000      -1.995828496768444E-002
  0.902998750000000        3.00532916666667      -1.782925672368773E-002
  0.902998750000000        3.30566208333333      -1.757398193955559E-002
  0.902998750000000        3.60599500000000      -1.791451292223859E-002
  0.902998750000000        3.90632791666667      -1.706900636603172E-002
  0.902998750000000        4.20666083333333      -1.484338721718631E-002
  0.902998750000000        4.50699375000000      -1.231961791168444E-002
  0.902998750000000        4.80732666666667      -1.021806565281360E-002
  0.902998750000000        5.10765958333333      -8.466258080838469E-003
  0.902998750000000        5.40799250000000      -6.905242623743862E-003
  0.902998750000000        5.70832541666667      -5.552277691257090E-003
  0.902998750000000        6.00865833333333      -4.472865793392656E-003
  0.902998750000000        6.30899125000000      -3.767184823415952E-003
  0.902998750000000        6.60932416666667      -3.484366067874389E-003
  0.902998750000000        6.90965708333333      -3.557211458577394E-003
  0.902998750000000        7.20999000000000      -3.814117229791913E-003
   1.20333166666667       2.000000000000000E-003 -5.231375316137396E-002
   1.20333166666667       0.302332916666667      -5.286916046624258E-002
   1.20333166666667       0.602665833333333      -5.338340219346557E-002
   1.20333166666667       0.902998750000000      -5.214784581832175E-002
   1.20333166666667        1.20333166666667      -4.873311057208111E-002
   1.20333166666667        1.50366458333333      -4.363780937830523E-002
   1.20333166666667        1.80399750000000      -3.780101868506708E-002
   1.20333166666667        2.10433041666667      -3.219878469489471E-002
   1.20333166666667        2.40466333333333      -2.717559609124916E-002
   1.20333166666667        2.70499625000000      -2.310630881536350E-002
   1.20333166666667        3.00532916666667      -2.028051573123792E-002
   1.20333166666667        3.30566208333333      -1.872793481038416E-002
   1.20333166666667        3.60599500000000      -1.784126101101446E-002
   1.20333166666667        3.90632791666667      -1.663147790762310E-002
   1.20333166666667        4.20666083333333      -1.478843324017003E-002
   1.20333166666667        4.50699375000000      -1.274001225479602E-002
   1.20333166666667        4.80732666666667      -1.081038625835616E-002
   1.20333166666667        5.10765958333333      -9.077694638064937E-003
   1.20333166666667        5.40799250000000      -7.530912142806647E-003
   1.20333166666667        5.70832541666667      -6.194402345091167E-003
   1.20333166666667        6.00865833333333      -5.139775039851581E-003
   1.20333166666667        6.30899125000000      -4.440206842516279E-003
   1.20333166666667        6.60932416666667      -4.130701300792386E-003
   1.20333166666667        6.90965708333333      -4.143862991663127E-003
   1.20333166666667        7.20999000000000      -4.264854733159166E-003
   1.50366458333333       2.000000000000000E-003 -6.303104671612533E-002
   1.50366458333333       0.302332916666667      -6.307175025684109E-002
   1.50366458333333       0.602665833333333      -6.258737269980659E-002
   1.50366458333333       0.902998750000000      -6.050248021825934E-002
   1.50366458333333        1.20333166666667      -5.635597329731437E-002
   1.50366458333333        1.50366458333333      -5.051873350995102E-002
   1.50366458333333        1.80399750000000      -4.393227852984381E-002
   1.50366458333333        2.10433041666667      -3.739485610487280E-002
   1.50366458333333        2.40466333333333      -3.143177930599723E-002
   1.50366458333333        2.70499625000000      -2.647951029050964E-002
   1.50366458333333        3.00532916666667      -2.274879590218546E-002
   1.50366458333333        3.30566208333333      -2.013527855956695E-002
   1.50366458333333        3.60599500000000      -1.822628376548615E-002
   1.50366458333333        3.90632791666667      -1.651447381546199E-002
   1.50366458333333        4.20666083333333      -1.472469705552764E-002
   1.50366458333333        4.50699375000000      -1.287326877143103E-002
   1.50366458333333        4.80732666666667      -1.107689219114215E-002
   1.50366458333333        5.10765958333333      -9.420334707033268E-003
   1.50366458333333        5.40799250000000      -7.937741376864173E-003
   1.50366458333333        5.70832541666667      -6.639436026692660E-003
   1.50366458333333        6.00865833333333      -5.577032920052179E-003
   1.50366458333333        6.30899125000000      -4.817097456726024E-003
   1.50366458333333        6.60932416666667      -4.384029141394751E-003
   1.50366458333333        6.90965708333333      -4.220744866318599E-003
   1.50366458333333        7.20999000000000      -4.171090945216319E-003
   1.80399750000000       2.000000000000000E-003 -7.655091951724884E-002
   1.80399750000000       0.302332916666667      -7.595803988737070E-002
   1.80399750000000       0.602665833333333      -7.400035223741670E-002
   1.80399750000000       0.902998750000000      -7.036972567281402E-002
   1.80399750000000        1.20333166666667      -6.494438391017038E-002
   1.80399750000000        1.50366458333333      -5.812920960389727E-002
   1.80399750000000        1.80399750000000      -5.065228347491526E-002
   1.80399750000000        2.10433041666667      -4.310912355963142E-002
   1.80399750000000        2.40466333333333      -3.610363616512933E-002
   1.80399750000000        2.70499625000000      -3.011839462282500E-002
   1.80399750000000        3.00532916666667      -2.537454433555337E-002
   1.80399750000000        3.30566208333333      -2.179175054987599E-002
   1.80399750000000        3.60599500000000      -1.906553686242609E-002
   1.80399750000000        3.90632791666667      -1.683279425436393E-002
   1.80399750000000        4.20666083333333      -1.483392914520334E-002
   1.80399750000000        4.50699375000000      -1.296486919481481E-002
   1.80399750000000        4.80732666666667      -1.122179940611496E-002
   1.80399750000000        5.10765958333333      -9.628063093670317E-003
   1.80399750000000        5.40799250000000      -8.197233391153608E-003
   1.80399750000000        5.70832541666667      -6.930617903813366E-003
   1.80399750000000        6.00865833333333      -5.834517922444881E-003
   1.80399750000000        6.30899125000000      -4.963622555193637E-003
   1.80399750000000        6.60932416666667      -4.358657299472835E-003
   1.80399750000000        6.90965708333333      -4.002291940599756E-003
   1.80399750000000        7.20999000000000      -3.820081200579712E-003
   2.10433041666667       2.000000000000000E-003 -9.150945717840710E-002
   2.10433041666667       0.302332916666667      -8.998735139473342E-002
   2.10433041666667       0.602665833333333      -8.603094369081024E-002
   2.10433041666667       0.902998750000000      -8.029165672510134E-002
   2.10433041666667        1.20333166666667      -7.340322302109846E-002
   2.10433041666667        1.50366458333333      -6.560389741269616E-002
   2.10433041666667        1.80399750000000      -5.720061690488402E-002
   2.10433041666667        2.10433041666667      -4.870417805727707E-002
   2.10433041666667        2.40466333333333      -4.072174604856243E-002
   2.10433041666667        2.70499625000000      -3.375730868866920E-002
   2.10433041666667        3.00532916666667      -2.806121890767180E-002
   2.10433041666667        3.30566208333333      -2.360059497039853E-002
   2.10433041666667        3.60599500000000      -2.014367312156173E-002
   2.10433041666667        3.90632791666667      -1.739609434981664E-002
   2.10433041666667        4.20666083333333      -1.511271592216811E-002
   2.10433041666667        4.50699375000000      -1.313948338186463E-002
   2.10433041666667        4.80732666666667      -1.139556764057724E-002
   2.10433041666667        5.10765958333333      -9.837354299212085E-003
   2.10433041666667        5.40799250000000      -8.435543676289745E-003
   2.10433041666667        5.70832541666667      -7.170667409550776E-003
   2.10433041666667        6.00865833333333      -6.036010664813720E-003
   2.10433041666667        6.30899125000000      -5.040597915889730E-003
   2.10433041666667        6.60932416666667      -4.218715017483228E-003
   2.10433041666667        6.90965708333333      -3.650335102078860E-003
   2.10433041666667        7.20999000000000      -3.365961554193348E-003
   2.40466333333333       2.000000000000000E-003 -0.108878179894362     
   2.40466333333333       0.302332916666667      -0.105587577377279     
   2.40466333333333       0.602665833333333      -9.784263375178857E-002
   2.40466333333333       0.902998750000000      -8.921667546299933E-002
   2.40466333333333        1.20333166666667      -8.063289452567926E-002
   2.40466333333333        1.50366458333333      -7.181040788406316E-002
   2.40466333333333        1.80399750000000      -6.263661567671473E-002
   2.40466333333333        2.10433041666667      -5.342359562654970E-002
   2.40466333333333        2.40466333333333      -4.470998681270773E-002
   2.40466333333333        2.70499625000000      -3.699150785241215E-002
   2.40466333333333        3.00532916666667      -3.054103252595464E-002
   2.40466333333333        3.30566208333333      -2.537044328159551E-002
   2.40466333333333        3.60599500000000      -2.130679661056532E-002
   2.40466333333333        3.90632791666667      -1.810765769427856E-002
   2.40466333333333        4.20666083333333      -1.554687867567568E-002
   2.40466333333333        4.50699375000000      -1.344692691964851E-002
   2.40466333333333        4.80732666666667      -1.167508290872975E-002
   2.40466333333333        5.10765958333333      -1.013087157615193E-002
   2.40466333333333        5.40799250000000      -8.740714776526402E-003
   2.40466333333333        5.70832541666667      -7.458269150507146E-003
   2.40466333333333        6.00865833333333      -6.256466009829439E-003
   2.40466333333333        6.30899125000000      -5.110456462138370E-003
   2.40466333333333        6.60932416666667      -4.011751417473815E-003
   2.40466333333333        6.90965708333333      -3.089494271030186E-003
   2.40466333333333        7.20999000000000      -2.696766953391680E-003
   2.70499625000000       2.000000000000000E-003 -0.126495314083460     
   2.70499625000000       0.302332916666667      -0.120842969871529     
   2.70499625000000       0.602665833333333      -0.108487595926412     
   2.70499625000000       0.902998750000000      -9.591187956894753E-002
   2.70499625000000        1.20333166666667      -8.543676301223987E-002
   2.70499625000000        1.50366458333333      -7.587395392441301E-002
   2.70499625000000        1.80399750000000      -6.629606584009834E-002
   2.70499625000000        2.10433041666667      -5.673738571493693E-002
   2.70499625000000        2.40466333333333      -4.764315862497313E-002
   2.70499625000000        2.70499625000000      -3.948687207867285E-002
   2.70499625000000        3.00532916666667      -3.255576803580981E-002
   2.70499625000000        3.30566208333333      -2.690058581543591E-002
   2.70499625000000        3.60599500000000      -2.240036037394506E-002
   2.70499625000000        3.90632791666667      -1.885932697719038E-002
   2.70499625000000        4.20666083333333      -1.607409081953769E-002
   2.70499625000000        4.50699375000000      -1.385960231253480E-002
   2.70499625000000        4.80732666666667      -1.205228998918820E-002
   2.70499625000000        5.10765958333333      -1.051089046486487E-002
   2.70499625000000        5.40799250000000      -9.126140606098983E-003
   2.70499625000000        5.70832541666667      -7.827924362898919E-003
   2.70499625000000        6.00865833333333      -6.561384071782356E-003
   2.70499625000000        6.30899125000000      -5.214745709044028E-003
   2.70499625000000        6.60932416666667      -3.723176344341172E-003
   2.70499625000000        6.90965708333333      -2.445033767653888E-003
   2.70499625000000        7.20999000000000      -1.996851007555662E-003
   3.00532916666667       2.000000000000000E-003 -0.139765739287617     
   3.00532916666667       0.302332916666667      -0.130108714475715     
   3.00532916666667       0.602665833333333      -0.112507102126185     
   3.00532916666667       0.902998750000000      -9.808896660338934E-002
   3.00532916666667        1.20333166666667      -8.722851962038809E-002
   3.00532916666667        1.50366458333333      -7.766570305724510E-002
   3.00532916666667        1.80399750000000      -6.813871095152652E-002
   3.00532916666667        2.10433041666667      -5.859018212871068E-002
   3.00532916666667        2.40466333333333      -4.943093326337092E-002
   3.00532916666667        2.70499625000000      -4.112386074931763E-002
   3.00532916666667        3.00532916666667      -3.396791152463951E-002
   3.00532916666667        3.30566208333333      -2.804616637086601E-002
   3.00532916666667        3.60599500000000      -2.328295474823895E-002
   3.00532916666667        3.90632791666667      -1.952373033204965E-002
   3.00532916666667        4.20666083333333      -1.658655137693123E-002
   3.00532916666667        4.50699375000000      -1.428753846395356E-002
   3.00532916666667        4.80732666666667      -1.244940081356216E-002
   3.00532916666667        5.10765958333333      -1.090735526318689E-002
   3.00532916666667        5.40799250000000      -9.530144186571372E-003
   3.00532916666667        5.70832541666667      -8.237059108603000E-003
   3.00532916666667        6.00865833333333      -6.964073300826993E-003
   3.00532916666667        6.30899125000000      -5.580265423386407E-003
   3.00532916666667        6.60932416666667      -4.043141467581411E-003
   3.00532916666667        6.90965708333333      -2.508343287360052E-003
   3.00532916666667        7.20999000000000      -1.959898277011800E-003
   3.30566208333333       2.000000000000000E-003 -0.141629249504885     
   3.30566208333333       0.302332916666667      -0.127997186371495     
   3.30566208333333       0.602665833333333      -0.108566263837385     
   3.30566208333333       0.902998750000000      -9.577739058518286E-002
   3.30566208333333        1.20333166666667      -8.665948291686777E-002
   3.30566208333333        1.50366458333333      -7.792414478223512E-002
   3.30566208333333        1.80399750000000      -6.873106713723326E-002
   3.30566208333333        2.10433041666667      -5.936422413943807E-002
   3.30566208333333        2.40466333333333      -5.029541092846496E-002
   3.30566208333333        2.70499625000000      -4.199715309462580E-002
   3.30566208333333        3.00532916666667      -3.477852762757998E-002
   3.30566208333333        3.30566208333333      -2.874488271642136E-002
   3.30566208333333        3.60599500000000      -2.385427737729654E-002
   3.30566208333333        3.90632791666667      -1.998366491911716E-002
   3.30566208333333        4.20666083333333      -1.696518668487518E-002
   3.30566208333333        4.50699375000000      -1.461711798692642E-002
   3.30566208333333        4.80732666666667      -1.275819343818407E-002
   3.30566208333333        5.10765958333333      -1.121405503011075E-002
   3.30566208333333        5.40799250000000      -9.845311229274631E-003
   3.30566208333333        5.70832541666667      -8.576486918052453E-003
   3.30566208333333        6.00865833333333      -7.381546817159048E-003
   3.30566208333333        6.30899125000000      -6.256107501363128E-003
   3.30566208333333        6.60932416666667      -5.181748455405422E-003
   3.30566208333333        6.90965708333333      -4.056311741387934E-003
   3.30566208333333        7.20999000000000      -3.455476054975266E-003
   3.60599500000000       2.000000000000000E-003 -0.127019848660176     
   3.60599500000000       0.302332916666667      -0.120328946127283     
   3.60599500000000       0.602665833333333      -0.104350517012050     
   3.60599500000000       0.902998750000000      -9.384604795968085E-002
   3.60599500000000        1.20333166666667      -8.599691058307304E-002
   3.60599500000000        1.50366458333333      -7.782052806312345E-002
   3.60599500000000        1.80399750000000      -6.882289228421602E-002
   3.60599500000000        2.10433041666667      -5.955903917044411E-002
   3.60599500000000        2.40466333333333      -5.055110259363994E-002
   3.60599500000000        2.70499625000000      -4.227960003578508E-002
   3.60599500000000        3.00532916666667      -3.505727328776766E-002
   3.60599500000000        3.30566208333333      -2.899704906823689E-002
   3.60599500000000        3.60599500000000      -2.407003257868546E-002
   3.60599500000000        3.90632791666667      -2.016597490214463E-002
   3.60599500000000        4.20666083333333      -1.712138975797426E-002
   3.60599500000000        4.50699375000000      -1.475515472351985E-002
   3.60599500000000        4.80732666666667      -1.288573453726980E-002
   3.60599500000000        5.10765958333333      -1.133716165932499E-002
   3.60599500000000        5.40799250000000      -9.969364092980326E-003
   3.60599500000000        5.70832541666667      -8.712664283431143E-003
   3.60599500000000        6.00865833333333      -7.573352306331393E-003
   3.60599500000000        6.30899125000000      -6.628923948317635E-003
   3.60599500000000        6.60932416666667      -5.993385951199616E-003
   3.60599500000000        6.90965708333333      -5.711329283461193E-003
   3.60599500000000        7.20999000000000      -5.309923223858953E-003
   3.90632791666667       2.000000000000000E-003 -0.141624457694409     
   3.90632791666667       0.302332916666667      -0.128130162823817     
   3.90632791666667       0.602665833333333      -0.108687761398380     
   3.90632791666667       0.902998750000000      -9.585038362347771E-002
   3.90632791666667        1.20333166666667      -8.669740213232581E-002
   3.90632791666667        1.50366458333333      -7.794889276723177E-002
   3.90632791666667        1.80399750000000      -6.875713260200297E-002
   3.90632791666667        2.10433041666667      -5.939845401605795E-002
   3.90632791666667        2.40466333333333      -5.034066842994544E-002
   3.90632791666667        2.70499625000000      -4.205315836396545E-002
   3.90632791666667        3.00532916666667      -3.484268448237623E-002
   3.90632791666667        3.30566208333333      -2.881337710562473E-002
   3.90632791666667        3.60599500000000      -2.392301111897781E-002
   3.90632791666667        3.90632791666667      -2.004879613890657E-002
   3.90632791666667        4.20666083333333      -1.702338637513316E-002
   3.90632791666667        4.50699375000000      -1.466578692970917E-002
   3.90632791666667        4.80732666666667      -1.279582952720673E-002
   3.90632791666667        5.10765958333333      -1.124057125235065E-002
   3.90632791666667        5.40799250000000      -9.861801078380871E-003
   3.90632791666667        5.70832541666667      -8.583782219548475E-003
   3.90632791666667        6.00865833333333      -7.376516285803009E-003
   3.90632791666667        6.30899125000000      -6.232730137274350E-003
   3.90632791666667        6.60932416666667      -5.134803853194796E-003
   3.90632791666667        6.90965708333333      -3.984215098968735E-003
   3.90632791666667        7.20999000000000      -3.339265248559761E-003
   4.20666083333333       2.000000000000000E-003 -0.139757189530837     
   4.20666083333333       0.302332916666667      -0.130225677936038     
   4.20666083333333       0.602665833333333      -0.112639292457084     
   4.20666083333333       0.902998750000000      -9.817874592454601E-002
   4.20666083333333        1.20333166666667      -8.727919873999289E-002
   4.20666083333333        1.50366458333333      -7.770468085896827E-002
   4.20666083333333        1.80399750000000      -6.818496521545778E-002
   4.20666083333333        2.10433041666667      -5.865487150703098E-002
   4.20666083333333        2.40466333333333      -4.951884566102648E-002
   4.20666083333333        2.70499625000000      -4.123387806608761E-002
   4.20666083333333        3.00532916666667      -3.409446972781949E-002
   4.20666083333333        3.30566208333333      -2.818149423853456E-002
   4.20666083333333        3.60599500000000      -2.341901694489785E-002
   4.20666083333333        3.90632791666667      -1.965327589616103E-002
   4.20666083333333        4.20666083333333      -1.670341620217803E-002
   4.20666083333333        4.50699375000000      -1.438684638922049E-002
   4.20666083333333        4.80732666666667      -1.252820034844733E-002
   4.20666083333333        5.10765958333333      -1.096534575945204E-002
   4.20666083333333        5.40799250000000      -9.569584224638474E-003
   4.20666083333333        5.70832541666667      -8.260843354835347E-003
   4.20666083333333        6.00865833333333      -6.971160578220963E-003
   4.20666083333333        6.30899125000000      -5.561689277946553E-003
   4.20666083333333        6.60932416666667      -3.988405415434521E-003
   4.20666083333333        6.90965708333333      -2.400700400126399E-003
   4.20666083333333        7.20999000000000      -1.785937228998422E-003
   4.50699375000000       2.000000000000000E-003 -0.126488382705408     
   4.50699375000000       0.302332916666667      -0.120908381934032     
   4.50699375000000       0.602665833333333      -0.108571448088709     
   4.50699375000000       0.902998750000000      -9.597344009893820E-002
   4.50699375000000        1.20333166666667      -8.547830559552337E-002
   4.50699375000000        1.50366458333333      -7.591510891249234E-002
   4.50699375000000        1.80399750000000      -6.635532672355174E-002
   4.50699375000000        2.10433041666667      -5.682809986787861E-002
   4.50699375000000        2.40466333333333      -4.777078575993158E-002
   4.50699375000000        2.70499625000000      -3.964843561660832E-002
   4.50699375000000        3.00532916666667      -3.274201596448907E-002
   4.50699375000000        3.30566208333333      -2.709958864632584E-002
   4.50699375000000        3.60599500000000      -2.260061243922898E-002
   4.50699375000000        3.90632791666667      -1.905111965838763E-002
   4.50699375000000        4.20666083333333      -1.624942434145952E-002
   4.50699375000000        4.50699375000000      -1.401194438177423E-002
   4.50699375000000        4.80732666666667      -1.217724710331979E-002
   4.50699375000000        5.10765958333333      -1.060753761569738E-002
   4.50699375000000        5.40799250000000      -9.197656480266530E-003
   4.50699375000000        5.70832541666667      -7.880208954219252E-003
   4.50699375000000        6.00865833333333      -6.599110949852053E-003
   4.50699375000000        6.30899125000000      -5.236120699829483E-003
   4.50699375000000        6.60932416666667      -3.719217396562360E-003
   4.50699375000000        6.90965708333333      -2.402490723483457E-003
   4.50699375000000        7.20999000000000      -1.909252690378394E-003
   4.80732666666667       2.000000000000000E-003 -0.108873926959126     
   4.80732666666667       0.302332916666667      -0.105613819572707     
   4.80732666666667       0.602665833333333      -9.787730273127983E-002
   4.80732666666667       0.902998750000000      -8.924455116424315E-002
   4.80732666666667        1.20333166666667      -8.065733973693733E-002
   4.80732666666667        1.50366458333333      -7.184726562068834E-002
   4.80732666666667        1.80399750000000      -6.270528446149432E-002
   4.80732666666667        2.10433041666667      -5.353892764672147E-002
   4.80732666666667        2.40466333333333      -4.487681193024050E-002
   4.80732666666667        2.70499625000000      -3.720355836700267E-002
   4.80732666666667        3.00532916666667      -3.078430842366701E-002
   4.80732666666667        3.30566208333333      -2.562868671366079E-002
   4.80732666666667        3.60599500000000      -2.156590423937856E-002
   4.80732666666667        3.90632791666667      -1.835702858099486E-002
   4.80732666666667        4.20666083333333      -1.577821751775489E-002
   4.80732666666667        4.50699375000000      -1.365287476803718E-002
   4.80732666666667        4.80732666666667      -1.184965502455432E-002
   4.80732666666667        5.10765958333333      -1.027161481537136E-002
   4.80732666666667        5.40799250000000      -8.850870922146748E-003
   4.80732666666667        5.70832541666667      -7.546804983755040E-003
   4.80732666666667        6.00865833333333      -6.335063421704179E-003
   4.80732666666667        6.30899125000000      -5.188177221713374E-003
   4.80732666666667        6.60932416666667      -4.089835243570424E-003
   4.80732666666667        6.90965708333333      -3.159693297900387E-003
   4.80732666666667        7.20999000000000      -2.746461192081799E-003
   5.10765958333333       2.000000000000000E-003 -9.150644505430390E-002
   5.10765958333333       0.302332916666667      -8.999274221605381E-002
   5.10765958333333       0.602665833333333      -8.603610049789565E-002
   5.10765958333333       0.902998750000000      -8.029327691233756E-002
   5.10765958333333        1.20333166666667      -7.341016944618470E-002
   5.10765958333333        1.50366458333333      -6.563579801219044E-002
   5.10765958333333        1.80399750000000      -5.728008245523674E-002
   5.10765958333333        2.10433041666667      -4.884721425833224E-002
   5.10765958333333        2.40466333333333      -4.093098869689604E-002
   5.10765958333333        2.70499625000000      -3.402129447722685E-002
   5.10765958333333        3.00532916666667      -2.835973431964253E-002
   5.10765958333333        3.30566208333333      -2.391275978795096E-002
   5.10765958333333        3.60599500000000      -2.045397684256889E-002
   5.10765958333333        3.90632791666667      -1.769525343883930E-002
   5.10765958333333        4.20666083333333      -1.539426311818617E-002
   5.10765958333333        4.50699375000000      -1.339620646243693E-002
   5.10765958333333        4.80732666666667      -1.161935504877688E-002
   5.10765958333333        5.10765958333333      -1.002271252730389E-002
   5.10765958333333        5.40799250000000      -8.584175308233417E-003
   5.10765958333333        5.70832541666667      -7.294137509071751E-003
   5.10765958333333        6.00865833333333      -6.154602741186809E-003
   5.10765958333333        6.30899125000000      -5.177377458840250E-003
   5.10765958333333        6.60932416666667      -4.388031219226696E-003
   5.10765958333333        6.90965708333333      -3.842139191822950E-003
   5.10765958333333        7.20999000000000      -3.555463380652126E-003
   5.40799250000000       2.000000000000000E-003 -7.654720569890655E-002
   5.40799250000000       0.302332916666667      -7.595644298680708E-002
   5.40799250000000       0.602665833333333      -7.399270325879492E-002
   5.40799250000000       0.902998750000000      -7.035244340452035E-002
   5.40799250000000        1.20333166666667      -6.493265130506136E-002
   5.40799250000000        1.50366458333333      -5.815621325618845E-002
   5.40799250000000        1.80399750000000      -5.074621222457021E-002
   5.40799250000000        2.10433041666667      -4.328606171328146E-002
   5.40799250000000        2.40466333333333      -3.636194918128391E-002
   5.40799250000000        2.70499625000000      -3.043900859383940E-002
   5.40799250000000        3.00532916666667      -2.572878358647897E-002
   5.40799250000000        3.30566208333333      -2.215295752771374E-002
   5.40799250000000        3.60599500000000      -1.941787709447038E-002
   5.40799250000000        3.90632791666667      -1.717139078708739E-002
   5.40799250000000        4.20666083333333      -1.515710154645620E-002
   5.40799250000000        4.50699375000000      -1.326648824887314E-002
   5.40799250000000        4.80732666666667      -1.149043830558942E-002
   5.40799250000000        5.10765958333333      -9.852746949929036E-003
   5.40799250000000        5.40799250000000      -8.375565361237871E-003
   5.40799250000000        5.70832541666667      -7.075595715241750E-003
   5.40799250000000        6.00865833333333      -5.977507778750227E-003
   5.40799250000000        6.30899125000000      -5.142117048717257E-003
   5.40799250000000        6.60932416666667      -4.591650340042479E-003
   5.40799250000000        6.90965708333333      -4.278642327419444E-003
   5.40799250000000        7.20999000000000      -4.101672987116853E-003
   5.70832541666667       2.000000000000000E-003 -6.302476692410028E-002
   5.70832541666667       0.302332916666667      -6.306698645056064E-002
   5.70832541666667       0.602665833333333      -6.257404968224518E-002
   5.70832541666667       0.902998750000000      -6.047491775666512E-002
   5.70832541666667        1.20333166666667      -5.633089977041650E-002
   5.70832541666667        1.50366458333333      -5.053745197042938E-002
   5.70832541666667        1.80399750000000      -4.404195693540717E-002
   5.70832541666667        2.10433041666667      -3.761252901379820E-002
   5.70832541666667        2.40466333333333      -3.174913960318949E-002
   5.70832541666667        2.70499625000000      -2.686730787028898E-002
   5.70832541666667        3.00532916666667      -2.316599168543673E-002
   5.70832541666667        3.30566208333333      -2.054515617604357E-002
   5.70832541666667        3.60599500000000      -1.861240160211325E-002
   5.70832541666667        3.90632791666667      -1.688163265721893E-002
   5.70832541666667        4.20666083333333      -1.508108660083149E-002
   5.70832541666667        4.50699375000000      -1.321424870684017E-002
   5.70832541666667        4.80732666666667      -1.138496097899888E-002
   5.70832541666667        5.10765958333333      -9.675380963748311E-003
   5.70832541666667        5.40799250000000      -8.129249464285540E-003
   5.70832541666667        5.70832541666667      -6.777952890098026E-003
   5.70832541666667        6.00865833333333      -5.701286023077088E-003
   5.70832541666667        6.30899125000000      -4.976773937740989E-003
   5.70832541666667        6.60932416666667      -4.607091216252059E-003
   5.70832541666667        6.90965708333333      -4.493530842018418E-003
   5.70832541666667        7.20999000000000      -4.451472453771097E-003
   6.00865833333333       2.000000000000000E-003 -5.230441512559009E-002
   6.00865833333333       0.302332916666667      -5.285762702494960E-002
   6.00865833333333       0.602665833333333      -5.336208926666636E-002
   6.00865833333333       0.902998750000000      -5.210906029706409E-002
   6.00865833333333        1.20333166666667      -4.869617167241459E-002
   6.00865833333333        1.50366458333333      -4.365182495001299E-002
   6.00865833333333        1.80399750000000      -3.792401437885141E-002
   6.00865833333333        2.10433041666667      -3.246370779896156E-002
   6.00865833333333        2.40466333333333      -2.756778273976751E-002
   6.00865833333333        2.70499625000000      -2.358624498774035E-002
   6.00865833333333        3.00532916666667      -2.078873682264750E-002
   6.00865833333333        3.30566208333333      -1.920236775043846E-002
   6.00865833333333        3.60599500000000      -1.825752562955863E-002
   6.00865833333333        3.90632791666667      -1.701866875767274E-002
   6.00865833333333        4.20666083333333      -1.517680755478006E-002
   6.00865833333333        4.50699375000000      -1.312290459434755E-002
   6.00865833333333        4.80732666666667      -1.115751414716485E-002
   6.00865833333333        5.10765958333333      -9.355587723929389E-003
   6.00865833333333        5.40799250000000      -7.715758051202216E-003
   6.00865833333333        5.70832541666667      -6.286057961440796E-003
   6.00865833333333        6.00865833333333      -5.180044449161455E-003
   6.00865833333333        6.30899125000000      -4.492193294121451E-003
   6.00865833333333        6.60932416666667      -4.230667716528747E-003
   6.00865833333333        6.90965708333333      -4.270330222359081E-003
   6.00865833333333        7.20999000000000      -4.381914597533802E-003
   6.30899125000000       2.000000000000000E-003 -4.739864228754103E-002
   6.30899125000000       0.302332916666667      -4.801747416636721E-002
   6.30899125000000       0.602665833333333      -4.791891059491819E-002
   6.30899125000000       0.902998750000000      -4.593314243614707E-002
   6.30899125000000        1.20333166666667      -4.245499475006127E-002
   6.30899125000000        1.50366458333333      -3.788656981545199E-002
   6.30899125000000        1.80399750000000      -3.284759180475757E-002
   6.30899125000000        2.10433041666667      -2.816520934320419E-002
   6.30899125000000        2.40466333333333      -2.404540303445861E-002
   6.30899125000000        2.70499625000000      -2.058875205215239E-002
   6.30899125000000        3.00532916666667      -1.850231027530685E-002
   6.30899125000000        3.30566208333333      -1.815146740576475E-002
   6.30899125000000        3.60599500000000      -1.835856231703668E-002
   6.30899125000000        3.90632791666667      -1.747450060388267E-002
   6.30899125000000        4.20666083333333      -1.528562073661414E-002
   6.30899125000000        4.50699375000000      -1.277147600521629E-002
   6.30899125000000        4.80732666666667      -1.061719669761359E-002
   6.30899125000000        5.10765958333333      -8.767502369322746E-003
   6.30899125000000        5.40799250000000      -7.066697869691609E-003
   6.30899125000000        5.70832541666667      -5.555978200371350E-003
   6.30899125000000        6.00865833333333      -4.358831806646124E-003
   6.30899125000000        6.30899125000000      -3.614399940051241E-003
   6.30899125000000        6.60932416666667      -3.336518932136490E-003
   6.30899125000000        6.90965708333333      -3.350760097128733E-003
   6.30899125000000        7.20999000000000      -3.529886713720346E-003
   6.60932416666667       2.000000000000000E-003 -4.991506322723959E-002
   6.60932416666667       0.302332916666667      -4.966962447587205E-002
   6.60932416666667       0.602665833333333      -4.537673502652944E-002
   6.60932416666667       0.902998750000000      -4.083244306725548E-002
   6.60932416666667        1.20333166666667      -3.707819161039956E-002
   6.60932416666667        1.50366458333333      -3.310276079382184E-002
   6.60932416666667        1.80399750000000      -2.885014128999120E-002
   6.60932416666667        2.10433041666667      -2.482101653734434E-002
   6.60932416666667        2.40466333333333      -2.125889867110413E-002
   6.60932416666667        2.70499625000000      -1.805212667068095E-002
   6.60932416666667        3.00532916666667      -1.649243748302015E-002
   6.60932416666667        3.30566208333333      -1.693828021612352E-002
   6.60932416666667        3.60599500000000      -1.816018344568886E-002
   6.60932416666667        3.90632791666667      -1.720334627423796E-002
   6.60932416666667        4.20666083333333      -1.428281881347053E-002
   6.60932416666667        4.50699375000000      -1.156475723120067E-002
   6.60932416666667        4.80732666666667      -9.559916655307251E-003
   6.60932416666667        5.10765958333333      -7.875958808782472E-003
   6.60932416666667        5.40799250000000      -6.250046746239673E-003
   6.60932416666667        5.70832541666667      -4.697511985512865E-003
   6.60932416666667        6.00865833333333      -3.372442341674606E-003
   6.60932416666667        6.30899125000000      -2.497171400184294E-003
   6.60932416666667        6.60932416666667      -2.134568456171027E-003
   6.60932416666667        6.90965708333333      -1.883210526402021E-003
   6.60932416666667        7.20999000000000      -1.852988638383850E-003
   6.90965708333333       2.000000000000000E-003 -4.827570270266164E-002
   6.90965708333333       0.302332916666667      -4.818712713485784E-002
   6.90965708333333       0.602665833333333      -3.875201154751576E-002
   6.90965708333333       0.902998750000000      -3.436276712375212E-002
   6.90965708333333        1.20333166666667      -3.196030337676756E-002
   6.90965708333333        1.50366458333333      -2.913360615471684E-002
   6.90965708333333        1.80399750000000      -2.583080012853247E-002
   6.90965708333333        2.10433041666667      -2.253912718697512E-002
   6.90965708333333        2.40466333333333      -1.941509273272212E-002
   6.90965708333333        2.70499625000000      -1.666277193234774E-002
   6.90965708333333        3.00532916666667      -1.501014959992225E-002
   6.90965708333333        3.30566208333333      -1.484938684198625E-002
   6.90965708333333        3.60599500000000      -1.619829893112513E-002
   6.90965708333333        3.90632791666667      -1.456004678259796E-002
   6.90965708333333        4.20666083333333      -1.113806513301567E-002
   6.90965708333333        4.50699375000000      -9.084686421958399E-003
   6.90965708333333        4.80732666666667      -7.955305871440641E-003
   6.90965708333333        5.10765958333333      -6.838923212758993E-003
   6.90965708333333        5.40799250000000      -5.467833149669805E-003
   6.90965708333333        5.70832541666667      -3.978008058825006E-003
   6.90965708333333        6.00865833333333      -2.552417398576595E-003
   6.90965708333333        6.30899125000000      -1.501718236630220E-003
   6.90965708333333        6.60932416666667      -1.082999465132441E-003
   6.90965708333333        6.90965708333333      -8.524761381547893E-004
   6.90965708333333        7.20999000000000      -1.112017725242558E-003
   7.20999000000000       2.000000000000000E-003 -4.173418402238698E-002
   7.20999000000000       0.302332916666667      -3.463489979596197E-002
   7.20999000000000       0.602665833333333      -2.847918112043591E-002
   7.20999000000000       0.902998750000000      -2.842413389516546E-002
   7.20999000000000        1.20333166666667      -2.795436885775069E-002
   7.20999000000000        1.50366458333333      -2.619342531222220E-002
   7.20999000000000        1.80399750000000      -2.374937508902400E-002
   7.20999000000000        2.10433041666667      -2.118466957888024E-002
   7.20999000000000        2.40466333333333      -1.876396570173229E-002
   7.20999000000000        2.70499625000000      -1.678903932027809E-002
   7.20999000000000        3.00532916666667      -1.541509134883891E-002
   7.20999000000000        3.30566208333333      -1.429827041776596E-002
   7.20999000000000        3.60599500000000      -1.394356340297237E-002
   7.20999000000000        3.90632791666667      -9.887542642113415E-003
   7.20999000000000        4.20666083333333      -6.932585459603787E-003
   7.20999000000000        4.50699375000000      -6.346656632937752E-003
   7.20999000000000        4.80732666666667      -6.380833726966777E-003
   7.20999000000000        5.10765958333333      -5.984454164727458E-003
   7.20999000000000        5.40799250000000      -4.993099998316371E-003
   7.20999000000000        5.70832541666667      -3.705134768727867E-003
   7.20999000000000        6.00865833333333      -2.321049663540051E-003
   7.20999000000000        6.30899125000000      -1.070579654436318E-003
   7.20999000000000        6.60932416666667      -1.782345749781551E-004
   7.20999000000000        6.90965708333333       3.588293022623807E-004
   7.20999000000000        7.20999000000000      -5.457002255329808E-004
