  2.000000000000000E-003  2.000000000000000E-003 -0.197948601201623     
  2.000000000000000E-003  0.302332916666667      -0.190157723261038     
  2.000000000000000E-003  0.602665833333333      -0.179423001535189     
  2.000000000000000E-003  0.902998750000000      -0.177241545766358     
  2.000000000000000E-003   1.20333166666667      -0.173730869313200     
  2.000000000000000E-003   1.50366458333333      -0.167754222094382     
  2.000000000000000E-003   1.80399750000000      -0.160225136998449     
  2.000000000000000E-003   2.10433041666667      -0.151941087843586     
  2.000000000000000E-003   2.40466333333333      -0.143346212519391     
  2.000000000000000E-003   2.70499625000000      -0.135123975599801     
  2.000000000000000E-003   3.00532916666667      -0.128489146556987     
  2.000000000000000E-003   3.30566208333333      -0.124897742790873     
  2.000000000000000E-003   3.60599500000000      -0.122667268693924     
  2.000000000000000E-003   3.90632791666667      -0.113105826645863     
  2.000000000000000E-003   4.20666083333333      -0.104155667712289     
  2.000000000000000E-003   4.50699375000000      -9.551104228603111E-002
  2.000000000000000E-003   4.80732666666667      -8.815010245514476E-002
  2.000000000000000E-003   5.10765958333333      -8.212087892133234E-002
  2.000000000000000E-003   5.40799250000000      -7.744649638932380E-002
  2.000000000000000E-003   5.70832541666667      -7.421166894749566E-002
  2.000000000000000E-003   6.00865833333333      -7.221389397321910E-002
  2.000000000000000E-003   6.30899125000000      -7.107922540161470E-002
  2.000000000000000E-003   6.60932416666667      -7.008611545591605E-002
  2.000000000000000E-003   6.90965708333333      -6.761076454555642E-002
  2.000000000000000E-003   7.20999000000000      -6.343090218336277E-002
  0.302332916666667       2.000000000000000E-003 -0.205760812570866     
  0.302332916666667       0.302332916666667      -0.209823583435415     
  0.302332916666667       0.602665833333333      -0.203190253407878     
  0.302332916666667       0.902998750000000      -0.199118831804582     
  0.302332916666667        1.20333166666667      -0.193442976602380     
  0.302332916666667        1.50366458333333      -0.185369004936788     
  0.302332916666667        1.80399750000000      -0.175687712287368     
  0.302332916666667        2.10433041666667      -0.164966786041343     
  0.302332916666667        2.40466333333333      -0.153270838693890     
  0.302332916666667        2.70499625000000      -0.140942495491174     
  0.302332916666667        3.00532916666667      -0.129616058475610     
  0.302332916666667        3.30566208333333      -0.123076547795893     
  0.302332916666667        3.60599500000000      -0.124896621117666     
  0.302332916666667        3.90632791666667      -0.122833479929220     
  0.302332916666667        4.20666083333333      -0.113867498632404     
  0.302332916666667        4.50699375000000      -0.103765849582608     
  0.302332916666667        4.80732666666667      -9.499847160091947E-002
  0.302332916666667        5.10765958333333      -8.786283392704301E-002
  0.302332916666667        5.40799250000000      -8.226639178771526E-002
  0.302332916666667        5.70832541666667      -7.811141186462595E-002
  0.302332916666667        6.00865833333333      -7.509367838794705E-002
  0.302332916666667        6.30899125000000      -7.280834836918051E-002
  0.302332916666667        6.60932416666667      -7.066505388756000E-002
  0.302332916666667        6.90965708333333      -6.828428760044312E-002
  0.302332916666667        7.20999000000000      -6.552050379267693E-002
  0.602665833333333       2.000000000000000E-003 -0.223902208065802     
  0.602665833333333       0.302332916666667      -0.229431099147523     
  0.602665833333333       0.602665833333333      -0.230153973010194     
  0.602665833333333       0.902998750000000      -0.224347289365510     
  0.602665833333333        1.20333166666667      -0.215488041048424     
  0.602665833333333        1.50366458333333      -0.204768396566251     
  0.602665833333333        1.80399750000000      -0.192792189002977     
  0.602665833333333        2.10433041666667      -0.179914150358020     
  0.602665833333333        2.40466333333333      -0.166309863995911     
  0.602665833333333        2.70499625000000      -0.151951980827347     
  0.602665833333333        3.00532916666667      -0.139032893235927     
  0.602665833333333        3.30566208333333      -0.130857077596402     
  0.602665833333333        3.60599500000000      -0.129048886571839     
  0.602665833333333        3.90632791666667      -0.126881218105865     
  0.602665833333333        4.20666083333333      -0.119609435753390     
  0.602665833333333        4.50699375000000      -0.110031420077078     
  0.602665833333333        4.80732666666667      -0.100988115841437     
  0.602665833333333        5.10765958333333      -9.327975783080936E-002
  0.602665833333333        5.40799250000000      -8.694780663938796E-002
  0.602665833333333        5.70832541666667      -8.186038576101744E-002
  0.602665833333333        6.00865833333333      -7.774103784083464E-002
  0.602665833333333        6.30899125000000      -7.427788986357944E-002
  0.602665833333333        6.60932416666667      -7.129838303614632E-002
  0.602665833333333        6.90965708333333      -6.886914873353712E-002
  0.602665833333333        7.20999000000000      -6.559162016685136E-002
  0.902998750000000       2.000000000000000E-003 -0.256268541483454     
  0.902998750000000       0.302332916666667      -0.258040295804858     
  0.902998750000000       0.602665833333333      -0.257200070707904     
  0.902998750000000       0.902998750000000      -0.250170000852977     
  0.902998750000000        1.20333166666667      -0.238960459047536     
  0.902998750000000        1.50366458333333      -0.225625566065255     
  0.902998750000000        1.80399750000000      -0.211247472644763     
  0.902998750000000        2.10433041666667      -0.196364686929384     
  0.902998750000000        2.40466333333333      -0.181465504738214     
  0.902998750000000        2.70499625000000      -0.166667505676550     
  0.902998750000000        3.00532916666667      -0.153074441820433     
  0.902998750000000        3.30566208333333      -0.143029637758549     
  0.902998750000000        3.60599500000000      -0.136744884069243     
  0.902998750000000        3.90632791666667      -0.131169369639965     
  0.902998750000000        4.20666083333333      -0.123641268009937     
  0.902998750000000        4.50699375000000      -0.114703337130447     
  0.902998750000000        4.80732666666667      -0.106003701245138     
  0.902998750000000        5.10765958333333      -9.814860164011967E-002
  0.902998750000000        5.40799250000000      -9.128259081291351E-002
  0.902998750000000        5.70832541666667      -8.542408768363653E-002
  0.902998750000000        6.00865833333333      -8.039533037353210E-002
  0.902998750000000        6.30899125000000      -7.603116838288232E-002
  0.902998750000000        6.60932416666667      -7.225032535188992E-002
  0.902998750000000        6.90965708333333      -6.884077788637835E-002
  0.902998750000000        7.20999000000000      -6.500305499012557E-002
   1.20333166666667       2.000000000000000E-003 -0.300114183373644     
   1.20333166666667       0.302332916666667      -0.298848716937777     
   1.20333166666667       0.602665833333333      -0.293289143279637     
   1.20333166666667       0.902998750000000      -0.282177759630873     
   1.20333166666667        1.20333166666667      -0.266876365758920     
   1.20333166666667        1.50366458333333      -0.249510594872169     
   1.20333166666667        1.80399750000000      -0.231640713313168     
   1.20333166666667        2.10433041666667      -0.214107679155662     
   1.20333166666667        2.40466333333333      -0.197456494414457     
   1.20333166666667        2.70499625000000      -0.181895805672774     
   1.20333166666667        3.00532916666667      -0.167695364374434     
   1.20333166666667        3.30566208333333      -0.155525606738833     
   1.20333166666667        3.60599500000000      -0.145616633162610     
   1.20333166666667        3.90632791666667      -0.136791519681958     
   1.20333166666667        4.20666083333333      -0.127908786195165     
   1.20333166666667        4.50699375000000      -0.118999820782410     
   1.20333166666667        4.80732666666667      -0.110444243821869     
   1.20333166666667        5.10765958333333      -0.102453831644294     
   1.20333166666667        5.40799250000000      -9.518663989706760E-002
   1.20333166666667        5.70832541666667      -8.870797054006643E-002
   1.20333166666667        6.00865833333333      -8.294981165868648E-002
   1.20333166666667        6.30899125000000      -7.784393891360918E-002
   1.20333166666667        6.60932416666667      -7.330265044006827E-002
   1.20333166666667        6.90965708333333      -6.910475848930965E-002
   1.20333166666667        7.20999000000000      -6.490029665338519E-002
   1.50366458333333       2.000000000000000E-003 -0.362937922203404     
   1.50366458333333       0.302332916666667      -0.358801687472325     
   1.50366458333333       0.602665833333333      -0.346556526867881     
   1.50366458333333       0.902998750000000      -0.327466498404247     
   1.50366458333333        1.20333166666667      -0.304124655111599     
   1.50366458333333        1.50366458333333      -0.279424423816883     
   1.50366458333333        1.80399750000000      -0.255434867097668     
   1.50366458333333        2.10433041666667      -0.233282094198146     
   1.50366458333333        2.40466333333333      -0.213636036785559     
   1.50366458333333        2.70499625000000      -0.196265451572415     
   1.50366458333333        3.00532916666667      -0.180718940096314     
   1.50366458333333        3.30566208333333      -0.166765912328586     
   1.50366458333333        3.60599500000000      -0.154297365780406     
   1.50366458333333        3.90632791666667      -0.143072191997977     
   1.50366458333333        4.20666083333333      -0.132811564693914     
   1.50366458333333        4.50699375000000      -0.123350306154688     
   1.50366458333333        4.80732666666667      -0.114561611149522     
   1.50366458333333        5.10765958333333      -0.106334039978105     
   1.50366458333333        5.40799250000000      -9.866201594846574E-002
   1.50366458333333        5.70832541666667      -9.163862147051820E-002
   1.50366458333333        6.00865833333333      -8.526374450080201E-002
   1.50366458333333        6.30899125000000      -7.953566944474032E-002
   1.50366458333333        6.60932416666667      -7.439781410853517E-002
   1.50366458333333        6.90965708333333      -6.968593420469557E-002
   1.50366458333333        7.20999000000000      -6.520611322581293E-002
   1.80399750000000       2.000000000000000E-003 -0.455602750876619     
   1.80399750000000       0.302332916666667      -0.447418340558912     
   1.80399750000000       0.602665833333333      -0.424945346250933     
   1.80399750000000       0.902998750000000      -0.392440106888820     
   1.80399750000000        1.20333166666667      -0.355366000575317     
   1.80399750000000        1.50366458333333      -0.318154848103407     
   1.80399750000000        1.80399750000000      -0.283716674766222     
   1.80399750000000        2.10433041666667      -0.254190165703183     
   1.80399750000000        2.40466333333333      -0.229829185792743     
   1.80399750000000        2.70499625000000      -0.209620470454354     
   1.80399750000000        3.00532916666667      -0.192208188314484     
   1.80399750000000        3.30566208333333      -0.176588101498903     
   1.80399750000000        3.60599500000000      -0.162329837365681     
   1.80399750000000        3.90632791666667      -0.149400686116555     
   1.80399750000000        4.20666083333333      -0.137860925297187     
   1.80399750000000        4.50699375000000      -0.127627868675929     
   1.80399750000000        4.80732666666667      -0.118414682233938     
   1.80399750000000        5.10765958333333      -0.109871491949098     
   1.80399750000000        5.40799250000000      -0.101797003662308     
   1.80399750000000        5.70832541666667      -9.421840024965619E-002
   1.80399750000000        6.00865833333333      -8.726709217760908E-002
   1.80399750000000        6.30899125000000      -8.099864906714289E-002
   1.80399750000000        6.60932416666667      -7.540076568511460E-002
   1.80399750000000        6.90965708333333      -7.034569038344632E-002
   1.80399750000000        7.20999000000000      -6.566755138095584E-002
   2.10433041666667       2.000000000000000E-003 -0.592455110225349     
   2.10433041666667       0.302332916666667      -0.577444916126388     
   2.10433041666667       0.602665833333333      -0.537185972994142     
   2.10433041666667       0.902998750000000      -0.482307923598641     
   2.10433041666667        1.20333166666667      -0.422641590341884     
   2.10433041666667        1.50366458333333      -0.365912368470487     
   2.10433041666667        1.80399750000000      -0.316767975341848     
   2.10433041666667        2.10433041666667      -0.276977203001901     
   2.10433041666667        2.40466333333333      -0.246011429415740     
   2.10433041666667        2.70499625000000      -0.221885026247748     
   2.10433041666667        3.00532916666667      -0.202193011048263     
   2.10433041666667        3.30566208333333      -0.185031211680120     
   2.10433041666667        3.60599500000000      -0.169435471774583     
   2.10433041666667        3.90632791666667      -0.155249976680386     
   2.10433041666667        4.20666083333333      -0.142648109046713     
   2.10433041666667        4.50699375000000      -0.131655147091366     
   2.10433041666667        4.80732666666667      -0.121957309402791     
   2.10433041666667        5.10765958333333      -0.113058038407755     
   2.10433041666667        5.40799250000000      -0.104589106548939     
   2.10433041666667        5.70832541666667      -9.649336197486839E-002
   2.10433041666667        6.00865833333333      -8.895162712279850E-002
   2.10433041666667        6.30899125000000      -8.216086772415436E-002
   2.10433041666667        6.60932416666667      -7.617088453925824E-002
   2.10433041666667        6.90965708333333      -7.088854076701569E-002
   2.10433041666667        7.20999000000000      -6.610872887868162E-002
   2.40466333333333       2.000000000000000E-003 -0.796889972346030     
   2.40466333333333       0.302332916666667      -0.767878882428357     
   2.40466333333333       0.602665833333333      -0.692752209613889     
   2.40466333333333       0.902998750000000      -0.598089014105420     
   2.40466333333333        1.20333166666667      -0.504269320834820     
   2.40466333333333        1.50366458333333      -0.421559734283275     
   2.40466333333333        1.80399750000000      -0.353749532963610     
   2.40466333333333        2.10433041666667      -0.301160281953309     
   2.40466333333333        2.40466333333333      -0.261963472595023     
   2.40466333333333        2.70499625000000      -0.232974995487595     
   2.40466333333333        3.00532916666667      -0.210625657900258     
   2.40466333333333        3.30566208333333      -0.191986894670829     
   2.40466333333333        3.60599500000000      -0.175377194758991     
   2.40466333333333        3.90632791666667      -0.160303068157349     
   2.40466333333333        4.20666083333333      -0.146897008817015     
   2.40466333333333        4.50699375000000      -0.135256278141775     
   2.40466333333333        4.80732666666667      -0.125089880060103     
   2.40466333333333        5.10765958333333      -0.115822789778167     
   2.40466333333333        5.40799250000000      -0.106962544528208     
   2.40466333333333        5.70832541666667      -9.837198474501377E-002
   2.40466333333333        6.00865833333333      -9.025015757734026E-002
   2.40466333333333        6.30899125000000      -8.290345732087659E-002
   2.40466333333333        6.60932416666667      -7.653079583247872E-002
   2.40466333333333        6.90965708333333      -7.112936275816314E-002
   2.40466333333333        7.20999000000000      -6.644386368054830E-002
   2.70499625000000       2.000000000000000E-003  -1.06866530270513     
   2.70499625000000       0.302332916666667       -1.02104472225781     
   2.70499625000000       0.602665833333333      -0.897799787578143     
   2.70499625000000       0.902998750000000      -0.741623486165131     
   2.70499625000000        1.20333166666667      -0.597412160373249     
   2.70499625000000        1.50366458333333      -0.481532780965697     
   2.70499625000000        1.80399750000000      -0.391987004799236     
   2.70499625000000        2.10433041666667      -0.325165586476371     
   2.70499625000000        2.40466333333333      -0.276946925997663     
   2.70499625000000        2.70499625000000      -0.242644597127528     
   2.70499625000000        3.00532916666667      -0.217463272509173     
   2.70499625000000        3.30566208333333      -0.197414599333861     
   2.70499625000000        3.60599500000000      -0.180023703598403     
   2.70499625000000        3.90632791666667      -0.164352980664936     
   2.70499625000000        4.20666083333333      -0.150393470106723     
   2.70499625000000        4.50699375000000      -0.138260005065966     
   2.70499625000000        4.80732666666667      -0.127689426999798     
   2.70499625000000        5.10765958333333      -0.118071578948729     
   2.70499625000000        5.40799250000000      -0.108830695527149     
   2.70499625000000        5.70832541666667      -9.975532043359980E-002
   2.70499625000000        6.00865833333333      -9.102518110582401E-002
   2.70499625000000        6.30899125000000      -8.300541354288266E-002
   2.70499625000000        6.60932416666667      -7.613081888699452E-002
   2.70499625000000        6.90965708333333      -7.074906335106441E-002
   2.70499625000000        7.20999000000000      -6.645707353923808E-002
   3.00532916666667       2.000000000000000E-003  -1.36249632512274     
   3.00532916666667       0.302332916666667       -1.29501533341074     
   3.00532916666667       0.602665833333333       -1.11834279899639     
   3.00532916666667       0.902998750000000      -0.897376663463955     
   3.00532916666667        1.20333166666667      -0.692297995367587     
   3.00532916666667        1.50366458333333      -0.538284628944595     
   3.00532916666667        1.80399750000000      -0.426619580109664     
   3.00532916666667        2.10433041666667      -0.346212766303058     
   3.00532916666667        2.40466333333333      -0.289594222148680     
   3.00532916666667        2.70499625000000      -0.250370545279181     
   3.00532916666667        3.00532916666667      -0.222585747399148     
   3.00532916666667        3.30566208333333      -0.201299948378835     
   3.00532916666667        3.60599500000000      -0.183317886743584     
   3.00532916666667        3.90632791666667      -0.167273100323001     
   3.00532916666667        4.20666083333333      -0.152976248086832     
   3.00532916666667        4.50699375000000      -0.140512949803501     
   3.00532916666667        4.80732666666667      -0.129634783946284     
   3.00532916666667        5.10765958333333      -0.119719923812668     
   3.00532916666667        5.40799250000000      -0.110140372726582     
   3.00532916666667        5.70832541666667      -0.100611317399923     
   3.00532916666667        6.00865833333333      -9.122785251340938E-002
   3.00532916666667        6.30899125000000      -8.232016707319761E-002
   3.00532916666667        6.60932416666667      -7.475038400403487E-002
   3.00532916666667        6.90965708333333      -6.946291976763702E-002
   3.00532916666667        7.20999000000000      -6.587738811728441E-002
   3.30566208333333       2.000000000000000E-003  -1.58069118746102     
   3.30566208333333       0.302332916666667       -1.50351126063391     
   3.30566208333333       0.602665833333333       -1.29346108382085     
   3.30566208333333       0.902998750000000       -1.01999620015184     
   3.30566208333333        1.20333166666667      -0.768056650647202     
   3.30566208333333        1.50366458333333      -0.580377708888312     
   3.30566208333333        1.80399750000000      -0.451304699696157     
   3.30566208333333        2.10433041666667      -0.360852327832594     
   3.30566208333333        2.40466333333333      -0.298182607559599     
   3.30566208333333        2.70499625000000      -0.255435098248734     
   3.30566208333333        3.00532916666667      -0.225784165746296     
   3.30566208333333        3.30566208333333      -0.203619256811823     
   3.30566208333333        3.60599500000000      -0.185248920915418     
   3.30566208333333        3.90632791666667      -0.169006503306007     
   3.30566208333333        4.20666083333333      -0.154543951216162     
   3.30566208333333        4.50699375000000      -0.141898933779077     
   3.30566208333333        4.80732666666667      -0.130829670416138     
   3.30566208333333        5.10765958333333      -0.120713616968258     
   3.30566208333333        5.40799250000000      -0.110891456326505     
   3.30566208333333        5.70832541666667      -0.101011452702592     
   3.30566208333333        6.00865833333333      -9.102181775459933E-002
   3.30566208333333        6.30899125000000      -8.120576786135421E-002
   3.30566208333333        6.60932416666667      -7.270053438525106E-002
   3.30566208333333        6.90965708333333      -6.731819642695491E-002
   3.30566208333333        7.20999000000000      -6.428281451726718E-002
   3.60599500000000       2.000000000000000E-003  -1.72350149006469     
   3.60599500000000       0.302332916666667       -1.57795264118564     
   3.60599500000000       0.602665833333333       -1.35923372758289     
   3.60599500000000       0.902998750000000       -1.06696586385385     
   3.60599500000000        1.20333166666667      -0.797233990667054     
   3.60599500000000        1.50366458333333      -0.596170815305556     
   3.60599500000000        1.80399750000000      -0.460340437477159     
   3.60599500000000        2.10433041666667      -0.366134490544734     
   3.60599500000000        2.40466333333333      -0.301240139687381     
   3.60599500000000        2.70499625000000      -0.257202157867909     
   3.60599500000000        3.00532916666667      -0.226865752995493     
   3.60599500000000        3.30566208333333      -0.204375519266260     
   3.60599500000000        3.60599500000000      -0.185864926920618     
   3.60599500000000        3.90632791666667      -0.169564101314994     
   3.60599500000000        4.20666083333333      -0.155056604180100     
   3.60599500000000        4.50699375000000      -0.142355498867054     
   3.60599500000000        4.80732666666667      -0.131221934994553     
   3.60599500000000        5.10765958333333      -0.121034149348406     
   3.60599500000000        5.40799250000000      -0.111120702468326     
   3.60599500000000        5.70832541666667      -0.101098946111958     
   3.60599500000000        6.00865833333333      -9.083652414699848E-002
   3.60599500000000        6.30899125000000      -8.058456875091889E-002
   3.60599500000000        6.60932416666667      -7.151925859620906E-002
   3.60599500000000        6.90965708333333      -6.590253880266302E-002
   3.60599500000000        7.20999000000000      -6.219685298536849E-002
   3.90632791666667       2.000000000000000E-003  -1.58070305188347     
   3.90632791666667       0.302332916666667       -1.50423070341687     
   3.90632791666667       0.602665833333333       -1.29416518809560     
   3.90632791666667       0.902998750000000       -1.02047025790626     
   3.90632791666667        1.20333166666667      -0.768325918129706     
   3.90632791666667        1.50366458333333      -0.580522133101251     
   3.90632791666667        1.80399750000000      -0.451379442062749     
   3.90632791666667        2.10433041666667      -0.360880318214484     
   3.90632791666667        2.40466333333333      -0.298179531352576     
   3.90632791666667        2.70499625000000      -0.255413650203385     
   3.90632791666667        3.00532916666667      -0.225753590571325     
   3.90632791666667        3.30566208333333      -0.203585167103161     
   3.90632791666667        3.60599500000000      -0.185214240313847     
   3.90632791666667        3.90632791666667      -0.168972766364655     
   3.90632791666667        4.20666083333333      -0.154512253524964     
   3.90632791666667        4.50699375000000      -0.141869815883653     
   3.90632791666667        4.80732666666667      -0.130802211276644     
   3.90632791666667        5.10765958333333      -0.120684797336644     
   3.90632791666667        5.40799250000000      -0.110855741853665     
   3.90632791666667        5.70832541666667      -0.100959950738838     
   3.90632791666667        6.00865833333333      -9.093692144602453E-002
   3.90632791666667        6.30899125000000      -8.106225682435009E-002
   3.90632791666667        6.60932416666667      -7.248610749927674E-002
   3.90632791666667        6.90965708333333      -6.708016503458351E-002
   3.90632791666667        7.20999000000000      -6.417934199228266E-002
   4.20666083333333       2.000000000000000E-003  -1.36251133067972     
   4.20666083333333       0.302332916666667       -1.29572530753524     
   4.20666083333333       0.602665833333333       -1.11918604084909     
   4.20666083333333       0.902998750000000      -0.898017599086218     
   4.20666083333333        1.20333166666667      -0.692685299167106     
   4.20666083333333        1.50366458333333      -0.538508064901022     
   4.20666083333333        1.80399750000000      -0.426733035160425     
   4.20666083333333        2.10433041666667      -0.346246452868367     
   4.20666083333333        2.40466333333333      -0.289573148015974     
   4.20666083333333        2.70499625000000      -0.250316770143947     
   4.20666083333333        3.00532916666667      -0.222516391803335     
   4.20666083333333        3.30566208333333      -0.201226428177678     
   4.20666083333333        3.60599500000000      -0.183246856883139     
   4.20666083333333        3.90632791666667      -0.167208344387510     
   4.20666083333333        4.20666083333333      -0.152919917052963     
   4.20666083333333        4.50699375000000      -0.140465184542452     
   4.20666083333333        4.80732666666667      -0.129592576882448     
   4.20666083333333        5.10765958333333      -0.119676439417635     
   4.20666083333333        5.40799250000000      -0.110085120685931     
   4.20666083333333        5.70832541666667      -0.100530156879022     
   4.20666083333333        6.00865833333333      -9.109927656770403E-002
   4.20666083333333        6.30899125000000      -8.211189236386705E-002
   4.20666083333333        6.60932416666667      -7.446124493201019E-002
   4.20666083333333        6.90965708333333      -6.916013312214155E-002
   4.20666083333333        7.20999000000000      -6.569128177308814E-002
   4.50699375000000       2.000000000000000E-003  -1.06867799725637     
   4.50699375000000       0.302332916666667       -1.02152139591499     
   4.50699375000000       0.602665833333333      -0.898436090085003     
   4.50699375000000       0.902998750000000      -0.742150961948406     
   4.50699375000000        1.20333166666667      -0.597771024185863     
   4.50699375000000        1.50366458333333      -0.481750261898302     
   4.50699375000000        1.80399750000000      -0.392086193818691     
   4.50699375000000        2.10433041666667      -0.325170098540473     
   4.50699375000000        2.40466333333333      -0.276883332470606     
   4.50699375000000        2.70499625000000      -0.242539705755610     
   4.50699375000000        3.00532916666667      -0.217340359970333     
   4.50699375000000        3.30566208333333      -0.197291420643269     
   4.50699375000000        3.60599500000000      -0.179912476057623     
   4.50699375000000        3.90632791666667      -0.164261066923196     
   4.50699375000000        4.20666083333333      -0.150323935402838     
   4.50699375000000        4.50699375000000      -0.138210896194634     
   4.50699375000000        4.80732666666667      -0.127653266026509     
   4.50699375000000        5.10765958333333      -0.118036144759038     
   4.50699375000000        5.40799250000000      -0.108780821361098     
   4.50699375000000        5.70832541666667      -9.967489465955166E-002
   4.50699375000000        6.00865833333333      -9.089731310249183E-002
   4.50699375000000        6.30899125000000      -8.281088337996464E-002
   4.50699375000000        6.60932416666667      -7.586926815120892E-002
   4.50699375000000        6.90965708333333      -7.047488110427701E-002
   4.50699375000000        7.20999000000000      -6.624875703584129E-002
   4.80732666666667       2.000000000000000E-003 -0.796898432264981     
   4.80732666666667       0.302332916666667      -0.768136805182442     
   4.80732666666667       0.602665833333333      -0.693115560849568     
   4.80732666666667       0.902998750000000      -0.598428427981997     
   4.80732666666667        1.20333166666667      -0.504523119513718     
   4.80732666666667        1.50366458333333      -0.421706340839746     
   4.80732666666667        1.80399750000000      -0.353787630841210     
   4.80732666666667        2.10433041666667      -0.301102440237742     
   4.80732666666667        2.40466333333333      -0.261832167284081     
   4.80732666666667        2.70499625000000      -0.232797913930275     
   4.80732666666667        3.00532916666667      -0.210431042916362     
   4.80732666666667        3.30566208333333      -0.191800401442673     
   4.80732666666667        3.60599500000000      -0.175219396632298     
   4.80732666666667        3.90632791666667      -0.160187093385763     
   4.80732666666667        4.20666083333333      -0.146826386837368     
   4.80732666666667        4.50699375000000      -0.135224472036512     
   4.80732666666667        4.80732666666667      -0.125081791399567     
   4.80732666666667        5.10765958333333      -0.115818458647642     
   4.80732666666667        5.40799250000000      -0.106941807388864     
   4.80732666666667        5.70832541666667      -9.831806417031420E-002
   4.80732666666667        6.00865833333333      -9.015092762552460E-002
   4.80732666666667        6.30899125000000      -8.275162213537361E-002
   4.80732666666667        6.60932416666667      -7.632806020142444E-002
   4.80732666666667        6.90965708333333      -7.089778949155212E-002
   4.80732666666667        7.20999000000000      -6.622434675267874E-002
   5.10765958333333       2.000000000000000E-003 -0.592459274680357     
   5.10765958333333       0.302332916666667      -0.577555994808823     
   5.10765958333333       0.602665833333333      -0.537356077546765     
   5.10765958333333       0.902998750000000      -0.482477555219054     
   5.10765958333333        1.20333166666667      -0.422763945042376     
   5.10765958333333        1.50366458333333      -0.365957001589614     
   5.10765958333333        1.80399750000000      -0.316720324308550     
   5.10765958333333        2.10433041666667      -0.276838302114765     
   5.10765958333333        2.40466333333333      -0.245796148378579     
   5.10765958333333        2.70499625000000      -0.221618941054890     
   5.10765958333333        3.00532916666667      -0.201909294147669     
   5.10765958333333        3.30566208333333      -0.184766440454170     
   5.10765958333333        3.60599500000000      -0.169222876637721     
   5.10765958333333        3.90632791666667      -0.155111023424664     
   5.10765958333333        4.20666083333333      -0.142586380481346     
   5.10765958333333        4.50699375000000      -0.131656266717840     
   5.10765958333333        4.80732666666667      -0.121994569439310     
   5.10765958333333        5.10765958333333      -0.113101253732586     
   5.10765958333333        5.40799250000000      -0.104612680438704     
   5.10765958333333        5.70832541666667      -9.648078169536205E-002
   5.10765958333333        6.00865833333333      -8.889469794949782E-002
   5.10765958333333        6.30899125000000      -8.205500026757302E-002
   5.10765958333333        6.60932416666667      -7.601125332716323E-002
   5.10765958333333        6.90965708333333      -7.067475591932533E-002
   5.10765958333333        7.20999000000000      -6.585452483327955E-002
   5.40799250000000       2.000000000000000E-003 -0.455603695653470     
   5.40799250000000       0.302332916666667      -0.447428190816447     
   5.40799250000000       0.602665833333333      -0.424965319714292     
   5.40799250000000       0.902998750000000      -0.392459247440757     
   5.40799250000000        1.20333166666667      -0.355360843218941     
   5.40799250000000        1.50366458333333      -0.318100504573562     
   5.40799250000000        1.80399750000000      -0.283587988561804     
   5.40799250000000        2.10433041666667      -0.253974281036147     
   5.40799250000000        2.40466333333333      -0.229529816081262     
   5.40799250000000        2.70499625000000      -0.209258584549722     
   5.40799250000000        3.00532916666667      -0.191822018940195     
   5.40799250000000        3.30566208333333      -0.176229630953164     
   5.40799250000000        3.60599500000000      -0.162052160867469     
   5.40799250000000        3.90632791666667      -0.149238336171138     
   5.40799250000000        4.20666083333333      -0.137816232395890     
   5.40799250000000        4.50699375000000      -0.127673394243182     
   5.40799250000000        4.80732666666667      -0.118507408943550     
   5.40799250000000        5.10765958333333      -0.109968808941983     
   5.40799250000000        5.40799250000000      -0.101868364053830     
   5.40799250000000        5.70832541666667      -9.424995805864403E-002
   5.40799250000000        6.00865833333333      -8.725714112782319E-002
   5.40799250000000        6.30899125000000      -8.094122328334985E-002
   5.40799250000000        6.60932416666667      -7.527471605268593E-002
   5.40799250000000        6.90965708333333      -7.012399778376822E-002
   5.40799250000000        7.20999000000000      -6.534747181018538E-002
   5.70832541666667       2.000000000000000E-003 -0.362936605254365     
   5.70832541666667       0.302332916666667      -0.358714886039260     
   5.70832541666667       0.602665833333333      -0.346447512785373     
   5.70832541666667       0.902998750000000      -0.327375528873071     
   5.70832541666667        1.20333166666667      -0.304038817438894     
   5.70832541666667        1.50366458333333      -0.279309092868697     
   5.70832541666667        1.80399750000000      -0.255260183127070     
   5.70832541666667        2.10433041666667      -0.233018715399836     
   5.70832541666667        2.40466333333333      -0.213272485487085     
   5.70832541666667        2.70499625000000      -0.195812794196086     
   5.70832541666667        3.00532916666667      -0.180217278178153     
   5.70832541666667        3.30566208333333      -0.166289229560039     
   5.70832541666667        3.60599500000000      -0.153935864340936     
   5.70832541666667        3.90632791666667      -0.142885117490132     
   5.70832541666667        4.20666083333333      -0.132794720221496     
   5.70832541666667        4.50699375000000      -0.123451394534708     
   5.70832541666667        4.80732666666667      -0.114714444956815     
   5.70832541666667        5.10765958333333      -0.106482628302340     
   5.70832541666667        5.40799250000000      -9.877298269191088E-002
   5.70832541666667        5.70832541666667      -9.170428744755330E-002
   5.70832541666667        6.00865833333333      -8.528995492261920E-002
   5.70832541666667        6.30899125000000      -7.951921224714260E-002
   5.70832541666667        6.60932416666667      -7.430136994783541E-002
   5.70832541666667        6.90965708333333      -6.944201617499844E-002
   5.70832541666667        7.20999000000000      -6.478631901086049E-002
   6.00865833333333       2.000000000000000E-003 -0.300111534546319     
   6.00865833333333       0.302332916666667      -0.298645628073913     
   6.00865833333333       0.602665833333333      -0.293077981997480     
   6.00865833333333       0.902998750000000      -0.282054668857678     
   6.00865833333333        1.20333166666667      -0.266804162761084     
   6.00865833333333        1.50366458333333      -0.249421510493530     
   6.00865833333333        1.80399750000000      -0.231484923271366     
   6.00865833333333        2.10433041666667      -0.213850424960526     
   6.00865833333333        2.40466333333333      -0.197068920856530     
   6.00865833333333        2.70499625000000      -0.181366203927570     
   6.00865833333333        3.00532916666667      -0.167046370663456     
   6.00865833333333        3.30566208333333      -0.154859823989322     
   6.00865833333333        3.60599500000000      -0.145118806247381     
   6.00865833333333        3.90632791666667      -0.136580906288029     
   6.00865833333333        4.20666083333333      -0.127949357275810     
   6.00865833333333        4.50699375000000      -0.119177979554869     
   6.00865833333333        4.80732666666667      -0.110661012517329     
   6.00865833333333        5.10765958333333      -0.102644074830194     
   6.00865833333333        5.40799250000000      -9.531876258149932E-002
   6.00865833333333        5.70832541666667      -8.878016029480747E-002
   6.00865833333333        6.00865833333333      -8.297989420209895E-002
   6.00865833333333        6.30899125000000      -7.784589872511606E-002
   6.00865833333333        6.60932416666667      -7.323686826769098E-002
   6.00865833333333        6.90965708333333      -6.884041343583039E-002
   6.00865833333333        7.20999000000000      -6.434370805621867E-002
   6.30899125000000       2.000000000000000E-003 -0.256265055749695     
   6.30899125000000       0.302332916666667      -0.257675905854609     
   6.30899125000000       0.602665833333333      -0.256959394189567     
   6.30899125000000       0.902998750000000      -0.250147674946018     
   6.30899125000000        1.20333166666667      -0.239022487716629     
   6.30899125000000        1.50366458333333      -0.225662084091668     
   6.30899125000000        1.80399750000000      -0.211196607179444     
   6.30899125000000        2.10433041666667      -0.196184975486859     
   6.30899125000000        2.40466333333333      -0.181115916057563     
   6.30899125000000        2.70499625000000      -0.166087329883324     
   6.30899125000000        3.00532916666667      -0.152239054406891     
   6.30899125000000        3.30566208333333      -0.142113210651824     
   6.30899125000000        3.60599500000000      -0.136087549114586     
   6.30899125000000        3.90632791666667      -0.130985291189170     
   6.30899125000000        4.20666083333333      -0.123822766604171     
   6.30899125000000        4.50699375000000      -0.115009513926617     
   6.30899125000000        4.80732666666667      -0.106290512720077     
   6.30899125000000        5.10765958333333      -9.836621803610424E-002
   6.30899125000000        5.40799250000000      -9.141089057546159E-002
   6.30899125000000        5.70832541666667      -8.546637831625008E-002
   6.30899125000000        6.00865833333333      -8.037808757604664E-002
   6.30899125000000        6.30899125000000      -7.599807714404803E-002
   6.30899125000000        6.60932416666667      -7.220797762619602E-002
   6.30899125000000        6.90965708333333      -6.859486401646436E-002
   6.30899125000000        7.20999000000000      -6.427567345959441E-002
   6.60932416666667       2.000000000000000E-003 -0.223897438131515     
   6.60932416666667       0.302332916666667      -0.228919869454932     
   6.60932416666667       0.602665833333333      -0.230096976093367     
   6.60932416666667       0.902998750000000      -0.224574909420777     
   6.60932416666667        1.20333166666667      -0.215758607520842     
   6.60932416666667        1.50366458333333      -0.204981760643700     
   6.60932416666667        1.80399750000000      -0.192902781243045     
   6.60932416666667        2.10433041666667      -0.179885038301131     
   6.60932416666667        2.40466333333333      -0.166089866391290     
   6.60932416666667        2.70499625000000      -0.151445405601947     
   6.60932416666667        3.00532916666667      -0.138171637099138     
   6.60932416666667        3.30566208333333      -0.129795508336001     
   6.60932416666667        3.60599500000000      -0.128330278898273     
   6.60932416666667        3.90632791666667      -0.126868385572696     
   6.60932416666667        4.20666083333333      -0.120028679604269     
   6.60932416666667        4.50699375000000      -0.110510001098083     
   6.60932416666667        4.80732666666667      -0.101341828446204     
   6.60932416666667        5.10765958333333      -9.350394709238252E-002
   6.60932416666667        5.40799250000000      -8.705204990724798E-002
   6.60932416666667        5.70832541666667      -8.185116698927702E-002
   6.60932416666667        6.00865833333333      -7.763601530174524E-002
   6.60932416666667        6.30899125000000      -7.412629986613273E-002
   6.60932416666667        6.60932416666667      -7.119730943909218E-002
   6.60932416666667        6.90965708333333      -6.872382652565641E-002
   6.60932416666667        7.20999000000000      -6.472018959896010E-002
   6.90965708333333       2.000000000000000E-003 -0.205754668031850     
   6.90965708333333       0.302332916666667      -0.209667554631036     
   6.90965708333333       0.602665833333333      -0.203471177283467     
   6.90965708333333       0.902998750000000      -0.199488348411861     
   6.90965708333333        1.20333166666667      -0.193818192655959     
   6.90965708333333        1.50366458333333      -0.185705775301197     
   6.90965708333333        1.80399750000000      -0.175952375920596     
   6.90965708333333        2.10433041666667      -0.165126863087714     
   6.90965708333333        2.40466333333333      -0.153294006961945     
   6.90965708333333        2.70499625000000      -0.140765492345363     
   6.90965708333333        3.00532916666667      -0.129127083938259     
   6.90965708333333        3.30566208333333      -0.122292309191913     
   6.90965708333333        3.60599500000000      -0.124406155797422     
   6.90965708333333        3.90632791666667      -0.123124169901432     
   6.90965708333333        4.20666083333333      -0.114481918032635     
   6.90965708333333        4.50699375000000      -0.104322280388254     
   6.90965708333333        4.80732666666667      -9.536597620563340E-002
   6.90965708333333        5.10765958333333      -8.805991986870448E-002
   6.90965708333333        5.40799250000000      -8.233925054335132E-002
   6.90965708333333        5.70832541666667      -7.807327572307031E-002
   6.90965708333333        6.00865833333333      -7.495297061380934E-002
   6.90965708333333        6.30899125000000      -7.258008402811719E-002
   6.90965708333333        6.60932416666667      -7.039494908080642E-002
   6.90965708333333        6.90965708333333      -6.813546149166996E-002
   6.90965708333333        7.20999000000000      -6.480845291394027E-002
   7.20999000000000       2.000000000000000E-003 -0.197950677964558     
   7.20999000000000       0.302332916666667      -0.189922150256178     
   7.20999000000000       0.602665833333333      -0.179129689907321     
   7.20999000000000       0.902998750000000      -0.177253345805851     
   7.20999000000000        1.20333166666667      -0.173967749751312     
   7.20999000000000        1.50366458333333      -0.168090089694785     
   7.20999000000000        1.80399750000000      -0.160577752787632     
   7.20999000000000        2.10433041666667      -0.152269476581752     
   7.20999000000000        2.40466333333333      -0.143657459801562     
   7.20999000000000        2.70499625000000      -0.135429370202549     
   7.20999000000000        3.00532916666667      -0.128729924194774     
   7.20999000000000        3.30566208333333      -0.124957697871445     
   7.20999000000000        3.60599500000000      -0.122562386970738     
   7.20999000000000        3.90632791666667      -0.113287412212946     
   7.20999000000000        4.20666083333333      -0.104569890956770     
   7.20999000000000        4.50699375000000      -9.590223871441787E-002
   7.20999000000000        4.80732666666667      -8.840839155853238E-002
   7.20999000000000        5.10765958333333      -8.224747922732406E-002
   7.20999000000000        5.40799250000000      -7.748803789079231E-002
   7.20999000000000        5.70832541666667      -7.419574707380756E-002
   7.20999000000000        6.00865833333333      -7.218110946826053E-002
   7.20999000000000        6.30899125000000      -7.110152884378848E-002
   7.20999000000000        6.60932416666667      -7.022085679749959E-002
   7.20999000000000        6.90965708333333      -6.764634745269331E-002
   7.20999000000000        7.20999000000000      -6.317880837095667E-002
