  2.000000000000000E-003  2.000000000000000E-003  -2.42481817705798     
  2.000000000000000E-003  0.302332916666667       -2.46392113313395     
  2.000000000000000E-003  0.602665833333333       -2.09791626618365     
  2.000000000000000E-003  0.902998750000000       -1.59108355665110     
  2.000000000000000E-003   1.20333166666667       -1.17213110258269     
  2.000000000000000E-003   1.50366458333333      -0.861298141020713     
  2.000000000000000E-003   1.80399750000000      -0.634621407759233     
  2.000000000000000E-003   2.10433041666667      -0.468663786496645     
  2.000000000000000E-003   2.40466333333333      -0.341640856991408     
  2.000000000000000E-003   2.70499625000000      -0.245934923624392     
  2.000000000000000E-003   3.00532916666667      -0.188834975523466     
  2.000000000000000E-003   3.30566208333333      -0.180503997995772     
  2.000000000000000E-003   3.60599500000000      -0.201281373940604     
  2.000000000000000E-003   3.90632791666667      -0.135831665927692     
  2.000000000000000E-003   4.20666083333333      -9.273825549028285E-002
  2.000000000000000E-003   4.50699375000000      -7.923523164874165E-002
  2.000000000000000E-003   4.80732666666667      -8.062841605383475E-002
  2.000000000000000E-003   5.10765958333333      -8.573341008950135E-002
  2.000000000000000E-003   5.40799250000000      -9.052667694357125E-002
  2.000000000000000E-003   5.70832541666667      -9.659241225451018E-002
  2.000000000000000E-003   6.00865833333333      -0.100516671526860     
  2.000000000000000E-003   6.30899125000000      -9.596729610986338E-002
  2.000000000000000E-003   6.60932416666667      -8.009307667881568E-002
  2.000000000000000E-003   6.90965708333333      -7.618559272831157E-002
  2.000000000000000E-003   7.20999000000000      -7.614787630221592E-002
  0.302332916666667       2.000000000000000E-003  -2.46407291691304     
  0.302332916666667       0.302332916666667       -2.19701289786162     
  0.302332916666667       0.602665833333333       -1.86221505000812     
  0.302332916666667       0.902998750000000       -1.46754115083743     
  0.302332916666667        1.20333166666667       -1.11036250704224     
  0.302332916666667        1.50366458333333      -0.829618760137484     
  0.302332916666667        1.80399750000000      -0.618803804514664     
  0.302332916666667        2.10433041666667      -0.462664038511299     
  0.302332916666667        2.40466333333333      -0.344115960020706     
  0.302332916666667        2.70499625000000      -0.255803411263897     
  0.302332916666667        3.00532916666667      -0.207876610174505     
  0.302332916666667        3.30566208333333      -0.205641974957289     
  0.302332916666667        3.60599500000000      -0.212855150388407     
  0.302332916666667        3.90632791666667      -0.159860746385467     
  0.302332916666667        4.20666083333333      -0.109722944810098     
  0.302332916666667        4.50699375000000      -8.866941238776657E-002
  0.302332916666667        4.80732666666667      -8.567887981959811E-002
  0.302332916666667        5.10765958333333      -8.763294708830599E-002
  0.302332916666667        5.40799250000000      -9.075721277375988E-002
  0.302332916666667        5.70832541666667      -9.554994696922102E-002
  0.302332916666667        6.00865833333333      -9.830381963265322E-002
  0.302332916666667        6.30899125000000      -9.333348406748371E-002
  0.302332916666667        6.60932416666667      -7.864173762827702E-002
  0.302332916666667        6.90965708333333      -7.142998639128320E-002
  0.302332916666667        7.20999000000000      -8.170242193295127E-002
  0.602665833333333       2.000000000000000E-003  -2.09809516338168     
  0.602665833333333       0.302332916666667       -1.86231614252895     
  0.602665833333333       0.602665833333333       -1.52353230991104     
  0.602665833333333       0.902998750000000       -1.23206463445864     
  0.602665833333333        1.20333166666667      -0.971295414371108     
  0.602665833333333        1.50366458333333      -0.751899806650915     
  0.602665833333333        1.80399750000000      -0.577670945463339     
  0.602665833333333        2.10433041666667      -0.444944678391756     
  0.602665833333333        2.40466333333333      -0.345948550472416     
  0.602665833333333        2.70499625000000      -0.273120305464483     
  0.602665833333333        3.00532916666667      -0.236605982128578     
  0.602665833333333        3.30566208333333      -0.231449528643956     
  0.602665833333333        3.60599500000000      -0.224520038605555     
  0.602665833333333        3.90632791666667      -0.183932654455616     
  0.602665833333333        4.20666083333333      -0.136154910592601     
  0.602665833333333        4.50699375000000      -0.107266785476111     
  0.602665833333333        4.80732666666667      -9.643616525910176E-002
  0.602665833333333        5.10765958333333      -9.190242713822981E-002
  0.602665833333333        5.40799250000000      -9.150200971060539E-002
  0.602665833333333        5.70832541666667      -9.327980503484622E-002
  0.602665833333333        6.00865833333333      -9.345675652600172E-002
  0.602665833333333        6.30899125000000      -8.837045094432421E-002
  0.602665833333333        6.60932416666667      -7.920054766051250E-002
  0.602665833333333        6.90965708333333      -7.827712923338777E-002
  0.602665833333333        7.20999000000000      -8.506565335068712E-002
  0.902998750000000       2.000000000000000E-003  -1.59118742208919     
  0.902998750000000       0.302332916666667       -1.46761402532109     
  0.902998750000000       0.602665833333333       -1.23208656683560     
  0.902998750000000       0.902998750000000       -1.01183073670755     
  0.902998750000000        1.20333166666667      -0.821235801096630     
  0.902998750000000        1.50366458333333      -0.658209832157867     
  0.902998750000000        1.80399750000000      -0.523753213634630     
  0.902998750000000        2.10433041666667      -0.418379874672714     
  0.902998750000000        2.40466333333333      -0.338665709840576     
  0.902998750000000        2.70499625000000      -0.281569966845532     
  0.902998750000000        3.00532916666667      -0.248914729317392     
  0.902998750000000        3.30566208333333      -0.234726000421247     
  0.902998750000000        3.60599500000000      -0.218631908152780     
  0.902998750000000        3.90632791666667      -0.186774519318659     
  0.902998750000000        4.20666083333333      -0.149206254985846     
  0.902998750000000        4.50699375000000      -0.121329099264150     
  0.902998750000000        4.80732666666667      -0.105389167461805     
  0.902998750000000        5.10765958333333      -9.677766744600663E-002
  0.902998750000000        5.40799250000000      -9.298994972237146E-002
  0.902998750000000        5.70832541666667      -9.171808778406695E-002
  0.902998750000000        6.00865833333333      -8.957470765973900E-002
  0.902998750000000        6.30899125000000      -8.459258620939621E-002
  0.902998750000000        6.60932416666667      -7.851879444595132E-002
  0.902998750000000        6.90965708333333      -7.645213989522277E-002
  0.902998750000000        7.20999000000000      -7.664970646603445E-002
   1.20333166666667       2.000000000000000E-003  -1.17216253950518     
   1.20333166666667       0.302332916666667       -1.11038213812798     
   1.20333166666667       0.602665833333333      -0.971297152437458     
   1.20333166666667       0.902998750000000      -0.821230203931321     
   1.20333166666667        1.20333166666667      -0.685282801351792     
   1.20333166666667        1.50366458333333      -0.567003353637236     
   1.20333166666667        1.80399750000000      -0.466987218899500     
   1.20333166666667        2.10433041666667      -0.385768683639694     
   1.20333166666667        2.40466333333333      -0.322490931389641     
   1.20333166666667        2.70499625000000      -0.276377360542784     
   1.20333166666667        3.00532916666667      -0.245621984477095     
   1.20333166666667        3.30566208333333      -0.225209171223939     
   1.20333166666667        3.60599500000000      -0.205130624390916     
   1.20333166666667        3.90632791666667      -0.178993662265937     
   1.20333166666667        4.20666083333333      -0.150663202523938     
   1.20333166666667        4.50699375000000      -0.127149474007256     
   1.20333166666667        4.80732666666667      -0.110818522334190     
   1.20333166666667        5.10765958333333      -0.100878031263129     
   1.20333166666667        5.40799250000000      -9.530753105685698E-002
   1.20333166666667        5.70832541666667      -9.193798065094304E-002
   1.20333166666667        6.00865833333333      -8.830255702080847E-002
   1.20333166666667        6.30899125000000      -8.322808596107188E-002
   1.20333166666667        6.60932416666667      -7.777831669182650E-002
   1.20333166666667        6.90965708333333      -7.400481703031472E-002
   1.20333166666667        7.20999000000000      -7.169266990062569E-002
   1.50366458333333       2.000000000000000E-003 -0.861275220283551     
   1.50366458333333       0.302332916666667      -0.829592296012097     
   1.50366458333333       0.602665833333333      -0.751872318358891     
   1.50366458333333       0.902998750000000      -0.658187324421250     
   1.50366458333333        1.20333166666667      -0.566991245145161     
   1.50366458333333        1.50366458333333      -0.484443094866910     
   1.50366458333333        1.80399750000000      -0.412036655849692     
   1.50366458333333        2.10433041666667      -0.350671688747119     
   1.50366458333333        2.40466333333333      -0.301191204513187     
   1.50366458333333        2.70499625000000      -0.263288124048394     
   1.50366458333333        3.00532916666667      -0.235063289090900     
   1.50366458333333        3.30566208333333      -0.212828893875957     
   1.50366458333333        3.60599500000000      -0.192021996356649     
   1.50366458333333        3.90632791666667      -0.170000625261431     
   1.50366458333333        4.20666083333333      -0.147851437571929     
   1.50366458333333        4.50699375000000      -0.128471969308065     
   1.50366458333333        4.80732666666667      -0.113837756036250     
   1.50366458333333        5.10765958333333      -0.104117298197146     
   1.50366458333333        5.40799250000000      -9.804364953154751E-002
   1.50366458333333        5.70832541666667      -9.371950908434874E-002
   1.50366458333333        6.00865833333333      -8.938692644822657E-002
   1.50366458333333        6.30899125000000      -8.427881205245417E-002
   1.50366458333333        6.60932416666667      -7.897946376032389E-002
   1.50366458333333        6.90965708333333      -7.455566919790521E-002
   1.50366458333333        7.20999000000000      -7.129923403654947E-002
   1.80399750000000       2.000000000000000E-003 -0.634556611624255     
   1.80399750000000       0.302332916666667      -0.618739917013471     
   1.80399750000000       0.602665833333333      -0.577616474111072     
   1.80399750000000       0.902998750000000      -0.523713454655803     
   1.80399750000000        1.20333166666667      -0.466963920001313     
   1.80399750000000        1.50366458333333      -0.412027636135900     
   1.80399750000000        1.80399750000000      -0.361032503561545     
   1.80399750000000        2.10433041666667      -0.315959366738124     
   1.80399750000000        2.40466333333333      -0.277945406856100     
   1.80399750000000        2.70499625000000      -0.247045373144031     
   1.80399750000000        3.00532916666667      -0.222121190684807     
   1.80399750000000        3.30566208333333      -0.201057923209925     
   1.80399750000000        3.60599500000000      -0.181579063455061     
   1.80399750000000        3.90632791666667      -0.162459937604909     
   1.80399750000000        4.20666083333333      -0.144144579586515     
   1.80399750000000        4.50699375000000      -0.128091241412225     
   1.80399750000000        4.80732666666667      -0.115530448367443     
   1.80399750000000        5.10765958333333      -0.106662614773946     
   1.80399750000000        5.40799250000000      -0.100621192548173     
   1.80399750000000        5.70832541666667      -9.600388134594715E-002
   1.80399750000000        6.00865833333333      -9.156210587590442E-002
   1.80399750000000        6.30899125000000      -8.664647517264096E-002
   1.80399750000000        6.60932416666667      -8.159293831316880E-002
   1.80399750000000        6.90965708333333      -7.704607355729708E-002
   1.80399750000000        7.20999000000000      -7.330299893078814E-002
   2.10433041666667       2.000000000000000E-003 -0.468560591252633     
   2.10433041666667       0.302332916666667      -0.462567006023840     
   2.10433041666667       0.602665833333333      -0.444868578388858     
   2.10433041666667       0.902998750000000      -0.418330102799840     
   2.10433041666667        1.20333166666667      -0.385741108582602     
   2.10433041666667        1.50366458333333      -0.350659376875761     
   2.10433041666667        1.80399750000000      -0.315955813742505     
   2.10433041666667        2.10433041666667      -0.283599016884586     
   2.10433041666667        2.40466333333333      -0.254749419274446     
   2.10433041666667        2.70499625000000      -0.229790157254093     
   2.10433041666667        3.00532916666667      -0.208337572253061     
   2.10433041666667        3.30566208333333      -0.189429893413900     
   2.10433041666667        3.60599500000000      -0.172010476105449     
   2.10433041666667        3.90632791666667      -0.155533651607925     
   2.10433041666667        4.20666083333333      -0.140263237181912     
   2.10433041666667        4.50699375000000      -0.126989938600798     
   2.10433041666667        4.80732666666667      -0.116390621940691     
   2.10433041666667        5.10765958333333      -0.108511592464139     
   2.10433041666667        5.40799250000000      -0.102693507734007     
   2.10433041666667        5.70832541666667      -9.793047686948755E-002
   2.10433041666667        6.00865833333333      -9.339305248525617E-002
   2.10433041666667        6.30899125000000      -8.876938998805343E-002
   2.10433041666667        6.60932416666667      -8.421392093412691E-002
   2.10433041666667        6.90965708333333      -7.994880624693518E-002
   2.10433041666667        7.20999000000000      -7.601967730852324E-002
   2.40466333333333       2.000000000000000E-003 -0.341484415656568     
   2.40466333333333       0.302332916666667      -0.343975404041576     
   2.40466333333333       0.602665833333333      -0.345853482043148     
   2.40466333333333       0.902998750000000      -0.338613319343737     
   2.40466333333333        1.20333166666667      -0.322466802963732     
   2.40466333333333        1.50366458333333      -0.301182623550531     
   2.40466333333333        1.80399750000000      -0.277943871048331     
   2.40466333333333        2.10433041666667      -0.254749950380103     
   2.40466333333333        2.40466333333333      -0.232780112118208     
   2.40466333333333        2.70499625000000      -0.212650979043545     
   2.40466333333333        3.00532916666667      -0.194498675768692     
   2.40466333333333        3.30566208333333      -0.178077014353047     
   2.40466333333333        3.60599500000000      -0.162997248734634     
   2.40466333333333        3.90632791666667      -0.149051656094975     
   2.40466333333333        4.20666083333333      -0.136400148469070     
   2.40466333333333        4.50699375000000      -0.125448804700985     
   2.40466333333333        4.80732666666667      -0.116507294935107     
   2.40466333333333        5.10765958333333      -0.109487785569784     
   2.40466333333333        5.40799250000000      -0.103867674274690     
   2.40466333333333        5.70832541666667      -9.895059042941770E-002
   2.40466333333333        6.00865833333333      -9.425526137637134E-002
   2.40466333333333        6.30899125000000      -8.977431855302037E-002
   2.40466333333333        6.60932416666667      -8.585995157121881E-002
   2.40466333333333        6.90965708333333      -8.255703523232283E-002
   2.40466333333333        7.20999000000000      -7.895673323929123E-002
   2.70499625000000       2.000000000000000E-003 -0.245721475754118     
   2.70499625000000       0.302332916666667      -0.255616329050155     
   2.70499625000000       0.602665833333333      -0.273006706840556     
   2.70499625000000       0.902998750000000      -0.281524113408195     
   2.70499625000000        1.20333166666667      -0.276367528318841     
   2.70499625000000        1.50366458333333      -0.263291394923290     
   2.70499625000000        1.80399750000000      -0.247051330272942     
   2.70499625000000        2.10433041666667      -0.229794538321755     
   2.70499625000000        2.40466333333333      -0.212652847659717     
   2.70499625000000        2.70499625000000      -0.196319936770840     
   2.70499625000000        3.00532916666667      -0.181172463637761     
   2.70499625000000        3.30566208333333      -0.167298232022138     
   2.70499625000000        3.60599500000000      -0.154605393051572     
   2.70499625000000        3.90632791666667      -0.143010993698802     
   2.70499625000000        4.20666083333333      -0.132579037941449     
   2.70499625000000        4.50699375000000      -0.123479627674993     
   2.70499625000000        4.80732666666667      -0.115804143080498     
   2.70499625000000        5.10765958333333      -0.109394540210519     
   2.70499625000000        5.40799250000000      -0.103838045174778     
   2.70499625000000        5.70832541666667      -9.866670875610255E-002
   2.70499625000000        6.00865833333333      -9.367241341489685E-002
   2.70499625000000        6.30899125000000      -8.923260849444269E-002
   2.70499625000000        6.60932416666667      -8.605655997041788E-002
   2.70499625000000        6.90965708333333      -8.391150199251068E-002
   2.70499625000000        7.20999000000000      -8.111984620332569E-002
   3.00532916666667       2.000000000000000E-003 -0.188617814877469     
   3.00532916666667       0.302332916666667      -0.207701957886101     
   3.00532916666667       0.602665833333333      -0.236528171563716     
   3.00532916666667       0.902998750000000      -0.248903701515650     
   3.00532916666667        1.20333166666667      -0.245640066121727     
   3.00532916666667        1.50366458333333      -0.235085778921682     
   3.00532916666667        1.80399750000000      -0.222139038401575     
   3.00532916666667        2.10433041666667      -0.208348394387293     
   3.00532916666667        2.40466333333333      -0.194503333464899     
   3.00532916666667        2.70499625000000      -0.181173435453676     
   3.00532916666667        3.00532916666667      -0.168730093803877     
   3.00532916666667        3.30566208333333      -0.157311864805565     
   3.00532916666667        3.60599500000000      -0.146880862994836     
   3.00532916666667        3.90632791666667      -0.137355438940858     
   3.00532916666667        4.20666083333333      -0.128718751987278     
   3.00532916666667        4.50699375000000      -0.121010851113846     
   3.00532916666667        4.80732666666667      -0.114219196151194     
   3.00532916666667        5.10765958333333      -0.108172932885551     
   3.00532916666667        5.40799250000000      -0.102547463059807     
   3.00532916666667        5.70832541666667      -9.700441321837004E-002
   3.00532916666667        6.00865833333333      -9.142270323187891E-002
   3.00532916666667        6.30899125000000      -8.627967754208639E-002
   3.00532916666667        6.60932416666667      -8.289465598589979E-002
   3.00532916666667        6.90965708333333      -8.218967489184650E-002
   3.00532916666667        7.20999000000000      -8.114176776788980E-002
   3.30566208333333       2.000000000000000E-003 -0.180411054531827     
   3.30566208333333       0.302332916666667      -0.205599949331918     
   3.30566208333333       0.602665833333333      -0.231478810896067     
   3.30566208333333       0.902998750000000      -0.234782199158152     
   3.30566208333333        1.20333166666667      -0.225264811601651     
   3.30566208333333        1.50366458333333      -0.212873353198902     
   3.30566208333333        1.80399750000000      -0.201089415418462     
   3.30566208333333        2.10433041666667      -0.189448698781900     
   3.30566208333333        2.40466333333333      -0.178085364379288     
   3.30566208333333        2.70499625000000      -0.167299853484470     
   3.30566208333333        3.00532916666667      -0.157310922313649     
   3.30566208333333        3.30566208333333      -0.148157260725934     
   3.30566208333333        3.60599500000000      -0.139741471691746     
   3.30566208333333        3.90632791666667      -0.131942122443240     
   3.30566208333333        4.20666083333333      -0.124698337723775     
   3.30566208333333        4.50699375000000      -0.118001054722967     
   3.30566208333333        4.80732666666667      -0.111810231484996     
   3.30566208333333        5.10765958333333      -0.105978679080707     
   3.30566208333333        5.40799250000000      -0.100251369445160     
   3.30566208333333        5.70832541666667      -9.433004790538514E-002
   3.30566208333333        6.00865833333333      -8.790460765486760E-002
   3.30566208333333        6.30899125000000      -8.132566655265402E-002
   3.30566208333333        6.60932416666667      -7.659512728425517E-002
   3.30566208333333        6.90965708333333      -7.648167153853504E-002
   3.30566208333333        7.20999000000000      -7.747429977064250E-002
   3.60599500000000       2.000000000000000E-003 -0.201357399784868     
   3.60599500000000       0.302332916666667      -0.212959621707485     
   3.60599500000000       0.602665833333333      -0.224634963926222     
   3.60599500000000       0.902998750000000      -0.218735301476240     
   3.60599500000000        1.20333166666667      -0.205212886115991     
   3.60599500000000        1.50366458333333      -0.192082810350018     
   3.60599500000000        1.80399750000000      -0.181622382016731     
   3.60599500000000        2.10433041666667      -0.172037538977764     
   3.60599500000000        2.40466333333333      -0.163010254004264     
   3.60599500000000        2.70499625000000      -0.154608226064994     
   3.60599500000000        3.00532916666667      -0.146878396278731     
   3.60599500000000        3.30566208333333      -0.139738435678135     
   3.60599500000000        3.60599500000000      -0.133028856122704     
   3.60599500000000        3.90632791666667      -0.126613950962864     
   3.60599500000000        4.20666083333333      -0.120438390073693     
   3.60599500000000        4.50699375000000      -0.114498898221927     
   3.60599500000000        4.80732666666667      -0.108767582855694     
   3.60599500000000        5.10765958333333      -0.103136977377782     
   3.60599500000000        5.40799250000000      -9.741989103872960E-002
   3.60599500000000        5.70832541666667      -9.135890080833615E-002
   3.60599500000000        6.00865833333333      -8.449490166112181E-002
   3.60599500000000        6.30899125000000      -7.716515271462762E-002
   3.60599500000000        6.60932416666667      -7.143561581295427E-002
   3.60599500000000        6.90965708333333      -7.063330442449513E-002
   3.60599500000000        7.20999000000000      -7.104634217090511E-002
   3.90632791666667       2.000000000000000E-003 -0.135722118716407     
   3.90632791666667       0.302332916666667      -0.159838800366150     
   3.90632791666667       0.602665833333333      -0.183991709880555     
   3.90632791666667       0.902998750000000      -0.186858962663281     
   3.90632791666667        1.20333166666667      -0.179073240924392     
   3.90632791666667        1.50366458333333      -0.170066338166115     
   3.90632791666667        1.80399750000000      -0.162510922477200     
   3.90632791666667        2.10433041666667      -0.155568381602400     
   3.90632791666667        2.40466333333333      -0.149070405529795     
   3.90632791666667        2.70499625000000      -0.143016527217940     
   3.90632791666667        3.00532916666667      -0.137352394614962     
   3.90632791666667        3.30566208333333      -0.131935805978394     
   3.90632791666667        3.60599500000000      -0.126609139797250     
   3.90632791666667        3.90632791666667      -0.121280776556161     
   3.90632791666667        4.20666083333333      -0.115945611067829     
   3.90632791666667        4.50699375000000      -0.110634131574258     
   3.90632791666667        4.80732666666667      -0.105341325545523     
   3.90632791666667        5.10765958333333      -9.999928978071804E-002
   3.90632791666667        5.40799250000000      -9.449880306904747E-002
   3.90632791666667        5.70832541666667      -8.870690155229440E-002
   3.90632791666667        6.00865833333333      -8.237498114835867E-002
   3.90632791666667        6.30899125000000      -7.601723814578187E-002
   3.90632791666667        6.60932416666667      -7.198466167319274E-002
   3.90632791666667        6.90965708333333      -7.320686192350222E-002
   3.90632791666667        7.20999000000000      -7.654448756771394E-002
   4.20666083333333       2.000000000000000E-003 -9.249963051447246E-002
   4.20666083333333       0.302332916666667      -0.109565855953851     
   4.20666083333333       0.602665833333333      -0.136116279646619     
   4.20666083333333       0.902998750000000      -0.149238910518069     
   4.20666083333333        1.20333166666667      -0.150721798571043     
   4.20666083333333        1.50366458333333      -0.147913333088999     
   4.20666083333333        1.80399750000000      -0.144199522128027     
   4.20666083333333        2.10433041666667      -0.140305020086914     
   4.20666083333333        2.40466333333333      -0.136425988102484     
   4.20666083333333        2.70499625000000      -0.132589640704964     
   4.20666083333333        3.00532916666667      -0.128717636107706     
   4.20666083333333        3.30566208333333      -0.124690574567067     
   4.20666083333333        3.60599500000000      -0.120429284796112     
   4.20666083333333        3.90632791666667      -0.115939631121740     
   4.20666083333333        4.20666083333333      -0.111291774276812     
   4.20666083333333        4.50699375000000      -0.106553853596443     
   4.20666083333333        4.80732666666667      -0.101735785799782     
   4.20666083333333        5.10765958333333      -9.679569146182487E-002
   4.20666083333333        5.40799250000000      -9.169829184347522E-002
   4.20666083333333        5.70832541666667      -8.647320548454854E-002
   4.20666083333333        6.00865833333333      -8.125132226793402E-002
   4.20666083333333        6.30899125000000      -7.664829801233147E-002
   4.20666083333333        6.60932416666667      -7.469128703373061E-002
   4.20666083333333        6.90965708333333      -7.662978908030151E-002
   4.20666083333333        7.20999000000000      -7.906832318488288E-002
   4.50699375000000       2.000000000000000E-003 -7.901415044315467E-002
   4.50699375000000       0.302332916666667      -8.850166774409265E-002
   4.50699375000000       0.602665833333333      -0.107193163383941     
   4.50699375000000       0.902998750000000      -0.121331091483544     
   4.50699375000000        1.20333166666667      -0.127190629857961     
   4.50699375000000        1.50366458333333      -0.128528330142152     
   4.50699375000000        1.80399750000000      -0.128148509948955     
   4.50699375000000        2.10433041666667      -0.127038556035982     
   4.50699375000000        2.40466333333333      -0.125483215403280     
   4.50699375000000        2.70499625000000      -0.123498251941806     
   4.50699375000000        3.00532916666667      -0.121015480152015     
   4.50699375000000        3.30566208333333      -0.117995674064297     
   4.50699375000000        3.60599500000000      -0.114488433891892     
   4.50699375000000        3.90632791666667      -0.110623463246357     
   4.50699375000000        4.20666083333333      -0.106547107242551     
   4.50699375000000        4.50699375000000      -0.102350586676865     
   4.50699375000000        4.80732666666667      -9.803943158212407E-002
   4.50699375000000        5.10765958333333      -9.357661589786023E-002
   4.50699375000000        5.40799250000000      -8.897500386746250E-002
   4.50699375000000        5.70832541666667      -8.437606248692069E-002
   4.50699375000000        6.00865833333333      -8.009610726145321E-002
   4.50699375000000        6.30899125000000      -7.673394994460450E-002
   4.50699375000000        6.60932416666667      -7.533581038522877E-002
   4.50699375000000        6.90965708333333      -7.603699869207564E-002
   4.50699375000000        7.20999000000000      -7.648960987513696E-002
   4.80732666666667       2.000000000000000E-003 -8.048273931160799E-002
   4.80732666666667       0.302332916666667      -8.556490250529691E-002
   4.80732666666667       0.602665833333333      -9.638175110661880E-002
   4.80732666666667       0.902998750000000      -0.105387568061951     
   4.80732666666667        1.20333166666667      -0.110852327771754     
   4.80732666666667        1.50366458333333      -0.113890886565205     
   4.80732666666667        1.80399750000000      -0.115589717970545     
   4.80732666666667        2.10433041666667      -0.116445718643446     
   4.80732666666667        2.40466333333333      -0.116551230956381     
   4.80732666666667        2.70499625000000      -0.115833555516241     
   4.80732666666667        3.00532916666667      -0.114233945557773     
   4.80732666666667        3.30566208333333      -0.111812445125409     
   4.80732666666667        3.60599500000000      -0.108760706835851     
   4.80732666666667        3.90632791666667      -0.105329550413094     
   4.80732666666667        4.20666083333333      -0.101723707137648     
   4.80732666666667        4.50699375000000      -9.803156597145504E-002
   4.80732666666667        4.80732666666667      -9.422996416297609E-002
   4.80732666666667        5.10765958333333      -9.026630999982055E-002
   4.80732666666667        5.40799250000000      -8.617122015938361E-002
   4.80732666666667        5.70832541666667      -8.212785174026010E-002
   4.80732666666667        6.00865833333333      -7.846499473611787E-002
   4.80732666666667        6.30899125000000      -7.559743049632933E-002
   4.80732666666667        6.60932416666667      -7.389134157800940E-002
   4.80732666666667        6.90965708333333      -7.321466134004445E-002
   4.80732666666667        7.20999000000000      -7.226230837051514E-002
   5.10765958333333       2.000000000000000E-003 -8.565547994558179E-002
   5.10765958333333       0.302332916666667      -8.757159315121725E-002
   5.10765958333333       0.602665833333333      -9.187354993148041E-002
   5.10765958333333       0.902998750000000      -9.678352847057062E-002
   5.10765958333333        1.20333166666667      -0.100911858717397     
   5.10765958333333        1.50366458333333      -0.104169375885166     
   5.10765958333333        1.80399750000000      -0.106723007031051     
   5.10765958333333        2.10433041666667      -0.108571502753890     
   5.10765958333333        2.40466333333333      -0.109540546263515     
   5.10765958333333        2.70499625000000      -0.109436084613357     
   5.10765958333333        3.00532916666667      -0.108201479828411     
   5.10765958333333        3.30566208333333      -0.105993945772801     
   5.10765958333333        3.60599500000000      -0.103139708522623     
   5.10765958333333        3.90632791666667      -9.999155816808022E-002
   5.10765958333333        4.20666083333333      -9.678145395990692E-002
   5.10765958333333        4.50699375000000      -9.356152183971511E-002
   5.10765958333333        4.80732666666667      -9.025640393909233E-002
   5.10765958333333        5.10765958333333      -8.678393466520012E-002
   5.10765958333333        5.40799250000000      -8.317166563666065E-002
   5.10765958333333        5.70832541666667      -7.960182278243061E-002
   5.10765958333333        6.00865833333333      -7.636292969202091E-002
   5.10765958333333        6.30899125000000      -7.373203111768398E-002
   5.10765958333333        6.60932416666667      -7.181254101560357E-002
   5.10765958333333        6.90965708333333      -7.034238181745911E-002
   5.10765958333333        7.20999000000000      -6.865104314692948E-002
   5.40799250000000       2.000000000000000E-003 -9.048609989915413E-002
   5.40799250000000       0.302332916666667      -9.072733034797406E-002
   5.40799250000000       0.602665833333333      -9.149378246521862E-002
   5.40799250000000       0.902998750000000      -9.300639205391141E-002
   5.40799250000000        1.20333166666667      -9.534484768764664E-002
   5.40799250000000        1.50366458333333      -9.809473704430684E-002
   5.40799250000000        1.80399750000000      -0.100679875831127     
   5.40799250000000        2.10433041666667      -0.102754166047600     
   5.40799250000000        2.40466333333333      -0.103925724022944     
   5.40799250000000        2.70499625000000      -0.103890273025188     
   5.40799250000000        3.00532916666667      -0.102591431432542     
   5.40799250000000        3.30566208333333      -0.100284275745966     
   5.40799250000000        3.60599500000000      -9.743837132948482E-002
   5.40799250000000        3.90632791666667      -9.450084339809138E-002
   5.40799250000000        4.20666083333333      -9.168583561893884E-002
   5.40799250000000        4.50699375000000      -8.895442260837190E-002
   5.40799250000000        4.80732666666667      -8.615104241533476E-002
   5.40799250000000        5.10765958333333      -8.315940030727001E-002
   5.40799250000000        5.40799250000000      -7.999776315772866E-002
   5.40799250000000        5.70832541666667      -7.683015557569046E-002
   5.40799250000000        6.00865833333333      -7.391925879639018E-002
   5.40799250000000        6.30899125000000      -7.157583295185871E-002
   5.40799250000000        6.60932416666667      -6.984652637408827E-002
   5.40799250000000        6.90965708333333      -6.840525299077405E-002
   5.40799250000000        7.20999000000000      -6.662248179169038E-002
   5.70832541666667       2.000000000000000E-003 -9.656926838364228E-002
   5.70832541666667       0.302332916666667      -9.553568707535329E-002
   5.70832541666667       0.602665833333333      -9.328329280832764E-002
   5.70832541666667       0.902998750000000      -9.174050061094838E-002
   5.70832541666667        1.20333166666667      -9.197563335158457E-002
   5.70832541666667        1.50366458333333      -9.376670861500805E-002
   5.70832541666667        1.80399750000000      -9.605566310331565E-002
   5.70832541666667        2.10433041666667      -9.798499362347741E-002
   5.70832541666667        2.40466333333333      -9.900681518487910E-002
   5.70832541666667        2.70499625000000      -9.872433007229917E-002
   5.70832541666667        3.00532916666667      -9.706264127683245E-002
   5.70832541666667        3.30566208333333      -9.438450320385491E-002
   5.70832541666667        3.60599500000000      -9.139990845583741E-002
   5.70832541666667        3.90632791666667      -8.872455190474540E-002
   5.70832541666667        4.20666083333333      -8.646567762005758E-002
   5.70832541666667        4.50699375000000      -8.435113877862460E-002
   5.70832541666667        4.80732666666667      -8.209759162836182E-002
   5.70832541666667        5.10765958333333      -7.957691096933561E-002
   5.70832541666667        5.40799250000000      -7.681688700787646E-002
   5.70832541666667        5.70832541666667      -7.398760779403414E-002
   5.70832541666667        6.00865833333333      -7.145106235324407E-002
   5.70832541666667        6.30899125000000      -6.949201718739774E-002
   5.70832541666667        6.60932416666667      -6.829709526879428E-002
   5.70832541666667        6.90965708333333      -6.751053248033519E-002
   5.70832541666667        7.20999000000000      -6.604323606679333E-002
   6.00865833333333       2.000000000000000E-003 -0.100489097417942     
   6.00865833333333       0.302332916666667      -9.828786313787695E-002
   6.00865833333333       0.602665833333333      -9.346199860228072E-002
   6.00865833333333       0.902998750000000      -8.959684403471990E-002
   6.00865833333333        1.20333166666667      -8.833463239719548E-002
   6.00865833333333        1.50366458333333      -8.942349576031298E-002
   6.00865833333333        1.80399750000000      -9.159972257177151E-002
   6.00865833333333        2.10433041666667      -9.343216595223734E-002
   6.00865833333333        2.40466333333333      -9.429876835024223E-002
   6.00865833333333        2.70499625000000      -9.372525305578984E-002
   6.00865833333333        3.00532916666667      -9.149117113696666E-002
   6.00865833333333        3.30566208333333      -8.798764659662073E-002
   6.00865833333333        3.60599500000000      -8.457094076818691E-002
   6.00865833333333        3.90632791666667      -8.241542064287369E-002
   6.00865833333333        4.20666083333333      -8.124817028938391E-002
   6.00865833333333        4.50699375000000      -8.006407421932339E-002
   6.00865833333333        4.80732666666667      -7.842311119901647E-002
   6.00865833333333        5.10765958333333      -7.632537555644353E-002
   6.00865833333333        5.40799250000000      -7.389363357905418E-002
   6.00865833333333        5.70832541666667      -7.143936125948683E-002
   6.00865833333333        6.00865833333333      -6.921035854235205E-002
   6.00865833333333        6.30899125000000      -6.758025573237597E-002
   6.00865833333333        6.60932416666667      -6.715457601759497E-002
   6.00865833333333        6.90965708333333      -6.780499085951289E-002
   6.00865833333333        7.20999000000000      -6.721704218333674E-002
   6.30899125000000       2.000000000000000E-003 -9.591048224863857E-002
   6.30899125000000       0.302332916666667      -9.330114166138896E-002
   6.30899125000000       0.602665833333333      -8.837362874424795E-002
   6.30899125000000       0.902998750000000      -8.461231771113405E-002
   6.30899125000000        1.20333166666667      -8.325141684996901E-002
   6.30899125000000        1.50366458333333      -8.429988857189241E-002
   6.30899125000000        1.80399750000000      -8.666273887837725E-002
   6.30899125000000        2.10433041666667      -8.878293661378188E-002
   6.30899125000000        2.40466333333333      -8.979045951363407E-002
   6.30899125000000        2.70499625000000      -8.926187738431619E-002
   6.30899125000000        3.00532916666667      -8.634439381220226E-002
   6.30899125000000        3.30566208333333      -8.143540008966975E-002
   6.30899125000000        3.60599500000000      -7.728127871238857E-002
   6.30899125000000        3.90632791666667      -7.607746571583988E-002
   6.30899125000000        4.20666083333333      -7.663607159103974E-002
   6.30899125000000        4.50699375000000      -7.668167188391495E-002
   6.30899125000000        4.80732666666667      -7.553809563794610E-002
   6.30899125000000        5.10765958333333      -7.368071167011778E-002
   6.30899125000000        5.40799250000000      -7.153919881525599E-002
   6.30899125000000        5.70832541666667      -6.947092864776683E-002
   6.30899125000000        6.00865833333333      -6.757098656434375E-002
   6.30899125000000        6.30899125000000      -6.610230260365951E-002
   6.30899125000000        6.60932416666667      -6.615253275115625E-002
   6.30899125000000        6.90965708333333      -6.901469468138781E-002
   6.30899125000000        7.20999000000000      -7.043704122742686E-002
   6.60932416666667       2.000000000000000E-003 -8.000137438138642E-002
   6.60932416666667       0.302332916666667      -7.860437447279868E-002
   6.60932416666667       0.602665833333333      -7.921326202679857E-002
   6.60932416666667       0.902998750000000      -7.853954410997795E-002
   6.60932416666667        1.20333166666667      -7.779372397089186E-002
   6.60932416666667        1.50366458333333      -7.898481053298141E-002
   6.60932416666667        1.80399750000000      -8.158543982123523E-002
   6.60932416666667        2.10433041666667      -8.419422008607692E-002
   6.60932416666667        2.40466333333333      -8.583175352439358E-002
   6.60932416666667        2.70499625000000      -8.602907105547486E-002
   6.60932416666667        3.00532916666667      -8.291080181052518E-002
   6.60932416666667        3.30566208333333      -7.669533315132832E-002
   6.60932416666667        3.60599500000000      -7.156990188685802E-002
   6.60932416666667        3.90632791666667      -7.203057478226145E-002
   6.60932416666667        4.20666083333333      -7.463335073026262E-002
   6.60932416666667        4.50699375000000      -7.523826114942851E-002
   6.60932416666667        4.80732666666667      -7.380481123068565E-002
   6.60932416666667        5.10765958333333      -7.174589926753752E-002
   6.60932416666667        5.40799250000000      -6.980001369333402E-002
   6.60932416666667        5.70832541666667      -6.826768181486570E-002
   6.60932416666667        6.00865833333333      -6.713504291945636E-002
   6.60932416666667        6.30899125000000      -6.613678268346665E-002
   6.60932416666667        6.60932416666667      -6.553819652667203E-002
   6.60932416666667        6.90965708333333      -6.912027942355789E-002
   6.60932416666667        7.20999000000000      -7.411854854857852E-002
   6.90965708333333       2.000000000000000E-003 -7.615275593578866E-002
   6.90965708333333       0.302332916666667      -7.145045976747823E-002
   6.90965708333333       0.602665833333333      -7.830801789784866E-002
   6.90965708333333       0.902998750000000      -7.647390185525403E-002
   6.90965708333333        1.20333166666667      -7.401525333200068E-002
   6.90965708333333        1.50366458333333      -7.454974768526522E-002
   6.90965708333333        1.80399750000000      -7.701892693850948E-002
   6.90965708333333        2.10433041666667      -7.989765439035873E-002
   6.90965708333333        2.40466333333333      -8.247514150212465E-002
   6.90965708333333        2.70499625000000      -8.380172596102038E-002
   6.90965708333333        3.00532916666667      -8.209962965533328E-002
   6.90965708333333        3.30566208333333      -7.649297284672031E-002
   6.90965708333333        3.60599500000000      -7.072330928873873E-002
   6.90965708333333        3.90632791666667      -7.317158700803296E-002
   6.90965708333333        4.20666083333333      -7.648715529510892E-002
   6.90965708333333        4.50699375000000      -7.588321054945038E-002
   6.90965708333333        4.80732666666667      -7.309768606132319E-002
   6.90965708333333        5.10765958333333      -7.026307728645557E-002
   6.90965708333333        5.40799250000000      -6.835119144740870E-002
   6.90965708333333        5.70832541666667      -6.747363108820974E-002
   6.90965708333333        6.00865833333333      -6.777296035333508E-002
   6.90965708333333        6.30899125000000      -6.897137748525378E-002
   6.90965708333333        6.60932416666667      -6.906570557376346E-002
   6.90965708333333        6.90965708333333      -6.611578935547494E-002
   6.90965708333333        7.20999000000000      -6.956390192847056E-002
   7.20999000000000       2.000000000000000E-003 -7.621625206234020E-002
   7.20999000000000       0.302332916666667      -8.175030263256391E-002
   7.20999000000000       0.602665833333333      -8.508566437799077E-002
   7.20999000000000       0.902998750000000      -7.666840594252669E-002
   7.20999000000000        1.20333166666667      -7.170279090959912E-002
   7.20999000000000        1.50366458333333      -7.128976704138236E-002
   7.20999000000000        1.80399750000000      -7.326661346424594E-002
   7.20999000000000        2.10433041666667      -7.595071958027383E-002
   7.20999000000000        2.40466333333333      -7.884134623418231E-002
   7.20999000000000        2.70499625000000      -8.095376360744695E-002
   7.20999000000000        3.00532916666667      -8.096327753458223E-002
   7.20999000000000        3.30566208333333      -7.737565103619262E-002
   7.20999000000000        3.60599500000000      -7.106706459589392E-002
   7.20999000000000        3.90632791666667      -7.643977256462293E-002
   7.20999000000000        4.20666083333333      -7.888146096199049E-002
   7.20999000000000        4.50699375000000      -7.631463623883600E-002
   7.20999000000000        4.80732666666667      -7.213635139018187E-002
   7.20999000000000        5.10765958333333      -6.856936927375139E-002
   7.20999000000000        5.40799250000000      -6.656672077177922E-002
   7.20999000000000        5.70832541666667      -6.600267236977586E-002
   7.20999000000000        6.00865833333333      -6.717732494333405E-002
   7.20999000000000        6.30899125000000      -7.037681855434504E-002
   7.20999000000000        6.60932416666667      -7.402379053324454E-002
   7.20999000000000        6.90965708333333      -6.949260396366427E-002
   7.20999000000000        7.20999000000000      -5.829114215182363E-002
