  2.000000000000000E-003  2.000000000000000E-003 -0.227451147695140     
  2.000000000000000E-003  0.302332916666667      -0.233278969637563     
  2.000000000000000E-003  0.602665833333333      -0.227151218943613     
  2.000000000000000E-003  0.902998750000000      -0.213767242411662     
  2.000000000000000E-003   1.20333166666667      -0.200474433199790     
  2.000000000000000E-003   1.50366458333333      -0.188540962517839     
  2.000000000000000E-003   1.80399750000000      -0.177619500586544     
  2.000000000000000E-003   2.10433041666667      -0.167288895699134     
  2.000000000000000E-003   2.40466333333333      -0.157122639224974     
  2.000000000000000E-003   2.70499625000000      -0.147432901604891     
  2.000000000000000E-003   3.00532916666667      -0.139933697096851     
  2.000000000000000E-003   3.30566208333333      -0.136726073432098     
  2.000000000000000E-003   3.60599500000000      -0.134836942157889     
  2.000000000000000E-003   3.90632791666667      -0.126137308975782     
  2.000000000000000E-003   4.20666083333333      -0.117598323491617     
  2.000000000000000E-003   4.50699375000000      -0.109032254822993     
  2.000000000000000E-003   4.80732666666667      -0.101535020965980     
  2.000000000000000E-003   5.10765958333333      -9.537291610038896E-002
  2.000000000000000E-003   5.40799250000000      -9.067805398180609E-002
  2.000000000000000E-003   5.70832541666667      -8.745892287004074E-002
  2.000000000000000E-003   6.00865833333333      -8.552262775184585E-002
  2.000000000000000E-003   6.30899125000000      -8.454015097179067E-002
  2.000000000000000E-003   6.60932416666667      -8.387981465785418E-002
  2.000000000000000E-003   6.90965708333333      -8.212741374394060E-002
  2.000000000000000E-003   7.20999000000000      -7.744497639787952E-002
  0.302332916666667       2.000000000000000E-003 -0.242164508197766     
  0.302332916666667       0.302332916666667      -0.240791294301301     
  0.302332916666667       0.602665833333333      -0.239688795105633     
  0.302332916666667       0.902998750000000      -0.230923347264189     
  0.302332916666667        1.20333166666667      -0.218649699506107     
  0.302332916666667        1.50366458333333      -0.206146365487269     
  0.302332916666667        1.80399750000000      -0.193963434209586     
  0.302332916666667        2.10433041666667      -0.181785197034909     
  0.302332916666667        2.40466333333333      -0.168981884943714     
  0.302332916666667        2.70499625000000      -0.155587437579447     
  0.302332916666667        3.00532916666667      -0.143419724289935     
  0.302332916666667        3.30566208333333      -0.136135850654798     
  0.302332916666667        3.60599500000000      -0.134922234180290     
  0.302332916666667        3.90632791666667      -0.129334665290257     
  0.302332916666667        4.20666083333333      -0.121413824301156     
  0.302332916666667        4.50699375000000      -0.113559126931385     
  0.302332916666667        4.80732666666667      -0.106374193938570     
  0.302332916666667        5.10765958333333      -0.100012529940949     
  0.302332916666667        5.40799250000000      -9.474606680837512E-002
  0.302332916666667        5.70832541666667      -9.071166069806100E-002
  0.302332916666667        6.00865833333333      -8.777940754305591E-002
  0.302332916666667        6.30899125000000      -8.576332278299605E-002
  0.302332916666667        6.60932416666667      -8.434650209046377E-002
  0.302332916666667        6.90965708333333      -8.302558683566216E-002
  0.302332916666667        7.20999000000000      -8.150477544562434E-002
  0.602665833333333       2.000000000000000E-003 -0.262634283304897     
  0.602665833333333       0.302332916666667      -0.261450777235411     
  0.602665833333333       0.602665833333333      -0.258271648391428     
  0.602665833333333       0.902998750000000      -0.250021187312218     
  0.602665833333333        1.20333166666667      -0.238109046142034     
  0.602665833333333        1.50366458333333      -0.225072714036982     
  0.602665833333333        1.80399750000000      -0.211757510046305     
  0.602665833333333        2.10433041666667      -0.198073247275321     
  0.602665833333333        2.40466333333333      -0.183757498684961     
  0.602665833333333        2.70499625000000      -0.168578976617963     
  0.602665833333333        3.00532916666667      -0.154338654854665     
  0.602665833333333        3.30566208333333      -0.143662908252640     
  0.602665833333333        3.60599500000000      -0.137716988341079     
  0.602665833333333        3.90632791666667      -0.132512478505325     
  0.602665833333333        4.20666083333333      -0.125849662631416     
  0.602665833333333        4.50699375000000      -0.118543915634365     
  0.602665833333333        4.80732666666667      -0.111436866608213     
  0.602665833333333        5.10765958333333      -0.104665660515915     
  0.602665833333333        5.40799250000000      -9.871200152784350E-002
  0.602665833333333        5.70832541666667      -9.369206340171136E-002
  0.602665833333333        6.00865833333333      -8.954518677310350E-002
  0.602665833333333        6.30899125000000      -8.624920016225074E-002
  0.602665833333333        6.60932416666667      -8.401016972205637E-002
  0.602665833333333        6.90965708333333      -8.321071823180011E-002
  0.602665833333333        7.20999000000000      -8.159832866036665E-002
  0.902998750000000       2.000000000000000E-003 -0.297677164051609     
  0.902998750000000       0.302332916666667      -0.294673776397031     
  0.902998750000000       0.602665833333333      -0.286644251949976     
  0.902998750000000       0.902998750000000      -0.274897466312183     
  0.902998750000000        1.20333166666667      -0.260903363637305     
  0.902998750000000        1.50366458333333      -0.246052535944979     
  0.902998750000000        1.80399750000000      -0.230964891856060     
  0.902998750000000        2.10433041666667      -0.215666981461743     
  0.902998750000000        2.40466333333333      -0.200287822078063     
  0.902998750000000        2.70499625000000      -0.184771355588304     
  0.902998750000000        3.00532916666667      -0.169785873017752     
  0.902998750000000        3.30566208333333      -0.157180683938028     
  0.902998750000000        3.60599500000000      -0.147598759111845     
  0.902998750000000        3.90632791666667      -0.139709462022730     
  0.902998750000000        4.20666083333333      -0.132037785184152     
  0.902998750000000        4.50699375000000      -0.124316740029152     
  0.902998750000000        4.80732666666667      -0.116689626466217     
  0.902998750000000        5.10765958333333      -0.109360151869232     
  0.902998750000000        5.40799250000000      -0.102635747048480     
  0.902998750000000        5.70832541666667      -9.666388058135286E-002
  0.902998750000000        6.00865833333333      -9.145179043330107E-002
  0.902998750000000        6.30899125000000      -8.711813845921598E-002
  0.902998750000000        6.60932416666667      -8.391830483019612E-002
  0.902998750000000        6.90965708333333      -8.178309786349593E-002
  0.902998750000000        7.20999000000000      -7.915189676888822E-002
   1.20333166666667       2.000000000000000E-003 -0.339697042494379     
   1.20333166666667       0.302332916666667      -0.335454452426004     
   1.20333166666667       0.602665833333333      -0.323963204329477     
   1.20333166666667       0.902998750000000      -0.307861610113636     
   1.20333166666667        1.20333166666667      -0.289539309619555     
   1.20333166666667        1.50366458333333      -0.270676186063928     
   1.20333166666667        1.80399750000000      -0.252178593700477     
   1.20333166666667        2.10433041666667      -0.234303414242644     
   1.20333166666667        2.40466333333333      -0.217307905661772     
   1.20333166666667        2.70499625000000      -0.201164748101417     
   1.20333166666667        3.00532916666667      -0.185845500064924     
   1.20333166666667        3.30566208333333      -0.171815372722364     
   1.20333166666667        3.60599500000000      -0.159619396322506     
   1.20333166666667        3.90632791666667      -0.149003125397378     
   1.20333166666667        4.20666083333333      -0.139398666972570     
   1.20333166666667        4.50699375000000      -0.130446012664169     
   1.20333166666667        4.80732666666667      -0.121988509940566     
   1.20333166666667        5.10765958333333      -0.113979188813619     
   1.20333166666667        5.40799250000000      -0.106494144009074     
   1.20333166666667        5.70832541666667      -9.966333391989672E-002
   1.20333166666667        6.00865833333333      -9.357712970451844E-002
   1.20333166666667        6.30899125000000      -8.838801740917439E-002
   1.20333166666667        6.60932416666667      -8.421557817623763E-002
   1.20333166666667        6.90965708333333      -8.082106950108325E-002
   1.20333166666667        7.20999000000000      -7.739196949118853E-002
   1.50366458333333       2.000000000000000E-003 -0.397884603955791     
   1.50366458333333       0.302332916666667      -0.392128283903427     
   1.50366458333333       0.602665833333333      -0.376260112467604     
   1.50366458333333       0.902998750000000      -0.353586007204997     
   1.50366458333333        1.20333166666667      -0.327720688923004     
   1.50366458333333        1.50366458333333      -0.301558787489238     
   1.50366458333333        1.80399750000000      -0.276768984954567     
   1.50366458333333        2.10433041666667      -0.254125212435255     
   1.50366458333333        2.40466333333333      -0.234151357671258     
   1.50366458333333        2.70499625000000      -0.216377638356905     
   1.50366458333333        3.00532916666667      -0.200073564826006     
   1.50366458333333        3.30566208333333      -0.184868718262153     
   1.50366458333333        3.60599500000000      -0.170813960512643     
   1.50366458333333        3.90632791666667      -0.158068352172224     
   1.50366458333333        4.20666083333333      -0.146662862562290     
   1.50366458333333        4.50699375000000      -0.136440787857450     
   1.50366458333333        4.80732666666667      -0.127103633799340     
   1.50366458333333        5.10765958333333      -0.118372449062399     
   1.50366458333333        5.40799250000000      -0.110153194469111     
   1.50366458333333        5.70832541666667      -0.102546446274307     
   1.50366458333333        6.00865833333333      -9.571317137174848E-002
   1.50366458333333        6.30899125000000      -8.981155649803241E-002
   1.50366458333333        6.60932416666667      -8.486903834052741E-002
   1.50366458333333        6.90965708333333      -8.063184995287376E-002
   1.50366458333333        7.20999000000000      -7.661555496687185E-002
   1.80399750000000       2.000000000000000E-003 -0.485304158770200     
   1.80399750000000       0.302332916666667      -0.476614769240207     
   1.80399750000000       0.602665833333333      -0.452812491940888     
   1.80399750000000       0.902998750000000      -0.418696813065999     
   1.80399750000000        1.20333166666667      -0.380106959761184     
   1.80399750000000        1.50366458333333      -0.341580672861637     
   1.80399750000000        1.80399750000000      -0.305982384523259     
   1.80399750000000        2.10433041666667      -0.275591817040245     
   1.80399750000000        2.40466333333333      -0.250706189241499     
   1.80399750000000        2.70499625000000      -0.230144687793915     
   1.80399750000000        3.00532916666667      -0.212261928801347     
   1.80399750000000        3.30566208333333      -0.195830337796007     
   1.80399750000000        3.60599500000000      -0.180406536307470     
   1.80399750000000        3.90632791666667      -0.166140495700266     
   1.80399750000000        4.20666083333333      -0.153313468568449     
   1.80399750000000        4.50699375000000      -0.141955663091561     
   1.80399750000000        4.80732666666667      -0.131766943462407     
   1.80399750000000        5.10765958333333      -0.122335490491377     
   1.80399750000000        5.40799250000000      -0.113431471460092     
   1.80399750000000        5.70832541666667      -0.105119742658846     
   1.80399750000000        6.00865833333333      -9.762481976329941E-002
   1.80399750000000        6.30899125000000      -9.113115572170585E-002
   1.80399750000000        6.60932416666667      -8.564025051846152E-002
   1.80399750000000        6.90965708333333      -8.088930675647801E-002
   1.80399750000000        7.20999000000000      -7.648593589161808E-002
   2.10433041666667       2.000000000000000E-003 -0.617299654839705     
   2.10433041666667       0.302332916666667      -0.603039351759395     
   2.10433041666667       0.602665833333333      -0.564067095801461     
   2.10433041666667       0.902998750000000      -0.509848218211894     
   2.10433041666667        1.20333166666667      -0.449662444787714     
   2.10433041666667        1.50366458333333      -0.391484203665796     
   2.10433041666667        1.80399750000000      -0.340543476598244     
   2.10433041666667        2.10433041666667      -0.299174499808208     
   2.10433041666667        2.40466333333333      -0.267158220877989     
   2.10433041666667        2.70499625000000      -0.242468706317755     
   2.10433041666667        3.00532916666667      -0.222403627248848     
   2.10433041666667        3.30566208333333      -0.204720802879472     
   2.10433041666667        3.60599500000000      -0.188271902658145     
   2.10433041666667        3.90632791666667      -0.172927631129897     
   2.10433041666667        4.20666083333333      -0.159013079514173     
   2.10433041666667        4.50699375000000      -0.146699271010240     
   2.10433041666667        4.80732666666667      -0.135744512958287     
   2.10433041666667        5.10765958333333      -0.125674156661514     
   2.10433041666667        5.40799250000000      -0.116152902643329     
   2.10433041666667        5.70832541666667      -0.107199922194385     
   2.10433041666667        6.00865833333333      -9.909458186541484E-002
   2.10433041666667        6.30899125000000      -9.210080181587331E-002
   2.10433041666667        6.60932416666667      -8.624479117941718E-002
   2.10433041666667        6.90965708333333      -8.127333179198100E-002
   2.10433041666667        7.20999000000000      -7.671943624450016E-002
   2.40466333333333       2.000000000000000E-003 -0.815964773975349     
   2.40466333333333       0.302332916666667      -0.790138884971377     
   2.40466333333333       0.602665833333333      -0.720853758203929     
   2.40466333333333       0.902998750000000      -0.629509117803170     
   2.40466333333333        1.20333166666667      -0.535663746349705     
   2.40466333333333        1.50366458333333      -0.450807994565001     
   2.40466333333333        1.80399750000000      -0.380050354541461     
   2.40466333333333        2.10433041666667      -0.324713123194286     
   2.40466333333333        2.40466333333333      -0.283548164678060     
   2.40466333333333        2.70499625000000      -0.253467467546599     
   2.40466333333333        3.00532916666667      -0.230600499080311     
   2.40466333333333        3.30566208333333      -0.211561856149937     
   2.40466333333333        3.60599500000000      -0.194314657470596     
   2.40466333333333        3.90632791666667      -0.178242272540857     
   2.40466333333333        4.20666083333333      -0.163552837676479     
   2.40466333333333        4.50699375000000      -0.150492927674883     
   2.40466333333333        4.80732666666667      -0.138895467952437     
   2.40466333333333        5.10765958333333      -0.128268679800474     
   2.40466333333333        5.40799250000000      -0.118199092569680     
   2.40466333333333        5.70832541666667      -0.108649586391883     
   2.40466333333333        6.00865833333333      -9.992658876831058E-002
   2.40466333333333        6.30899125000000      -9.241944879919413E-002
   2.40466333333333        6.60932416666667      -8.634521704671529E-002
   2.40466333333333        6.90965708333333      -8.153113132549829E-002
   2.40466333333333        7.20999000000000      -7.723949830075759E-002
   2.70499625000000       2.000000000000000E-003  -1.08389674806546     
   2.70499625000000       0.302332916666667       -1.04313096534220     
   2.70499625000000       0.602665833333333      -0.931690384954432     
   2.70499625000000       0.902998750000000      -0.781455289648236     
   2.70499625000000        1.20333166666667      -0.636203521361923     
   2.70499625000000        1.50366458333333      -0.516254100944491     
   2.70499625000000        1.80399750000000      -0.421885296726691     
   2.70499625000000        2.10433041666667      -0.350698779398844     
   2.70499625000000        2.40466333333333      -0.299270535882671     
   2.70499625000000        2.70499625000000      -0.263085775346087     
   2.70499625000000        3.00532916666667      -0.237029434633166     
   2.70499625000000        3.30566208333333      -0.216539574501659     
   2.70499625000000        3.60599500000000      -0.198622645287848     
   2.70499625000000        3.90632791666667      -0.182074173759826     
   2.70499625000000        4.20666083333333      -0.166879525882044     
   2.70499625000000        4.50699375000000      -0.153288947521170     
   2.70499625000000        4.80732666666667      -0.141192561420692     
   2.70499625000000        5.10765958333333      -0.130103396946297     
   2.70499625000000        5.40799250000000      -0.119549786134970     
   2.70499625000000        5.70832541666667      -0.109420245521688     
   2.70499625000000        6.00865833333333      -9.999090673331874E-002
   2.70499625000000        6.30899125000000      -9.175832210710318E-002
   2.70499625000000        6.60932416666667      -8.539327370357878E-002
   2.70499625000000        6.90965708333333      -8.109915032953545E-002
   2.70499625000000        7.20999000000000      -7.760566000510701E-002
   3.00532916666667       2.000000000000000E-003  -1.38390458075714     
   3.00532916666667       0.302332916666667       -1.32933414384184     
   3.00532916666667       0.602665833333333       -1.16989893990830     
   3.00532916666667       0.902998750000000      -0.952906552549768     
   3.00532916666667        1.20333166666667      -0.741654078605165     
   3.00532916666667        1.50366458333333      -0.579625305143268     
   3.00532916666667        1.80399750000000      -0.460592095304530     
   3.00532916666667        2.10433041666667      -0.373995937650639     
   3.00532916666667        2.40466333333333      -0.312843364970493     
   3.00532916666667        2.70499625000000      -0.270871835271327     
   3.00532916666667        3.00532916666667      -0.241760413902405     
   3.00532916666667        3.30566208333333      -0.219889811598711     
   3.00532916666667        3.60599500000000      -0.201407573439700     
   3.00532916666667        3.90632791666667      -0.184558253054236     
   3.00532916666667        4.20666083333333      -0.169071702287039     
   3.00532916666667        4.50699375000000      -0.155146453700356     
   3.00532916666667        4.80732666666667      -0.142700296641363     
   3.00532916666667        5.10765958333333      -0.131255927951629     
   3.00532916666667        5.40799250000000      -0.120293733735884     
   3.00532916666667        5.70832541666667      -0.109596263906397     
   3.00532916666667        6.00865833333333      -9.927399662336965E-002
   3.00532916666667        6.30899125000000      -8.980192788385183E-002
   3.00532916666667        6.60932416666667      -8.265448926252462E-002
   3.00532916666667        6.90965708333333      -7.894755225584370E-002
   3.00532916666667        7.20999000000000      -7.680546300079223E-002
   3.30566208333333       2.000000000000000E-003  -1.62746210691824     
   3.30566208333333       0.302332916666667       -1.57008368051427     
   3.30566208333333       0.602665833333333       -1.37422611801831     
   3.30566208333333       0.902998750000000       -1.09489313883607     
   3.30566208333333        1.20333166666667      -0.828564674405306     
   3.30566208333333        1.50366458333333      -0.627545763158782     
   3.30566208333333        1.80399750000000      -0.488610283406785     
   3.30566208333333        2.10433041666667      -0.390455398533898     
   3.30566208333333        2.40466333333333      -0.322218315590451     
   3.30566208333333        2.70499625000000      -0.276047328005883     
   3.30566208333333        3.00532916666667      -0.244696317602242     
   3.30566208333333        3.30566208333333      -0.221798715828852     
   3.30566208333333        3.60599500000000      -0.202912957817450     
   3.30566208333333        3.90632791666667      -0.185901295896073     
   3.30566208333333        4.20666083333333      -0.170280224897713     
   3.30566208333333        4.50699375000000      -0.156179730013495     
   3.30566208333333        4.80732666666667      -0.143528275294837     
   3.30566208333333        5.10765958333333      -0.131856673769058     
   3.30566208333333        5.40799250000000      -0.120606196504547     
   3.30566208333333        5.70832541666667      -0.109439874859791     
   3.30566208333333        6.00865833333333      -9.815371497820444E-002
   3.30566208333333        6.30899125000000      -8.721121618774205E-002
   3.30566208333333        6.60932416666667      -7.846559659706538E-002
   3.30566208333333        6.90965708333333      -7.448922906506990E-002
   3.30566208333333        7.20999000000000      -7.348303989068319E-002
   3.60599500000000       2.000000000000000E-003  -1.79438042620408     
   3.60599500000000       0.302332916666667       -1.67134432974153     
   3.60599500000000       0.602665833333333       -1.45725656616028     
   3.60599500000000       0.902998750000000       -1.15125882490336     
   3.60599500000000        1.20333166666667      -0.862686031676863     
   3.60599500000000        1.50366458333333      -0.645679701904615     
   3.60599500000000        1.80399750000000      -0.498913769568384     
   3.60599500000000        2.10433041666667      -0.396419585030105     
   3.60599500000000        2.40466333333333      -0.325575027112732     
   3.60599500000000        2.70499625000000      -0.277865033675447     
   3.60599500000000        3.00532916666667      -0.245688551727251     
   3.60599500000000        3.30566208333333      -0.222406511684765     
   3.60599500000000        3.60599500000000      -0.203370415369745     
   3.60599500000000        3.90632791666667      -0.186310918291694     
   3.60599500000000        4.20666083333333      -0.170655729537788     
   3.60599500000000        4.50699375000000      -0.156501876033082     
   3.60599500000000        4.80732666666667      -0.143782120639536     
   3.60599500000000        5.10765958333333      -0.132031330238753     
   3.60599500000000        5.40799250000000      -0.120674987127118     
   3.60599500000000        5.70832541666667      -0.109320047618653     
   3.60599500000000        6.00865833333333      -9.759710443195378E-002
   3.60599500000000        6.30899125000000      -8.594587371820292E-002
   3.60599500000000        6.60932416666667      -7.613413411671933E-002
   3.60599500000000        6.90965708333333      -7.130590870703385E-002
   3.60599500000000        7.20999000000000      -6.999161495541359E-002
   3.90632791666667       2.000000000000000E-003  -1.62746897627871     
   3.90632791666667       0.302332916666667       -1.57017554068860     
   3.90632791666667       0.602665833333333       -1.37431121218159     
   3.90632791666667       0.902998750000000       -1.09493968323168     
   3.90632791666667        1.20333166666667      -0.828572423284542     
   3.90632791666667        1.50366458333333      -0.627526066311561     
   3.90632791666667        1.80399750000000      -0.488576579887615     
   3.90632791666667        2.10433041666667      -0.390416918931476     
   3.90632791666667        2.40466333333333      -0.322181706165870     
   3.90632791666667        2.70499625000000      -0.276016052445952     
   3.90632791666667        3.00532916666667      -0.244670833350424     
   3.90632791666667        3.30566208333333      -0.221777804839253     
   3.90632791666667        3.60599500000000      -0.202895013063665     
   3.90632791666667        3.90632791666667      -0.185884821515820     
   3.90632791666667        4.20666083333333      -0.170263845115836     
   3.90632791666667        4.50699375000000      -0.156162029927199     
   3.90632791666667        4.80732666666667      -0.143508108380440     
   3.90632791666667        5.10765958333333      -0.131834345365818     
   3.90632791666667        5.40799250000000      -0.120584697267801     
   3.90632791666667        5.70832541666667      -0.109426281853386     
   3.90632791666667        6.00865833333333      -9.816255496861134E-002
   3.90632791666667        6.30899125000000      -8.726423085145431E-002
   3.90632791666667        6.60932416666667      -7.858128998286118E-002
   3.90632791666667        6.90965708333333      -7.465345131805773E-002
   3.90632791666667        7.20999000000000      -7.363638647405396E-002
   4.20666083333333       2.000000000000000E-003  -1.38391347841275     
   4.20666083333333       0.302332916666667       -1.32942222290838     
   4.20666083333333       0.602665833333333       -1.16999204383284     
   4.20666083333333       0.902998750000000      -0.952955649522089     
   4.20666083333333        1.20333166666667      -0.741647670196953     
   4.20666083333333        1.50366458333333      -0.579579622023360     
   4.20666083333333        1.80399750000000      -0.460524207880634     
   4.20666083333333        2.10433041666667      -0.373920393462726     
   4.20666083333333        2.40466333333333      -0.312770786507298     
   4.20666083333333        2.70499625000000      -0.270807390111371     
   4.20666083333333        3.00532916666667      -0.241704401015842     
   4.20666083333333        3.30566208333333      -0.219840214129460     
   4.20666083333333        3.60599500000000      -0.201362306925121     
   4.20666083333333        3.90632791666667      -0.184516036946332     
   4.20666083333333        4.20666083333333      -0.169031465987901     
   4.20666083333333        4.50699375000000      -0.155106534965043     
   4.20666083333333        4.80732666666667      -0.142658877595571     
   4.20666083333333        5.10765958333333      -0.131212934561297     
   4.20666083333333        5.40799250000000      -0.120253186135043     
   4.20666083333333        5.70832541666667      -0.109568299699430     
   4.20666083333333        6.00865833333333      -9.927754679731669E-002
   4.20666083333333        6.30899125000000      -8.986709741753221E-002
   4.20666083333333        6.60932416666667      -8.280441104909374E-002
   4.20666083333333        6.90965708333333      -7.917603854329540E-002
   4.20666083333333        7.20999000000000      -7.706037400477662E-002
   4.50699375000000       2.000000000000000E-003  -1.08390033884904     
   4.50699375000000       0.302332916666667       -1.04317884268638     
   4.50699375000000       0.602665833333333      -0.931738677842615     
   4.50699375000000       0.902998750000000      -0.781463785948328     
   4.50699375000000        1.20333166666667      -0.636162617223386     
   4.50699375000000        1.50366458333333      -0.516174435138921     
   4.50699375000000        1.80399750000000      -0.421781795173262     
   4.50699375000000        2.10433041666667      -0.350586399315057     
   4.50699375000000        2.40466333333333      -0.299159794103924     
   4.50699375000000        2.70499625000000      -0.262980706917032     
   4.50699375000000        3.00532916666667      -0.236929179649475     
   4.50699375000000        3.30566208333333      -0.216442116771272     
   4.50699375000000        3.60599500000000      -0.198527941063260     
   4.50699375000000        3.90632791666667      -0.181984442208195     
   4.50699375000000        4.20666083333333      -0.166797242651806     
   4.50699375000000        4.50699375000000      -0.153214492981335     
   4.50699375000000        4.80732666666667      -0.141124194905351     
   4.50699375000000        5.10765958333333      -0.130039749084496     
   4.50699375000000        5.40799250000000      -0.119493093956100     
   4.50699375000000        5.70832541666667      -0.109378855221007     
   4.50699375000000        6.00865833333333      -9.997996151554364E-002
   4.50699375000000        6.30899125000000      -9.179902413679514E-002
   4.50699375000000        6.60932416666667      -8.550387402606777E-002
   4.50699375000000        6.90965708333333      -8.127377825963276E-002
   4.50699375000000        7.20999000000000      -7.780751183819054E-002
   4.80732666666667       2.000000000000000E-003 -0.815959132873270     
   4.80732666666667       0.302332916666667      -0.790140236625515     
   4.80732666666667       0.602665833333333      -0.720840292275032     
   4.80732666666667       0.902998750000000      -0.629461817220762     
   4.80732666666667        1.20333166666667      -0.535576978579591     
   4.80732666666667        1.50366458333333      -0.450687545783011     
   4.80732666666667        1.80399750000000      -0.379907988384993     
   4.80732666666667        2.10433041666667      -0.324560310273384     
   4.80732666666667        2.40466333333333      -0.283390956997526     
   4.80732666666667        2.70499625000000      -0.253305634418372     
   4.80732666666667        3.00532916666667      -0.230430872111363     
   4.80732666666667        3.30566208333333      -0.211383879602546     
   4.80732666666667        3.60599500000000      -0.194133985604062     
   4.80732666666667        3.90632791666667      -0.178069494466277     
   4.80732666666667        4.20666083333333      -0.163398153403924     
   4.80732666666667        4.50699375000000      -0.150361639193315     
   4.80732666666667        4.80732666666667      -0.138786965568471     
   4.80732666666667        5.10765958333333      -0.128179381209544     
   4.80732666666667        5.40799250000000      -0.118127100496435     
   4.80732666666667        5.70832541666667      -0.108597943161349     
   4.80732666666667        6.00865833333333      -9.990328175503700E-002
   4.80732666666667        6.30899125000000      -9.243420302557288E-002
   4.80732666666667        6.60932416666667      -8.640364943690258E-002
   4.80732666666667        6.90965708333333      -8.162759931200429E-002
   4.80732666666667        7.20999000000000      -7.735399025092175E-002
   5.10765958333333       2.000000000000000E-003 -0.617283107362185     
   5.10765958333333       0.302332916666667      -0.602997226940866     
   5.10765958333333       0.602665833333333      -0.563994700457416     
   5.10765958333333       0.902998750000000      -0.509741671062285     
   5.10765958333333        1.20333166666667      -0.449522713360897     
   5.10765958333333        1.50366458333333      -0.391317503659558     
   5.10765958333333        1.80399750000000      -0.340357727608269     
   5.10765958333333        2.10433041666667      -0.298974252091611     
   5.10765958333333        2.40466333333333      -0.266941210252248     
   5.10765958333333        2.70499625000000      -0.242227125312736     
   5.10765958333333        3.00532916666667      -0.222130935658180     
   5.10765958333333        3.30566208333333      -0.204419909094851     
   5.10765958333333        3.60599500000000      -0.187958877063766     
   5.10765958333333        3.90632791666667      -0.172627166250022     
   5.10765958333333        4.20666083333333      -0.158748185392129     
   5.10765958333333        4.50699375000000      -0.146482842508715     
   5.10765958333333        4.80732666666667      -0.135577483315648     
   5.10765958333333        5.10765958333333      -0.125550001013248     
   5.10765958333333        5.40799250000000      -0.116064134501453     
   5.10765958333333        5.70832541666667      -0.107142613529495     
   5.10765958333333        6.00865833333333      -9.906850572936314E-002
   5.10765958333333        6.30899125000000      -9.210600909523280E-002
   5.10765958333333        6.60932416666667      -8.627753312228434E-002
   5.10765958333333        6.90965708333333      -8.132607416222372E-002
   5.10765958333333        7.20999000000000      -7.677947860491068E-002
   5.40799250000000       2.000000000000000E-003 -0.485274753000633     
   5.40799250000000       0.302332916666667      -0.476528168298259     
   5.40799250000000       0.602665833333333      -0.452676837294589     
   5.40799250000000       0.902998750000000      -0.418523627820770     
   5.40799250000000        1.20333166666667      -0.379908110801397     
   5.40799250000000        1.50366458333333      -0.341364374549803     
   5.40799250000000        1.80399750000000      -0.305750593578153     
   5.40799250000000        2.10433041666667      -0.275338768110241     
   5.40799250000000        2.40466333333333      -0.250417421335035     
   5.40799250000000        2.70499625000000      -0.229801441931378     
   5.40799250000000        3.00532916666667      -0.211851887454304     
   5.40799250000000        3.30566208333333      -0.195360927591322     
   5.40799250000000        3.60599500000000      -0.179910659482888     
   5.40799250000000        3.90632791666667      -0.165666138823323     
   5.40799250000000        4.20666083333333      -0.152902645784192     
   5.40799250000000        4.50699375000000      -0.141629692912161     
   5.40799250000000        4.80732666666667      -0.131526451166926     
   5.40799250000000        5.10765958333333      -0.122169222516103     
   5.40799250000000        5.40799250000000      -0.113325733387198     
   5.40799250000000        5.70832541666667      -0.105063828189948     
   5.40799250000000        6.00865833333333      -9.761098278738722E-002
   5.40799250000000        6.30899125000000      -9.115311957276673E-002
   5.40799250000000        6.60932416666667      -8.569041352574439E-002
   5.40799250000000        6.90965708333333      -8.095468504771020E-002
   5.40799250000000        7.20999000000000      -7.655036265118749E-002
   5.70832541666667       2.000000000000000E-003 -0.397838582051105     
   5.70832541666667       0.302332916666667      -0.391995109511428     
   5.70832541666667       0.602665833333333      -0.376059461645207     
   5.70832541666667       0.902998750000000      -0.353344114909568     
   5.70832541666667        1.20333166666667      -0.327461380015825     
   5.70832541666667        1.50366458333333      -0.301293956414934     
   5.70832541666667        1.80399750000000      -0.276494705697483     
   5.70832541666667        2.10433041666667      -0.253822279988787     
   5.70832541666667        2.40466333333333      -0.233789637463580     
   5.70832541666667        2.70499625000000      -0.215921126823824     
   5.70832541666667        3.00532916666667      -0.199495454441648     
   5.70832541666667        3.30566208333333      -0.184177054636502     
   5.70832541666667        3.60599500000000      -0.170070731395786     
   5.70832541666667        3.90632791666667      -0.157367576453604     
   5.70832541666667        4.20666083333333      -0.146077181924298     
   5.70832541666667        4.50699375000000      -0.135995068138221     
   5.70832541666667        4.80732666666667      -0.126788660967048     
   5.70832541666667        5.10765958333333      -0.118166824406327     
   5.70832541666667        5.40799250000000      -0.110036639181605     
   5.70832541666667        5.70832541666667      -0.102504142899050     
   5.70832541666667        6.00865833333333      -9.573369458589591E-002
   5.70832541666667        6.30899125000000      -8.988600353298984E-002
   5.70832541666667        6.60932416666667      -8.498719554046189E-002
   5.70832541666667        6.90965708333333      -8.077289312874959E-002
   5.70832541666667        7.20999000000000      -7.674573546146368E-002
   6.00865833333333       2.000000000000000E-003 -0.339627698476091     
   6.00865833333333       0.302332916666667      -0.335280936207571     
   6.00865833333333       0.602665833333333      -0.323709773465455     
   6.00865833333333       0.902998750000000      -0.307564192281544     
   6.00865833333333        1.20333166666667      -0.289232550648864     
   6.00865833333333        1.50366458333333      -0.270375650009160     
   6.00865833333333        1.80399750000000      -0.251875389764332     
   6.00865833333333        2.10433041666667      -0.233967204446966     
   6.00865833333333        2.40466333333333      -0.216890022059397     
   6.00865833333333        2.70499625000000      -0.200600159402183     
   6.00865833333333        3.00532916666667      -0.185063900087200     
   6.00865833333333        3.30566208333333      -0.170797334793270     
   6.00865833333333        3.60599500000000      -0.158489990029452     
   6.00865833333333        3.90632791666667      -0.147973345464542     
   6.00865833333333        4.20666083333333      -0.138606688174113     
   6.00865833333333        4.50699375000000      -0.129890378070777     
   6.00865833333333        4.80732666666667      -0.121618730888335     
   6.00865833333333        5.10765958333333      -0.113751200796968     
   6.00865833333333        5.40799250000000      -0.106381077161207     
   6.00865833333333        5.70832541666667      -9.964975889022765E-002
   6.00865833333333        6.00865833333333      -9.365139877078682E-002
   6.00865833333333        6.30899125000000      -8.854138291007602E-002
   6.00865833333333        6.60932416666667      -8.444123331920451E-002
   6.00865833333333        6.90965708333333      -8.109495341876108E-002
   6.00865833333333        7.20999000000000      -7.764626904573281E-002
   6.30899125000000       2.000000000000000E-003 -0.297574626140804     
   6.30899125000000       0.302332916666667      -0.294490365507299     
   6.30899125000000       0.602665833333333      -0.286375714560332     
   6.30899125000000       0.902998750000000      -0.274576414607957     
   6.30899125000000        1.20333166666667      -0.260577402050577     
   6.30899125000000        1.50366458333333      -0.245742169217507     
   6.30899125000000        1.80399750000000      -0.230658344100498     
   6.30899125000000        2.10433041666667      -0.215327618457400     
   6.30899125000000        2.40466333333333      -0.199852771737113     
   6.30899125000000        2.70499625000000      -0.184131977800516     
   6.30899125000000        3.00532916666667      -0.168792408839038     
   6.30899125000000        3.30566208333333      -0.155788077633948     
   6.30899125000000        3.60599500000000      -0.146017351380224     
   6.30899125000000        3.90632791666667      -0.138312691297228     
   6.30899125000000        4.20666083333333      -0.131040053141906     
   6.30899125000000        4.50699375000000      -0.123690060428949     
   6.30899125000000        4.80732666666667      -0.116306695831448     
   6.30899125000000        5.10765958333333      -0.109137418683210     
   6.30899125000000        5.40799250000000      -0.102542772597610     
   6.30899125000000        5.70832541666667      -9.669140212388251E-002
   6.30899125000000        6.00865833333333      -9.159094850553305E-002
   6.30899125000000        6.30899125000000      -8.735696858893409E-002
   6.30899125000000        6.60932416666667      -8.425610517830373E-002
   6.30899125000000        6.90965708333333      -8.221938129382977E-002
   6.30899125000000        7.20999000000000      -7.957465640482622E-002
   6.60932416666667       2.000000000000000E-003 -0.262494003856142     
   6.60932416666667       0.302332916666667      -0.261320900905244     
   6.60932416666667       0.602665833333333      -0.258040066702270     
   6.60932416666667       0.902998750000000      -0.249715743063963     
   6.60932416666667        1.20333166666667      -0.237800952302592     
   6.60932416666667        1.50366458333333      -0.224785323872047     
   6.60932416666667        1.80399750000000      -0.211477725980537     
   6.60932416666667        2.10433041666667      -0.197766763457158     
   6.60932416666667        2.40466333333333      -0.183364624779737     
   6.60932416666667        2.70499625000000      -0.167977246638203     
   6.60932416666667        3.00532916666667      -0.153342257999876     
   6.60932416666667        3.30566208333333      -0.142134630691900     
   6.60932416666667        3.60599500000000      -0.135908460553995     
   6.60932416666667        3.90632791666667      -0.131007521312651     
   6.60932416666667        4.20666083333333      -0.124878811544893     
   6.60932416666667        4.50699375000000      -0.117968524288250     
   6.60932416666667        4.80732666666667      -0.111098641391787     
   6.60932416666667        5.10765958333333      -0.104473857030377     
   6.60932416666667        5.40799250000000      -9.864933544258357E-002
   6.60932416666667        5.70832541666667      -9.376587769341156E-002
   6.60932416666667        6.00865833333333      -8.975428852369821E-002
   6.60932416666667        6.30899125000000      -8.656804062833551E-002
   6.60932416666667        6.60932416666667      -8.441382375201181E-002
   6.60932416666667        6.90965708333333      -8.376428381596537E-002
   6.60932416666667        7.20999000000000      -8.219955944870663E-002
   6.90965708333333       2.000000000000000E-003 -0.242020298107872     
   6.90965708333333       0.302332916666667      -0.240675999030987     
   6.90965708333333       0.602665833333333      -0.239457651094390     
   6.90965708333333       0.902998750000000      -0.230647093648705     
   6.90965708333333        1.20333166666667      -0.218392941922810     
   6.90965708333333        1.50366458333333      -0.205911383703791     
   6.90965708333333        1.80399750000000      -0.193732801482888     
   6.90965708333333        2.10433041666667      -0.181536421117810     
   6.90965708333333        2.40466333333333      -0.168684684584366     
   6.90965708333333        2.70499625000000      -0.155174292649678     
   6.90965708333333        3.00532916666667      -0.142755849914309     
   6.90965708333333        3.30566208333333      -0.135054846326107     
   6.90965708333333        3.60599500000000      -0.133567824729063     
   6.90965708333333        3.90632791666667      -0.128304519321095     
   6.90965708333333        4.20666083333333      -0.120806447697007     
   6.90965708333333        4.50699375000000      -0.113185817046953     
   6.90965708333333        4.80732666666667      -0.106124327220582     
   6.90965708333333        5.10765958333333      -9.985866746190675E-002
   6.90965708333333        5.40799250000000      -9.470763826576795E-002
   6.90965708333333        5.70832541666667      -9.082129758048625E-002
   6.90965708333333        6.00865833333333      -8.805455869116680E-002
   6.90965708333333        6.30899125000000      -8.617869611947483E-002
   6.90965708333333        6.60932416666667      -8.482495029110761E-002
   6.90965708333333        6.90965708333333      -8.360331880876812E-002
   6.90965708333333        7.20999000000000      -8.223096993530081E-002
   7.20999000000000       2.000000000000000E-003 -0.227342595417797     
   7.20999000000000       0.302332916666667      -0.232989324547175     
   7.20999000000000       0.602665833333333      -0.226808850163579     
   7.20999000000000       0.902998750000000      -0.213524948688872     
   7.20999000000000        1.20333166666667      -0.200294744915732     
   7.20999000000000        1.50366458333333      -0.188375960331713     
   7.20999000000000        1.80399750000000      -0.177444424930465     
   7.20999000000000        2.10433041666667      -0.167094827910194     
   7.20999000000000        2.40466333333333      -0.156910968828368     
   7.20999000000000        2.70499625000000      -0.147195724745850     
   7.20999000000000        3.00532916666667      -0.139631175000359     
   7.20999000000000        3.30566208333333      -0.136296647241090     
   7.20999000000000        3.60599500000000      -0.134367205654909     
   7.20999000000000        3.90632791666667      -0.125729771859573     
   7.20999000000000        4.20666083333333      -0.117335435767151     
   7.20999000000000        4.50699375000000      -0.108817542163653     
   7.20999000000000        4.80732666666667      -0.101343967769872     
   7.20999000000000        5.10765958333333      -9.523270139908703E-002
   7.20999000000000        5.40799250000000      -9.063847619710799E-002
   7.20999000000000        5.70832541666667      -8.756973579582465E-002
   7.20999000000000        6.00865833333333      -8.581938710267017E-002
   7.20999000000000        6.30899125000000      -8.502803851733270E-002
   7.20999000000000        6.60932416666667      -8.452551447395348E-002
   7.20999000000000        6.90965708333333      -8.289441950154511E-002
   7.20999000000000        7.20999000000000      -7.817738505786977E-002
