  2.000000000000000E-003  2.000000000000000E-003 -7.663708570291969E-002
  2.000000000000000E-003  0.302332916666667      -8.536842985385149E-002
  2.000000000000000E-003  0.602665833333333      -8.353053704149883E-002
  2.000000000000000E-003  0.902998750000000      -6.572436890119182E-002
  2.000000000000000E-003   1.20333166666667      -5.086251702462646E-002
  2.000000000000000E-003   1.50366458333333      -4.137790342839207E-002
  2.000000000000000E-003   1.80399750000000      -3.559211922105288E-002
  2.000000000000000E-003   2.10433041666667      -3.195356490817177E-002
  2.000000000000000E-003   2.40466333333333      -2.961994306981333E-002
  2.000000000000000E-003   2.70499625000000      -2.782774458488450E-002
  2.000000000000000E-003   3.00532916666667      -2.584261210558220E-002
  2.000000000000000E-003   3.30566208333333      -2.259621608018201E-002
  2.000000000000000E-003   3.60599500000000      -1.803188243969579E-002
  2.000000000000000E-003   3.90632791666667      -2.161797519418926E-002
  2.000000000000000E-003   4.20666083333333      -2.300623940168870E-002
  2.000000000000000E-003   4.50699375000000      -2.146096191121245E-002
  2.000000000000000E-003   4.80732666666667      -1.844464586342365E-002
  2.000000000000000E-003   5.10765958333333      -1.513552166420271E-002
  2.000000000000000E-003   5.40799250000000      -1.219605383676736E-002
  2.000000000000000E-003   5.70832541666667      -9.530884112647856E-003
  2.000000000000000E-003   6.00865833333333      -7.504449070887990E-003
  2.000000000000000E-003   6.30899125000000      -6.753524988881441E-003
  2.000000000000000E-003   6.60932416666667      -7.390264288258416E-003
  2.000000000000000E-003   6.90965708333333      -6.247622034121938E-003
  2.000000000000000E-003   7.20999000000000      -4.013918544858599E-003
  0.302332916666667       2.000000000000000E-003 -0.106528210574210     
  0.302332916666667       0.302332916666667      -8.029439341694800E-002
  0.302332916666667       0.602665833333333      -7.196135771815967E-002
  0.302332916666667       0.902998750000000      -6.114552574750790E-002
  0.302332916666667        1.20333166666667      -4.996033101325921E-002
  0.302332916666667        1.50366458333333      -4.179248728219771E-002
  0.302332916666667        1.80399750000000      -3.637454799791388E-002
  0.302332916666667        2.10433041666667      -3.282397330487839E-002
  0.302332916666667        2.40466333333333      -3.058775778739008E-002
  0.302332916666667        2.70499625000000      -2.913726925657899E-002
  0.302332916666667        3.00532916666667      -2.755878116704529E-002
  0.302332916666667        3.30566208333333      -2.419137302259545E-002
  0.302332916666667        3.60599500000000      -1.915170050942847E-002
  0.302332916666667        3.90632791666667      -1.938704174947370E-002
  0.302332916666667        4.20666083333333      -2.076927790643251E-002
  0.302332916666667        4.50699375000000      -1.990798593256374E-002
  0.302332916666667        4.80732666666667      -1.748371392548040E-002
  0.302332916666667        5.10765958333333      -1.466740816884838E-002
  0.302332916666667        5.40799250000000      -1.207670164844973E-002
  0.302332916666667        5.70832541666667      -9.836199813354728E-003
  0.302332916666667        6.00865833333333      -8.358074589308689E-003
  0.302332916666667        6.30899125000000      -8.165532021895818E-003
  0.302332916666667        6.60932416666667      -8.756302880282989E-003
  0.302332916666667        6.90965708333333      -5.592949679539690E-003
  0.302332916666667        7.20999000000000      -6.308622552962211E-004
  0.602665833333333       2.000000000000000E-003 -0.114120113258879     
  0.602665833333333       0.302332916666667      -9.042093925692263E-002
  0.602665833333333       0.602665833333333      -6.697645859475224E-002
  0.602665833333333       0.902998750000000      -5.586932729005024E-002
  0.602665833333333        1.20333166666667      -4.795786089654853E-002
  0.602665833333333        1.50366458333333      -4.166819889656889E-002
  0.602665833333333        1.80399750000000      -3.689210980401596E-002
  0.602665833333333        2.10433041666667      -3.336929889685718E-002
  0.602665833333333        2.40466333333333      -3.078623570426502E-002
  0.602665833333333        2.70499625000000      -2.883939423020968E-002
  0.602665833333333        3.00532916666667      -2.664228008719326E-002
  0.602665833333333        3.30566208333333      -2.324234442445782E-002
  0.602665833333333        3.60599500000000      -1.946287149578365E-002
  0.602665833333333        3.90632791666667      -1.822581872901688E-002
  0.602665833333333        4.20666083333333      -1.852541298943129E-002
  0.602665833333333        4.50699375000000      -1.796736829519134E-002
  0.602665833333333        4.80732666666667      -1.624389297484479E-002
  0.602665833333333        5.10765958333333      -1.411600704874694E-002
  0.602665833333333        5.40799250000000      -1.198967619185853E-002
  0.602665833333333        5.70832541666667      -1.017998659065974E-002
  0.602665833333333        6.00865833333333      -8.963524844802943E-003
  0.602665833333333        6.30899125000000      -8.255909033235351E-003
  0.602665833333333        6.60932416666667      -6.628161323102036E-003
  0.602665833333333        6.90965708333333      -1.811411445262312E-003
  0.602665833333333        7.20999000000000       3.531569438534670E-004
  0.902998750000000       2.000000000000000E-003 -0.102245276707739     
  0.902998750000000       0.302332916666667      -8.982566096398766E-002
  0.902998750000000       0.602665833333333      -6.988759047588433E-002
  0.902998750000000       0.902998750000000      -5.660227181718454E-002
  0.902998750000000        1.20333166666667      -4.829655747671036E-002
  0.902998750000000        1.50366458333333      -4.227445780306103E-002
  0.902998750000000        1.80399750000000      -3.756382766970171E-002
  0.902998750000000        2.10433041666667      -3.387424141812998E-002
  0.902998750000000        2.40466333333333      -3.082234078017841E-002
  0.902998750000000        2.70499625000000      -2.816747138422557E-002
  0.902998750000000        3.00532916666667      -2.552783598672907E-002
  0.902998750000000        3.30566208333333      -2.251267984927316E-002
  0.902998750000000        3.60599500000000      -1.969378555826760E-002
  0.902998750000000        3.90632791666667      -1.810511863218264E-002
  0.902998750000000        4.20666083333333      -1.745469386003656E-002
  0.902998750000000        4.50699375000000      -1.664689966125378E-002
  0.902998750000000        4.80732666666667      -1.530004633658577E-002
  0.902998750000000        5.10765958333333      -1.361760177776510E-002
  0.902998750000000        5.40799250000000      -1.184683731301037E-002
  0.902998750000000        5.70832541666667      -1.031124269796816E-002
  0.902998750000000        6.00865833333333      -9.115071686646570E-003
  0.902998750000000        6.30899125000000      -7.926224439094541E-003
  0.902998750000000        6.60932416666667      -5.850890274147741E-003
  0.902998750000000        6.90965708333333      -2.834440442811895E-003
  0.902998750000000        7.20999000000000      -1.859287875917702E-003
   1.20333166666667       2.000000000000000E-003 -8.964982092689751E-002
   1.20333166666667       0.302332916666667      -8.330820497517810E-002
   1.20333166666667       0.602665833333333      -7.029568952104567E-002
   1.20333166666667       0.902998750000000      -5.857328886613141E-002
   1.20333166666667        1.20333166666667      -4.996932134353140E-002
   1.20333166666667        1.50366458333333      -4.354664626445890E-002
   1.20333166666667        1.80399750000000      -3.851511620038719E-002
   1.20333166666667        2.10433041666667      -3.449476160854099E-002
   1.20333166666667        2.40466333333333      -3.102872202170231E-002
   1.20333166666667        2.70499625000000      -2.794394113231370E-002
   1.20333166666667        3.00532916666667      -2.507973279791004E-002
   1.20333166666667        3.30566208333333      -2.235257486057662E-002
   1.20333166666667        3.60599500000000      -1.998266158596548E-002
   1.20333166666667        3.90632791666667      -1.827804969544007E-002
   1.20333166666667        4.20666083333333      -1.709451943605239E-002
   1.20333166666667        4.50699375000000      -1.597342264681757E-002
   1.20333166666667        4.80732666666667      -1.467517651838394E-002
   1.20333166666667        5.10765958333333      -1.319822793564774E-002
   1.20333166666667        5.40799250000000      -1.165098540128587E-002
   1.20333166666667        5.70832541666667      -1.026247664959816E-002
   1.20333166666667        6.00865833333333      -9.101669138963020E-003
   1.20333166666667        6.30899125000000      -7.929816784075713E-003
   1.20333166666667        6.60932416666667      -6.407869776832470E-003
   1.20333166666667        6.90965708333333      -4.798981762639126E-003
   1.20333166666667        7.20999000000000      -4.189872464002745E-003
   1.50366458333333       2.000000000000000E-003 -8.052916430404018E-002
   1.50366458333333       0.302332916666667      -7.693546676101454E-002
   1.50366458333333       0.602665833333333      -6.859747900357217E-002
   1.50366458333333       0.902998750000000      -5.941346019264837E-002
   1.50366458333333        1.20333166666667      -5.141082543006256E-002
   1.50366458333333        1.50366458333333      -4.486942092287124E-002
   1.50366458333333        1.80399750000000      -3.961176033834888E-002
   1.50366458333333        2.10433041666667      -3.522934048928911E-002
   1.50366458333333        2.40466333333333      -3.144289518048765E-002
   1.50366458333333        2.70499625000000      -2.810838778179068E-002
   1.50366458333333        3.00532916666667      -2.513190327487734E-002
   1.50366458333333        3.30566208333333      -2.248711555946203E-002
   1.50366458333333        3.60599500000000      -2.023104351801158E-002
   1.50366458333333        3.90632791666667      -1.841019633329628E-002
   1.50366458333333        4.20666083333333      -1.692891721225664E-002
   1.50366458333333        4.50699375000000      -1.558905861760458E-002
   1.50366458333333        4.80732666666667      -1.423779857144127E-002
   1.50366458333333        5.10765958333333      -1.283618058724844E-002
   1.50366458333333        5.40799250000000      -1.143838477464463E-002
   1.50366458333333        5.70832541666667      -1.015027513999156E-002
   1.50366458333333        6.00865833333333      -9.081570326376329E-003
   1.50366458333333        6.30899125000000      -8.136732967258267E-003
   1.50366458333333        6.60932416666667      -7.187587118194417E-003
   1.50366458333333        6.90965708333333      -6.355684178650933E-003
   1.50366458333333        7.20999000000000      -5.970097531404973E-003
   1.80399750000000       2.000000000000000E-003 -7.513896518204403E-002
   1.80399750000000       0.302332916666667      -7.273712007873658E-002
   1.80399750000000       0.602665833333333      -6.674476090279768E-002
   1.80399750000000       0.902998750000000      -5.936457014596572E-002
   1.80399750000000        1.20333166666667      -5.216517116686538E-002
   1.80399750000000        1.50366458333333      -4.587188512771992E-002
   1.80399750000000        1.80399750000000      -4.054135409418432E-002
   1.80399750000000        2.10433041666667      -3.595508444450583E-002
   1.80399750000000        2.40466333333333      -3.195902894530721E-002
   1.80399750000000        2.70499625000000      -2.845215701060139E-002
   1.80399750000000        3.00532916666667      -2.536818349441444E-002
   1.80399750000000        3.30566208333333      -2.267718888298222E-002
   1.80399750000000        3.60599500000000      -2.037497102325352E-002
   1.80399750000000        3.90632791666667      -1.843988421664946E-002
   1.80399750000000        4.20666083333333      -1.679227678860921E-002
   1.80399750000000        4.50699375000000      -1.531101964611751E-002
   1.80399750000000        4.80732666666667      -1.389553961381344E-002
   1.80399750000000        5.10765958333333      -1.251396518186839E-002
   1.80399750000000        5.40799250000000      -1.120486762727852E-002
   1.80399750000000        5.70832541666667      -1.004000465351670E-002
   1.80399750000000        6.00865833333333      -9.080462035288873E-003
   1.80399750000000        6.30899125000000      -8.350996343955416E-003
   1.80399750000000        6.60932416666667      -7.792419613371931E-003
   1.80399750000000        6.90965708333333      -7.398578387651084E-003
   1.80399750000000        7.20999000000000      -7.206184424048264E-003
   2.10433041666667       2.000000000000000E-003 -7.351457810286482E-002
   2.10433041666667       0.302332916666667      -7.120659080991296E-002
   2.10433041666667       0.602665833333333      -6.568655032868989E-002
   2.10433041666667       0.902998750000000      -5.882625055493104E-002
   2.10433041666667        1.20333166666667      -5.219257359369939E-002
   2.10433041666667        1.50366458333333      -4.626620036186661E-002
   2.10433041666667        1.80399750000000      -4.105317238779673E-002
   2.10433041666667        2.10433041666667      -3.645645855919760E-002
   2.10433041666667        2.40466333333333      -3.239057742935270E-002
   2.10433041666667        2.70499625000000      -2.879257527691278E-002
   2.10433041666667        3.00532916666667      -2.561919705893816E-002
   2.10433041666667        3.30566208333333      -2.284586596742211E-002
   2.10433041666667        3.60599500000000      -2.045509108441785E-002
   2.10433041666667        3.90632791666667      -1.841201804984739E-002
   2.10433041666667        4.20666083333333      -1.664712030400041E-002
   2.10433041666667        4.50699375000000      -1.506865980088941E-002
   2.10433041666667        4.80732666666667      -1.360190565896729E-002
   2.10433041666667        5.10765958333333      -1.222472899276387E-002
   2.10433041666667        5.40799250000000      -1.097150729988670E-002
   2.10433041666667        5.70832541666667      -9.903835917180880E-003
   2.10433041666667        6.00865833333333      -9.071203872215364E-003
   2.10433041666667        6.30899125000000      -8.491439194824656E-003
   2.10433041666667        6.60932416666667      -8.157617020112954E-003
   2.10433041666667        6.90965708333333      -8.023668051346999E-003
   2.10433041666667        7.20999000000000      -7.999690856003099E-003
   2.40466333333333       2.000000000000000E-003 -7.656163869328401E-002
   2.40466333333333       0.302332916666667      -7.314445288311919E-002
   2.40466333333333       0.602665833333333      -6.560990913186526E-002
   2.40466333333333       0.902998750000000      -5.792875123142887E-002
   2.40466333333333        1.20333166666667      -5.137172972575737E-002
   2.40466333333333        1.50366458333333      -4.579406074935085E-002
   2.40466333333333        1.80399750000000      -4.089693826838100E-002
   2.40466333333333        2.10433041666667      -3.650556209470011E-002
   2.40466333333333        2.40466333333333      -3.253820793413511E-002
   2.40466333333333        2.70499625000000      -2.895745939509342E-002
   2.40466333333333        3.00532916666667      -2.574881712920552E-002
   2.40466333333333        3.30566208333333      -2.291083606100945E-002
   2.40466333333333        3.60599500000000      -2.043991227332013E-002
   2.40466333333333        3.90632791666667      -1.831054756442495E-002
   2.40466333333333        4.20666083333333      -1.646523412771831E-002
   2.40466333333333        4.50699375000000      -1.482722122439990E-002
   2.40466333333333        4.80732666666667      -1.333404902797871E-002
   2.40466333333333        5.10765958333333      -1.196826423025704E-002
   2.40466333333333        5.40799250000000      -1.076024962383179E-002
   2.40466333333333        5.70832541666667      -9.761545967719533E-003
   2.40466333333333        6.00865833333333      -9.010656907498416E-003
   2.40466333333333        6.30899125000000      -8.523345627457133E-003
   2.40466333333333        6.60932416666667      -8.317209529658439E-003
   2.40466333333333        6.90965708333333      -8.392823044798638E-003
   2.40466333333333        7.20999000000000      -8.557935977546090E-003
   2.70499625000000       2.000000000000000E-003 -8.212554455245960E-002
   2.70499625000000       0.302332916666667      -7.670678410944390E-002
   2.70499625000000       0.602665833333333      -6.575290292055470E-002
   2.70499625000000       0.902998750000000      -5.593868004600241E-002
   2.70499625000000        1.20333166666667      -4.926087469461288E-002
   2.70499625000000        1.50366458333333      -4.428071228515836E-002
   2.70499625000000        1.80399750000000      -3.996806930151273E-002
   2.70499625000000        2.10433041666667      -3.599804232612590E-002
   2.70499625000000        2.40466333333333      -3.228776219360585E-002
   2.70499625000000        2.70499625000000      -2.883272931895280E-002
   2.70499625000000        3.00532916666667      -2.565871968712298E-002
   2.70499625000000        3.30566208333333      -2.280189792714148E-002
   2.70499625000000        3.60599500000000      -2.028755645670216E-002
   2.70499625000000        3.90632791666667      -1.810984281019635E-002
   2.70499625000000        4.20666083333333      -1.622502119062248E-002
   2.70499625000000        4.50699375000000      -1.456694075943718E-002
   2.70499625000000        4.80732666666667      -1.308007336972634E-002
   2.70499625000000        5.10765958333333      -1.174758608276045E-002
   2.70499625000000        5.40799250000000      -1.059271593582684E-002
   2.70499625000000        5.70832541666667      -9.651965504520164E-003
   2.70499625000000        6.00865833333333      -8.940528864988619E-003
   2.70499625000000        6.30899125000000      -8.453590404698820E-003
   2.70499625000000        6.60932416666667      -8.286097803484100E-003
   2.70499625000000        6.90965708333333      -8.520555234435985E-003
   2.70499625000000        7.20999000000000      -8.890382993456385E-003
   3.00532916666667       2.000000000000000E-003 -8.382893046593527E-002
   3.00532916666667       0.302332916666667      -7.506532049749588E-002
   3.00532916666667       0.602665833333333      -6.063238279059025E-002
   3.00532916666667       0.902998750000000      -5.091917458129919E-002
   3.00532916666667        1.20333166666667      -4.564020887762441E-002
   3.00532916666667        1.50366458333333      -4.192787417403061E-002
   3.00532916666667        1.80399750000000      -3.846980033191121E-002
   3.00532916666667        2.10433041666667      -3.504973447406732E-002
   3.00532916666667        2.40466333333333      -3.167436972294521E-002
   3.00532916666667        2.70499625000000      -2.840303588680325E-002
   3.00532916666667        3.00532916666667      -2.531351791652830E-002
   3.00532916666667        3.30566208333333      -2.248469038652962E-002
   3.00532916666667        3.60599500000000      -1.997314063795672E-002
   3.00532916666667        3.90632791666667      -1.779307086127732E-002
   3.00532916666667        4.20666083333333      -1.591294976220857E-002
   3.00532916666667        4.50699375000000      -1.427562442005401E-002
   3.00532916666667        4.80732666666667      -1.283174483002495E-002
   3.00532916666667        5.10765958333333      -1.156444209098055E-002
   3.00532916666667        5.40799250000000      -1.048897794026169E-002
   3.00532916666667        5.70832541666667      -9.624700095365648E-003
   3.00532916666667        6.00865833333333      -8.948794199784820E-003
   3.00532916666667        6.30899125000000      -8.411653680836821E-003
   3.00532916666667        6.60932416666667      -8.135285574048256E-003
   3.00532916666667        6.90965708333333      -8.326688357431718E-003
   3.00532916666667        7.20999000000000      -8.872296401036841E-003
   3.30566208333333       2.000000000000000E-003 -7.303416611113964E-002
   3.30566208333333       0.302332916666667      -6.176725745116952E-002
   3.30566208333333       0.602665833333333      -4.895832592202204E-002
   3.30566208333333       0.902998750000000      -4.343354020835851E-002
   3.30566208333333        1.20333166666667      -4.138406940713962E-002
   3.30566208333333        1.50366458333333      -3.949009603920225E-002
   3.30566208333333        1.80399750000000      -3.689628298901230E-002
   3.30566208333333        2.10433041666667      -3.395204172397832E-002
   3.30566208333333        2.40466333333333      -3.084948599438076E-002
   3.30566208333333        2.70499625000000      -2.773305820713387E-002
   3.30566208333333        3.00532916666667      -2.473241031074737E-002
   3.30566208333333        3.30566208333333      -2.195983400607214E-002
   3.30566208333333        3.60599500000000      -1.949196720227532E-002
   3.30566208333333        3.90632791666667      -1.735399949703477E-002
   3.30566208333333        4.20666083333333      -1.552094751151027E-002
   3.30566208333333        4.50699375000000      -1.394282716934098E-002
   3.30566208333333        4.80732666666667      -1.257747980911389E-002
   3.30566208333333        5.10765958333333      -1.141054602456102E-002
   3.30566208333333        5.40799250000000      -1.045398012333226E-002
   3.30566208333333        5.70832541666667      -9.721575994759118E-003
   3.30566208333333        6.00865833333333      -9.181200317940438E-003
   3.30566208333333        6.30899125000000      -8.762258289782016E-003
   3.30566208333333        6.60932416666667      -8.341924539833935E-003
   3.30566208333333        6.90965708333333      -8.027421189750111E-003
   3.30566208333333        7.20999000000000      -8.475714068287319E-003
   3.60599500000000       2.000000000000000E-003 -5.445498846902924E-002
   3.60599500000000       0.302332916666667      -4.771894383627534E-002
   3.60599500000000       0.602665833333333      -4.088607531343005E-002
   3.60599500000000       0.902998750000000      -3.914696143655814E-002
   3.60599500000000        1.20333166666667      -3.898149650572159E-002
   3.60599500000000        1.50366458333333      -3.797594798671031E-002
   3.60599500000000        1.80399750000000      -3.575154127145889E-002
   3.60599500000000        2.10433041666667      -3.297796982194725E-002
   3.60599500000000        2.40466333333333      -2.995805914886531E-002
   3.60599500000000        2.70499625000000      -2.689394969828415E-002
   3.60599500000000        3.00532916666667      -2.394724773855192E-002
   3.60599500000000        3.30566208333333      -2.124123716503256E-002
   3.60599500000000        3.60599500000000      -1.885032715826166E-002
   3.60599500000000        3.90632791666667      -1.679386664239802E-002
   3.60599500000000        4.20666083333333      -1.504458805840283E-002
   3.60599500000000        4.50699375000000      -1.355727472943477E-002
   3.60599500000000        4.80732666666667      -1.229829414546996E-002
   3.60599500000000        5.10765958333333      -1.125955841068716E-002
   3.60599500000000        5.40799250000000      -1.045670622997551E-002
   3.60599500000000        5.70832541666667      -9.918194311385615E-003
   3.60599500000000        6.00865833333333      -9.683662233843187E-003
   3.60599500000000        6.30899125000000      -9.707121801599300E-003
   3.60599500000000        6.60932416666667      -9.658272666506783E-003
   3.60599500000000        6.90965708333333      -8.879557126868266E-003
   3.60599500000000        7.20999000000000      -7.621372820840651E-003
   3.90632791666667       2.000000000000000E-003 -6.964208536936616E-002
   3.90632791666667       0.302332916666667      -5.927398635559185E-002
   3.90632791666667       0.602665833333333      -4.704671423899350E-002
   3.90632791666667       0.902998750000000      -4.174868905594667E-002
   3.90632791666667        1.20333166666667      -3.966398612544603E-002
   3.90632791666667        1.50366458333333      -3.772369828528702E-002
   3.90632791666667        1.80399750000000      -3.514151947974135E-002
   3.90632791666667        2.10433041666667      -3.216121690429394E-002
   3.90632791666667        2.40466333333333      -2.900809252065380E-002
   3.90632791666667        2.70499625000000      -2.588578581135844E-002
   3.90632791666667        3.00532916666667      -2.295798119743514E-002
   3.90632791666667        3.30566208333333      -2.033207786969547E-002
   3.90632791666667        3.60599500000000      -1.805455273565778E-002
   3.90632791666667        3.90632791666667      -1.611913877660870E-002
   3.90632791666667        4.20666083333333      -1.448651860462547E-002
   3.90632791666667        4.50699375000000      -1.311331155659872E-002
   3.90632791666667        4.80732666666667      -1.197510226054780E-002
   3.90632791666667        5.10765958333333      -1.107285706572921E-002
   3.90632791666667        5.40799250000000      -1.042873638275415E-002
   3.90632791666667        5.70832541666667      -1.008756781085732E-002
   3.90632791666667        6.00865833333333      -1.016708333204017E-002
   3.90632791666667        6.30899125000000      -1.073491441728160E-002
   3.90632791666667        6.60932416666667      -1.146819455822802E-002
   3.90632791666667        6.90965708333333      -1.149140785734373E-002
   3.90632791666667        7.20999000000000      -9.578085243177589E-003
   4.20666083333333       2.000000000000000E-003 -7.595412026949129E-002
   4.20666083333333       0.302332916666667      -6.836663642536538E-002
   4.20666083333333       0.602665833333333      -5.520818901867138E-002
   4.20666083333333       0.902998750000000      -4.629785994978287E-002
   4.20666083333333        1.20333166666667      -4.132754423476603E-002
   4.20666083333333        1.50366458333333      -3.790182550120941E-002
   4.20666083333333        1.80399750000000      -3.462418009910143E-002
   4.20666083333333        2.10433041666667      -3.123415767163955E-002
   4.20666083333333        2.40466333333333      -2.783902960103592E-002
   4.20666083333333        2.70499625000000      -2.462070440865510E-002
   4.20666083333333        3.00532916666667      -2.172496252346847E-002
   4.20666083333333        3.30566208333333      -1.922270231173563E-002
   4.20666083333333        3.60599500000000      -1.711274113439059E-002
   4.20666083333333        3.90632791666667      -1.534779364104188E-002
   4.20666083333333        4.20666083333333      -1.386726242534098E-002
   4.20666083333333        4.50699375000000      -1.262551085979265E-002
   4.20666083333333        4.80732666666667      -1.160690997746134E-002
   4.20666083333333        5.10765958333333      -1.082328578499939E-002
   4.20666083333333        5.40799250000000      -1.030209179662812E-002
   4.20666083333333        5.70832541666667      -1.008463258625966E-002
   4.20666083333333        6.00865833333333      -1.026759452946581E-002
   4.20666083333333        6.30899125000000      -1.100952283813745E-002
   4.20666083333333        6.60932416666667      -1.193536701340269E-002
   4.20666083333333        6.90965708333333      -1.216845403778953E-002
   4.20666083333333        7.20999000000000      -1.060433777906143E-002
   4.50699375000000       2.000000000000000E-003 -6.862578886751514E-002
   4.50699375000000       0.302332916666667      -6.431975731170775E-002
   4.50699375000000       0.602665833333333      -5.509917407138727E-002
   4.50699375000000       0.902998750000000      -4.682387869420340E-002
   4.50699375000000        1.20333166666667      -4.134850739023226E-002
   4.50699375000000        1.50366458333333      -3.728809568499775E-002
   4.50699375000000        1.80399750000000      -3.352217000446512E-002
   4.50699375000000        2.10433041666667      -2.980131243406887E-002
   4.50699375000000        2.40466333333333      -2.623042524874439E-002
   4.50699375000000        2.70499625000000      -2.299211063003500E-002
   4.50699375000000        3.00532916666667      -2.021293668167682E-002
   4.50699375000000        3.30566208333333      -1.791994083686145E-002
   4.50699375000000        3.60599500000000      -1.605602200198316E-002
   4.50699375000000        3.90632791666667      -1.452481796492517E-002
   4.50699375000000        4.20666083333333      -1.323703725522652E-002
   4.50699375000000        4.50699375000000      -1.214008131151599E-002
   4.50699375000000        4.80732666666667      -1.122645322294211E-002
   4.50699375000000        5.10765958333333      -1.052134985431408E-002
   4.50699375000000        5.40799250000000      -1.005854919441271E-002
   4.50699375000000        5.70832541666667      -9.864058349444838E-003
   4.50699375000000        6.00865833333333      -9.964410250872503E-003
   4.50699375000000        6.30899125000000      -1.041433472791516E-002
   4.50699375000000        6.60932416666667      -1.103359174473499E-002
   4.50699375000000        6.90965708333333      -1.109124603716261E-002
   4.50699375000000        7.20999000000000      -1.004119601540154E-002
   4.80732666666667       2.000000000000000E-003 -5.565734309955112E-002
   4.80732666666667       0.302332916666667      -5.342932640181620E-002
   4.80732666666667       0.602665833333333      -4.829036774739776E-002
   4.80732666666667       0.902998750000000      -4.328095892447274E-002
   4.80732666666667        1.20333166666667      -3.907207618888255E-002
   4.80732666666667        1.50366458333333      -3.522101111177395E-002
   4.80732666666667        1.80399750000000      -3.140093114382679E-002
   4.80732666666667        2.10433041666667      -2.762004881658634E-002
   4.80732666666667        2.40466333333333      -2.407579267117562E-002
   4.80732666666667        2.70499625000000      -2.098084115333205E-002
   4.80732666666667        3.00532916666667      -1.845270888613137E-002
   4.80732666666667        3.30566208333333      -1.648067523104756E-002
   4.80732666666667        3.60599500000000      -1.495489193239045E-002
   4.80732666666667        3.90632791666667      -1.372786095672469E-002
   4.80732666666667        4.20666083333333      -1.267538941193295E-002
   4.80732666666667        4.50699375000000      -1.173306729833287E-002
   4.80732666666667        4.80732666666667      -1.090149753934588E-002
   4.80732666666667        5.10765958333333      -1.022345298180133E-002
   4.80732666666667        5.40799250000000      -9.745844491864506E-003
   4.80732666666667        5.70832541666667      -9.488277167743838E-003
   4.80732666666667        6.00865833333333      -9.432265607659394E-003
   4.80732666666667        6.30899125000000      -9.521985207015247E-003
   4.80732666666667        6.60932416666667      -9.635063637702777E-003
   4.80732666666667        6.90965708333333      -9.508074129201230E-003
   4.80732666666667        7.20999000000000      -8.836285529848520E-003
   5.10765958333333       2.000000000000000E-003 -4.270920757039555E-002
   5.10765958333333       0.302332916666667      -4.202781414948082E-002
   5.10765958333333       0.602665833333333      -4.025546530489582E-002
   5.10765958333333       0.902998750000000      -3.786242145070697E-002
   5.10765958333333        1.20333166666667      -3.504162997463155E-002
   5.10765958333333        1.50366458333333      -3.182577733777343E-002
   5.10765958333333        1.80399750000000      -2.832535607798951E-002
   5.10765958333333        2.10433041666667      -2.478141714499164E-002
   5.10765958333333        2.40466333333333      -2.149513525829756E-002
   5.10765958333333        2.70499625000000      -1.871778671621501E-002
   5.10765958333333        3.00532916666667      -1.656968129486868E-002
   5.10765958333333        3.30566208333333      -1.501814354403789E-002
   5.10765958333333        3.60599500000000      -1.391193831559166E-002
   5.10765958333333        3.90632791666667      -1.305249869514495E-002
   5.10765958333333        4.20666083333333      -1.227285391910817E-002
   5.10765958333333        4.50699375000000      -1.149062339434077E-002
   5.10765958333333        4.80732666666667      -1.071498594988050E-002
   5.10765958333333        5.10765958333333      -1.001226857733606E-002
   5.10765958333333        5.40799250000000      -9.452954911950976E-003
   5.10765958333333        5.70832541666667      -9.067545709350831E-003
   5.10765958333333        6.00865833333333      -8.829348088308851E-003
   5.10765958333333        6.30899125000000      -8.664849376981199E-003
   5.10765958333333        6.60932416666667      -8.477156046803389E-003
   5.10765958333333        6.90965708333333      -8.169944823125861E-003
   5.10765958333333        7.20999000000000      -7.668419970492303E-003
   5.40799250000000       2.000000000000000E-003 -3.264847995369534E-002
   5.40799250000000       0.302332916666667      -3.268103743508934E-002
   5.40799250000000       0.602665833333333      -3.259204391277119E-002
   5.40799250000000       0.902998750000000      -3.188571502936976E-002
   5.40799250000000        1.20333166666667      -3.025913058715781E-002
   5.40799250000000        1.50366458333333      -2.778268828905044E-002
   5.40799250000000        1.80399750000000      -2.479126917331678E-002
   5.40799250000000        2.10433041666667      -2.167859592562933E-002
   5.40799250000000        2.40466333333333      -1.880726903654656E-002
   5.40799250000000        2.70499625000000      -1.645262590510495E-002
   5.40799250000000        3.00532916666667      -1.474889304030656E-002
   5.40799250000000        3.30566208333333      -1.366758523364678E-002
   5.40799250000000        3.60599500000000      -1.303379132834949E-002
   5.40799250000000        3.90632791666667      -1.259057263427558E-002
   5.40799250000000        4.20666083333333      -1.210908477066161E-002
   5.40799250000000        4.50699375000000      -1.148113379327548E-002
   5.40799250000000        4.80732666666667      -1.073046742090405E-002
   5.40799250000000        5.10765958333333      -9.957119143308320E-003
   5.40799250000000        5.40799250000000      -9.265074370184964E-003
   5.40799250000000        5.70832541666667      -8.707114795181364E-003
   5.40799250000000        6.00865833333333      -8.272522487255501E-003
   5.40799250000000        6.30899125000000      -7.944085077670540E-003
   5.40799250000000        6.60932416666667      -7.647895511920281E-003
   5.40799250000000        6.90965708333333      -7.322849487401381E-003
   5.40799250000000        7.20999000000000      -6.938812564289991E-003
   5.70832541666667       2.000000000000000E-003 -2.489018481604005E-002
   5.70832541666667       0.302332916666667      -2.537389917045548E-002
   5.70832541666667       0.602665833333333      -2.635077074851012E-002
   5.70832541666667       0.902998750000000      -2.672144538034314E-002
   5.70832541666667        1.20333166666667      -2.588309010856261E-002
   5.70832541666667        1.50366458333333      -2.394298073775080E-002
   5.70832541666667        1.80399750000000      -2.143040057063994E-002
   5.70832541666667        2.10433041666667      -1.879940488312498E-002
   5.70832541666667        2.40466333333333      -1.638162603629374E-002
   5.70832541666667        2.70499625000000      -1.444111857979910E-002
   5.70832541666667        3.00532916666667      -1.314095846044881E-002
   5.70832541666667        3.30566208333333      -1.251263307216816E-002
   5.70832541666667        3.60599500000000      -1.239466567128570E-002
   5.70832541666667        3.90632791666667      -1.242774138493383E-002
   5.70832541666667        4.20666083333333      -1.225547365228953E-002
   5.70832541666667        4.50699375000000      -1.174245291305804E-002
   5.70832541666667        4.80732666666667      -1.096345959079617E-002
   5.70832541666667        5.10765958333333      -1.007586226424255E-002
   5.70832541666667        5.40799250000000      -9.222415415028620E-003
   5.70832541666667        5.70832541666667      -8.492645485259305E-003
   5.70832541666667        6.00865833333333      -7.954884602096089E-003
   5.70832541666667        6.30899125000000      -7.540266651200573E-003
   5.70832541666667        6.60932416666667      -7.199925398365992E-003
   5.70832541666667        6.90965708333333      -6.942359139558415E-003
   5.70832541666667        7.20999000000000      -6.701605600060907E-003
   6.00865833333333       2.000000000000000E-003 -2.080369470423694E-002
   6.00865833333333       0.302332916666667      -2.140264191790201E-002
   6.00865833333333       0.602665833333333      -2.263529679570357E-002
   6.00865833333333       0.902998750000000      -2.317136389174570E-002
   6.00865833333333        1.20333166666667      -2.251557512419651E-002
   6.00865833333333        1.50366458333333      -2.085112037094347E-002
   6.00865833333333        1.80399750000000      -1.867071420295677E-002
   6.00865833333333        2.10433041666667      -1.648640417506679E-002
   6.00865833333333        2.40466333333333      -1.447528629666091E-002
   6.00865833333333        2.70499625000000      -1.282312551075709E-002
   6.00865833333333        3.00532916666667      -1.173516713526506E-002
   6.00865833333333        3.30566208333333      -1.146127745002374E-002
   6.00865833333333        3.60599500000000      -1.201150519190334E-002
   6.00865833333333        3.90632791666667      -1.272011648113868E-002
   6.00865833333333        4.20666083333333      -1.284777923197295E-002
   6.00865833333333        4.50699375000000      -1.230388944924663E-002
   6.00865833333333        4.80732666666667      -1.137342839560159E-002
   6.00865833333333        5.10765958333333      -1.031654185536638E-002
   6.00865833333333        5.40799250000000      -9.306939672957600E-003
   6.00865833333333        5.70832541666667      -8.522809695057209E-003
   6.00865833333333        6.00865833333333      -7.963814729382826E-003
   6.00865833333333        6.30899125000000      -7.515433440931585E-003
   6.00865833333333        6.60932416666667      -7.178139558805294E-003
   6.00865833333333        6.90965708333333      -7.122496628717390E-003
   6.00865833333333        7.20999000000000      -7.203844077317403E-003
   6.30899125000000       2.000000000000000E-003 -2.281054559360492E-002
   6.30899125000000       0.302332916666667      -2.252447263760284E-002
   6.30899125000000       0.602665833333333      -2.177298233680003E-002
   6.30899125000000       0.902998750000000      -2.081729428427822E-002
   6.30899125000000        1.20333166666667      -1.973402945822338E-002
   6.30899125000000        1.50366458333333      -1.829496984788562E-002
   6.30899125000000        1.80399750000000      -1.656250836185735E-002
   6.30899125000000        2.10433041666667      -1.482722434319145E-002
   6.30899125000000        2.40466333333333      -1.318157478545545E-002
   6.30899125000000        2.70499625000000      -1.160293584151351E-002
   6.30899125000000        3.00532916666667      -1.046125238876722E-002
   6.30899125000000        3.30566208333333      -1.052857737806943E-002
   6.30899125000000        3.60599500000000      -1.195677158672217E-002
   6.30899125000000        3.90632791666667      -1.364059613779842E-002
   6.30899125000000        4.20666083333333      -1.411854016140775E-002
   6.30899125000000        4.50699375000000      -1.322670484341700E-002
   6.30899125000000        4.80732666666667      -1.186175722396961E-002
   6.30899125000000        5.10765958333333      -1.055931197512836E-002
   6.30899125000000        5.40799250000000      -9.466233068623452E-003
   6.30899125000000        5.70832541666667      -8.731930142762830E-003
   6.30899125000000        6.00865833333333      -8.284493168453809E-003
   6.30899125000000        6.30899125000000      -7.926691356493534E-003
   6.30899125000000        6.60932416666667      -7.612551158733362E-003
   6.30899125000000        6.90965708333333      -7.902728333133888E-003
   6.30899125000000        7.20999000000000      -8.758285338804961E-003
   6.60932416666667       2.000000000000000E-003 -3.049774423914468E-002
   6.60932416666667       0.302332916666667      -2.722695285789194E-002
   6.60932416666667       0.602665833333333      -2.066065417439928E-002
   6.60932416666667       0.902998750000000      -1.727446440832331E-002
   6.60932416666667        1.20333166666667      -1.628971929198553E-002
   6.60932416666667        1.50366458333333      -1.567218461064889E-002
   6.60932416666667        1.80399750000000      -1.481236576707051E-002
   6.60932416666667        2.10433041666667      -1.374464212621930E-002
   6.60932416666667        2.40466333333333      -1.254038253526693E-002
   6.60932416666667        2.70499625000000      -1.110810858625813E-002
   6.60932416666667        3.00532916666667      -9.950596774288183E-003
   6.60932416666667        3.30566208333333      -9.910364539225414E-003
   6.60932416666667        3.60599500000000      -1.204580209351742E-002
   6.60932416666667        3.90632791666667      -1.489751772287581E-002
   6.60932416666667        4.20666083333333      -1.556006266226717E-002
   6.60932416666667        4.50699375000000      -1.421504477389931E-002
   6.60932416666667        4.80732666666667      -1.222274440223330E-002
   6.60932416666667        5.10765958333333      -1.062999868472087E-002
   6.60932416666667        5.40799250000000      -9.529364748389606E-003
   6.60932416666667        5.70832541666667      -8.942899171848014E-003
   6.60932416666667        6.00865833333333      -8.806183003682969E-003
   6.60932416666667        6.30899125000000      -8.858862407520440E-003
   6.60932416666667        6.60932416666667      -8.671675484999536E-003
   6.60932416666667        6.90965708333333      -8.917718078315800E-003
   6.60932416666667        7.20999000000000      -1.102561230788775E-002
   6.90965708333333       2.000000000000000E-003 -2.756747273194875E-002
   6.90965708333333       0.302332916666667      -2.274938634399778E-002
   6.90965708333333       0.602665833333333      -1.183356109547177E-002
   6.90965708333333       0.902998750000000      -1.035869414774718E-002
   6.90965708333333        1.20333166666667      -1.173347914157210E-002
   6.90965708333333        1.50366458333333      -1.285241150896772E-002
   6.90965708333333        1.80399750000000      -1.328045045228931E-002
   6.90965708333333        2.10433041666667      -1.314779843507521E-002
   6.90965708333333        2.40466333333333      -1.262637662147290E-002
   6.90965708333333        2.70499625000000      -1.181039736538209E-002
   6.90965708333333        3.00532916666667      -1.082097950397982E-002
   6.90965708333333        3.30566208333333      -1.011125327055869E-002
   6.90965708333333        3.60599500000000      -1.165568344738318E-002
   6.90965708333333        3.90632791666667      -1.532058968098350E-002
   6.90965708333333        4.20666083333333      -1.588069295004024E-002
   6.90965708333333        4.50699375000000      -1.421529331013391E-002
   6.90965708333333        4.80732666666667      -1.205927314375609E-002
   6.90965708333333        5.10765958333333      -1.034056450876264E-002
   6.90965708333333        5.40799250000000      -9.306422921966671E-003
   6.90965708333333        5.70832541666667      -8.890994298517040E-003
   6.90965708333333        6.00865833333333      -9.139116779752432E-003
   6.90965708333333        6.30899125000000      -9.989368728604705E-003
   6.90965708333333        6.60932416666667      -1.077525723173313E-002
   6.90965708333333        6.90965708333333      -1.006466590578468E-002
   6.90965708333333        7.20999000000000      -1.078272039410651E-002
   7.20999000000000       2.000000000000000E-003 -1.703606345127927E-002
   7.20999000000000       0.302332916666667      -7.247629564203630E-003
   7.20999000000000       0.602665833333333      -2.461872740478667E-003
   7.20999000000000       0.902998750000000      -4.987297949431218E-003
   7.20999000000000        1.20333166666667      -8.248876067033058E-003
   7.20999000000000        1.50366458333333      -1.066803531571559E-002
   7.20999000000000        1.80399750000000      -1.217319195878941E-002
   7.20999000000000        2.10433041666667      -1.291719933678113E-002
   7.20999000000000        2.40466333333333      -1.320722626676139E-002
   7.20999000000000        2.70499625000000      -1.322493250253401E-002
   7.20999000000000        3.00532916666667      -1.290529363404449E-002
   7.20999000000000        3.30566208333333      -1.213551121701098E-002
   7.20999000000000        3.60599500000000      -1.072406012380771E-002
   7.20999000000000        3.90632791666667      -1.270045664953850E-002
   7.20999000000000        4.20666083333333      -1.345142708227905E-002
   7.20999000000000        4.50699375000000      -1.254047009242540E-002
   7.20999000000000        4.80732666666667      -1.101139787222775E-002
   7.20999000000000        5.10765958333333      -9.605402147692399E-003
   7.20999000000000        5.40799250000000      -8.719309363499159E-003
   7.20999000000000        5.70832541666667      -8.368238040969478E-003
   7.20999000000000        6.00865833333333      -8.679373529369608E-003
   7.20999000000000        6.30899125000000      -9.775553903857993E-003
   7.20999000000000        6.60932416666667      -1.128778099689946E-002
   7.20999000000000        6.90965708333333      -1.091182724882451E-002
   7.20999000000000        7.20999000000000      -8.201939672317625E-003
