  2.000000000000000E-003  2.000000000000000E-003 -9.524279091702983E-002
  2.000000000000000E-003  0.302332916666667      -9.493266383034861E-002
  2.000000000000000E-003  0.602665833333333      -8.627583213230021E-002
  2.000000000000000E-003  0.902998750000000      -7.309715871775159E-002
  2.000000000000000E-003   1.20333166666667      -6.104766929530893E-002
  2.000000000000000E-003   1.50366458333333      -5.121684668590622E-002
  2.000000000000000E-003   1.80399750000000      -4.357162866579448E-002
  2.000000000000000E-003   2.10433041666667      -3.789628334744656E-002
  2.000000000000000E-003   2.40466333333333      -3.365914096178485E-002
  2.000000000000000E-003   2.70499625000000      -3.070800730008989E-002
  2.000000000000000E-003   3.00532916666667      -2.906113762498704E-002
  2.000000000000000E-003   3.30566208333333      -2.740818845476185E-002
  2.000000000000000E-003   3.60599500000000      -2.664169045506613E-002
  2.000000000000000E-003   3.90632791666667      -1.947471273372713E-002
  2.000000000000000E-003   4.20666083333333      -1.462454182623153E-002
  2.000000000000000E-003   4.50699375000000      -1.484911366212498E-002
  2.000000000000000E-003   4.80732666666667      -1.684239517923360E-002
  2.000000000000000E-003   5.10765958333333      -1.872206704061740E-002
  2.000000000000000E-003   5.40799250000000      -2.013946719881256E-002
  2.000000000000000E-003   5.70832541666667      -2.161609927828920E-002
  2.000000000000000E-003   6.00865833333333      -2.338713929086565E-002
  2.000000000000000E-003   6.30899125000000      -2.560213348700181E-002
  2.000000000000000E-003   6.60932416666667      -2.804946028602977E-002
  2.000000000000000E-003   6.90965708333333      -2.899373454963213E-002
  2.000000000000000E-003   7.20999000000000      -2.551455536006278E-002
  0.302332916666667       2.000000000000000E-003 -0.114585093081806     
  0.302332916666667       0.302332916666667      -0.104859954118559     
  0.302332916666667       0.602665833333333      -9.123735293703286E-002
  0.302332916666667       0.902998750000000      -7.734694450516880E-002
  0.302332916666667        1.20333166666667      -6.523303267519455E-002
  0.302332916666667        1.50366458333333      -5.510975172118300E-002
  0.302332916666667        1.80399750000000      -4.683657421181152E-002
  0.302332916666667        2.10433041666667      -4.036608957424950E-002
  0.302332916666667        2.40466333333333      -3.500724878949752E-002
  0.302332916666667        2.70499625000000      -3.045000778436315E-002
  0.302332916666667        3.00532916666667      -2.752069043960978E-002
  0.302332916666667        3.30566208333333      -2.620247458997147E-002
  0.302332916666667        3.60599500000000      -2.572221922772331E-002
  0.302332916666667        3.90632791666667      -2.017787295759072E-002
  0.302332916666667        4.20666083333333      -1.589838276812261E-002
  0.302332916666667        4.50699375000000      -1.582584223332663E-002
  0.302332916666667        4.80732666666667      -1.741669718021141E-002
  0.302332916666667        5.10765958333333      -1.880307912010690E-002
  0.302332916666667        5.40799250000000      -1.972765013008722E-002
  0.302332916666667        5.70832541666667      -2.058821622028969E-002
  0.302332916666667        6.00865833333333      -2.163121082645533E-002
  0.302332916666667        6.30899125000000      -2.311074225292669E-002
  0.302332916666667        6.60932416666667      -2.512225805637694E-002
  0.302332916666667        6.90965708333333      -2.687674483132700E-002
  0.302332916666667        7.20999000000000      -2.861543811326680E-002
  0.602665833333333       2.000000000000000E-003 -0.116066204697900     
  0.602665833333333       0.302332916666667      -0.107375885610280     
  0.602665833333333       0.602665833333333      -9.338124143968990E-002
  0.602665833333333       0.902998750000000      -8.113540014670707E-002
  0.602665833333333        1.20333166666667      -7.019733050854554E-002
  0.602665833333333        1.50366458333333      -6.027705554295575E-002
  0.602665833333333        1.80399750000000      -5.157831037848630E-002
  0.602665833333333        2.10433041666667      -4.441604852270494E-002
  0.602665833333333        2.40466333333333      -3.845463552466798E-002
  0.602665833333333        2.70499625000000      -3.294820757314289E-002
  0.602665833333333        3.00532916666667      -2.943314899003271E-002
  0.602665833333333        3.30566208333333      -2.774922630556436E-002
  0.602665833333333        3.60599500000000      -2.617263589004199E-002
  0.602665833333333        3.90632791666667      -2.262013276679796E-002
  0.602665833333333        4.20666083333333      -1.944263130109045E-002
  0.602665833333333        4.50699375000000      -1.847749976888476E-002
  0.602665833333333        4.80732666666667      -1.878704959249213E-002
  0.602665833333333        5.10765958333333      -1.903804967822263E-002
  0.602665833333333        5.40799250000000      -1.911387061692707E-002
  0.602665833333333        5.70832541666667      -1.907383769834267E-002
  0.602665833333333        6.00865833333333      -1.904428139092550E-002
  0.602665833333333        6.30899125000000      -1.933504410566237E-002
  0.602665833333333        6.60932416666667      -2.071147362583613E-002
  0.602665833333333        6.90965708333333      -2.436506128076928E-002
  0.602665833333333        7.20999000000000      -2.739486244677812E-002
  0.902998750000000       2.000000000000000E-003 -0.111525418648844     
  0.902998750000000       0.302332916666667      -0.106915024421131     
  0.902998750000000       0.602665833333333      -9.732970141550917E-002
  0.902998750000000       0.902998750000000      -8.718168381409203E-002
  0.902998750000000        1.20333166666667      -7.712774256085941E-002
  0.902998750000000        1.50366458333333      -6.723307585435277E-002
  0.902998750000000        1.80399750000000      -5.801891294843096E-002
  0.902998750000000        2.10433041666667      -5.019711271816710E-002
  0.902998750000000        2.40466333333333      -4.349796245435381E-002
  0.902998750000000        2.70499625000000      -3.768966313337009E-002
  0.902998750000000        3.00532916666667      -3.336866697204260E-002
  0.902998750000000        3.30566208333333      -3.069439890658495E-002
  0.902998750000000        3.60599500000000      -2.840688838439937E-002
  0.902998750000000        3.90632791666667      -2.557941865780026E-002
  0.902998750000000        4.20666083333333      -2.289706902703548E-002
  0.902998750000000        4.50699375000000      -2.118331139845800E-002
  0.902998750000000        4.80732666666667      -2.013248304207553E-002
  0.902998750000000        5.10765958333333      -1.929905215097837E-002
  0.902998750000000        5.40799250000000      -1.852036651794712E-002
  0.902998750000000        5.70832541666667      -1.768496042177495E-002
  0.902998750000000        6.00865833333333      -1.688749220800110E-002
  0.902998750000000        6.30899125000000      -1.652187027502984E-002
  0.902998750000000        6.60932416666667      -1.738745578964395E-002
  0.902998750000000        6.90965708333333      -1.998794223914323E-002
  0.902998750000000        7.20999000000000      -2.215793295280687E-002
   1.20333166666667       2.000000000000000E-003 -0.113023053887928     
   1.20333166666667       0.302332916666667      -0.110476044714399     
   1.20333166666667       0.602665833333333      -0.104071369733955     
   1.20333166666667       0.902998750000000      -9.569095783431590E-002
   1.20333166666667        1.20333166666667      -8.617012343347498E-002
   1.20333166666667        1.50366458333333      -7.604228977107044E-002
   1.20333166666667        1.80399750000000      -6.614957165514421E-002
   1.20333166666667        2.10433041666667      -5.732639726935874E-002
   1.20333166666667        2.40466333333333      -4.965237554594030E-002
   1.20333166666667        2.70499625000000      -4.331567733635418E-002
   1.20333166666667        3.00532916666667      -3.834555520466610E-002
   1.20333166666667        3.30566208333333      -3.456032182266606E-002
   1.20333166666667        3.60599500000000      -3.142271712758994E-002
   1.20333166666667        3.90632791666667      -2.837851300107084E-002
   1.20333166666667        4.20666083333333      -2.550369910647171E-002
   1.20333166666667        4.50699375000000      -2.307729103734367E-002
   1.20333166666667        4.80732666666667      -2.111106311893589E-002
   1.20333166666667        5.10765958333333      -1.948450034674472E-002
   1.20333166666667        5.40799250000000      -1.804629367020498E-002
   1.20333166666667        5.70832541666667      -1.668689226424862E-002
   1.20333166666667        6.00865833333333      -1.550829848434350E-002
   1.20333166666667        6.30899125000000      -1.484946325234526E-002
   1.20333166666667        6.60932416666667      -1.519555329967226E-002
   1.20333166666667        6.90965708333333      -1.659535516995029E-002
   1.20333166666667        7.20999000000000      -1.797130131855532E-002
   1.50366458333333       2.000000000000000E-003 -0.119815649761621     
   1.50366458333333       0.302332916666667      -0.118129988688430     
   1.50366458333333       0.602665833333333      -0.113386664871663     
   1.50366458333333       0.902998750000000      -0.106160000049555     
   1.50366458333333        1.20333166666667      -9.694485113414912E-002
   1.50366458333333        1.50366458333333      -8.641860346404708E-002
   1.50366458333333        1.80399750000000      -7.565472250558512E-002
   1.50366458333333        2.10433041666667      -6.551956468426233E-002
   1.50366458333333        2.40466333333333      -5.658743054243635E-002
   1.50366458333333        2.70499625000000      -4.919325193206762E-002
   1.50366458333333        3.00532916666667      -4.329181448181824E-002
   1.50366458333333        3.30566208333333      -3.853509704395319E-002
   1.50366458333333        3.60599500000000      -3.446118331990923E-002
   1.50366458333333        3.90632791666667      -3.073902270208568E-002
   1.50366458333333        4.20666083333333      -2.731427378110642E-002
   1.50366458333333        4.50699375000000      -2.428191611314658E-002
   1.50366458333333        4.80732666666667      -2.169537114875085E-002
   1.50366458333333        5.10765958333333      -1.952078446764042E-002
   1.50366458333333        5.40799250000000      -1.766604561923632E-002
   1.50366458333333        5.70832541666667      -1.602846591307805E-002
   1.50366458333333        6.00865833333333      -1.470281786327992E-002
   1.50366458333333        6.30899125000000      -1.393107791206508E-002
   1.50366458333333        6.60932416666667      -1.393329751598237E-002
   1.50366458333333        6.90965708333333      -1.462109165741611E-002
   1.50366458333333        7.20999000000000      -1.543732959046341E-002
   1.80399750000000       2.000000000000000E-003 -0.129564034504571     
   1.80399750000000       0.302332916666667      -0.128336144317279     
   1.80399750000000       0.602665833333333      -0.124524841139446     
   1.80399750000000       0.902998750000000      -0.118040198007600     
   1.80399750000000        1.20333166666667      -0.108934670430598     
   1.80399750000000        1.50366458333333      -9.789041996114831E-002
   1.80399750000000        1.80399750000000      -8.601129275033403E-002
   1.80399750000000        2.10433041666667      -7.435154854709994E-002
   1.80399750000000        2.40466333333333      -6.386234543356704E-002
   1.80399750000000        2.70499625000000      -5.506783356573031E-002
   1.80399750000000        3.00532916666667      -4.795257313977713E-002
   1.80399750000000        3.30566208333333      -4.212693060055706E-002
   1.80399750000000        3.60599500000000      -3.712141723017536E-002
   1.80399750000000        3.90632791666667      -3.262794349265732E-002
   1.80399750000000        4.20666083333333      -2.856728198442305E-002
   1.80399750000000        4.50699375000000      -2.498772364997803E-002
   1.80399750000000        4.80732666666667      -2.193002103244352E-002
   1.80399750000000        5.10765958333333      -1.937383530697614E-002
   1.80399750000000        5.40799250000000      -1.726146134099952E-002
   1.80399750000000        5.70832541666667      -1.554002768784538E-002
   1.80399750000000        6.00865833333333      -1.420745109093059E-002
   1.80399750000000        6.30899125000000      -1.342278702798019E-002
   1.80399750000000        6.60932416666667      -1.327512140122309E-002
   1.80399750000000        6.90965708333333      -1.361670307148758E-002
   1.80399750000000        7.20999000000000      -1.409856782024704E-002
   2.10433041666667       2.000000000000000E-003 -0.140955148745638     
   2.10433041666667       0.302332916666667      -0.140011055867114     
   2.10433041666667       0.602665833333333      -0.136942596531023     
   2.10433041666667       0.902998750000000      -0.130866400668647     
   2.10433041666667        1.20333166666667      -0.121706667558799     
   2.10433041666667        1.50366458333333      -0.109924756555129     
   2.10433041666667        1.80399750000000      -9.659869523295359E-002
   2.10433041666667        2.10433041666667      -8.315074385458533E-002
   2.10433041666667        2.40466333333333      -7.086952907111398E-002
   2.10433041666667        2.70499625000000      -6.048321643760959E-002
   2.10433041666667        3.00532916666667      -5.203973887735733E-002
   2.10433041666667        3.30566208333333      -4.512357573783805E-002
   2.10433041666667        3.60599500000000      -3.921997703994656E-002
   2.10433041666667        3.90632791666667      -3.399156971800920E-002
   2.10433041666667        4.20666083333333      -2.934039679033371E-002
   2.10433041666667        4.50699375000000      -2.529576607370275E-002
   2.10433041666667        4.80732666666667      -2.187960061937792E-002
   2.10433041666667        5.10765958333333      -1.905834283043267E-002
   2.10433041666667        5.40799250000000      -1.677633753592957E-002
   2.10433041666667        5.70832541666667      -1.500509677312682E-002
   2.10433041666667        6.00865833333333      -1.375739097755549E-002
   2.10433041666667        6.30899125000000      -1.306203554018270E-002
   2.10433041666667        6.60932416666667      -1.291075689106101E-002
   2.10433041666667        6.90965708333333      -1.317979957061009E-002
   2.10433041666667        7.20999000000000      -1.352563290570372E-002
   2.40466333333333       2.000000000000000E-003 -0.153296149930718     
   2.40466333333333       0.302332916666667      -0.153015057749001     
   2.40466333333333       0.602665833333333      -0.150860160047963     
   2.40466333333333       0.902998750000000      -0.144935559567207     
   2.40466333333333        1.20333166666667      -0.134958810650015     
   2.40466333333333        1.50366458333333      -0.121714453510317     
   2.40466333333333        1.80399750000000      -0.106548729059137     
   2.40466333333333        2.10433041666667      -9.112788815516251E-002
   2.40466333333333        2.40466333333333      -7.697615520326380E-002
   2.40466333333333        2.70499625000000      -6.498769015237452E-002
   2.40466333333333        3.00532916666667      -5.526508204103513E-002
   2.40466333333333        3.30566208333333      -4.735686428912262E-002
   2.40466333333333        3.60599500000000      -4.067894546325072E-002
   2.40466333333333        3.90632791666667      -3.483869534196596E-002
   2.40466333333333        4.20666083333333      -2.970986488790874E-002
   2.40466333333333        4.50699375000000      -2.530590164932948E-002
   2.40466333333333        4.80732666666667      -2.163084273391878E-002
   2.40466333333333        5.10765958333333      -1.862939383853508E-002
   2.40466333333333        5.40799250000000      -1.622759394728650E-002
   2.40466333333333        5.70832541666667      -1.439053900174216E-002
   2.40466333333333        6.00865833333333      -1.313610729114392E-002
   2.40466333333333        6.30899125000000      -1.250715382847220E-002
   2.40466333333333        6.60932416666667      -1.251972418662299E-002
   2.40466333333333        6.90965708333333      -1.302218503954164E-002
   2.40466333333333        7.20999000000000      -1.351241335455564E-002
   2.70499625000000       2.000000000000000E-003 -0.166682928778443     
   2.70499625000000       0.302332916666667      -0.167939243138156     
   2.70499625000000       0.602665833333333      -0.167783232528837     
   2.70499625000000       0.902998750000000      -0.160892518474146     
   2.70499625000000        1.20333166666667      -0.148183047166180     
   2.70499625000000        1.50366458333333      -0.132421196579340     
   2.70499625000000        1.80399750000000      -0.115042369734648     
   2.70499625000000        2.10433041666667      -9.762513970850110E-002
   2.70499625000000        2.40466333333333      -8.172574009463215E-002
   2.70499625000000        2.70499625000000      -6.831170366202738E-002
   2.70499625000000        3.00532916666667      -5.750469251548913E-002
   2.70499625000000        3.30566208333333      -4.880179294457020E-002
   2.70499625000000        3.60599500000000      -4.153878364080819E-002
   2.70499625000000        3.90632791666667      -3.525655675582354E-002
   2.70499625000000        4.20666083333333      -2.979031781281529E-002
   2.70499625000000        4.50699375000000      -2.513630815038450E-002
   2.70499625000000        4.80732666666667      -2.128644665649316E-002
   2.70499625000000        5.10765958333333      -1.816442802049987E-002
   2.70499625000000        5.40799250000000      -1.566630020012409E-002
   2.70499625000000        5.70832541666667      -1.372592692491119E-002
   2.70499625000000        6.00865833333333      -1.233905061505228E-002
   2.70499625000000        6.30899125000000      -1.158644301833211E-002
   2.70499625000000        6.60932416666667      -1.172945248407342E-002
   2.70499625000000        6.90965708333333      -1.270791312616856E-002
   2.70499625000000        7.20999000000000      -1.361264416722021E-002
   3.00532916666667       2.000000000000000E-003 -0.184694994210412     
   3.00532916666667       0.302332916666667      -0.188458333077292     
   3.00532916666667       0.602665833333333      -0.189448243373782     
   3.00532916666667       0.902998750000000      -0.179338650926607     
   3.00532916666667        1.20333166666667      -0.161092079700519     
   3.00532916666667        1.50366458333333      -0.141353249379433     
   3.00532916666667        1.80399750000000      -0.121511277095768     
   3.00532916666667        2.10433041666667      -0.102286474540171     
   3.00532916666667        2.40466333333333      -8.495708226615080E-002
   3.00532916666667        2.70499625000000      -7.044117386695793E-002
   3.00532916666667        3.00532916666667      -5.883566217193919E-002
   3.00532916666667        3.30566208333333      -4.957796094524217E-002
   3.00532916666667        3.60599500000000      -4.193226622176687E-002
   3.00532916666667        3.90632791666667      -3.538033189770429E-002
   3.00532916666667        4.20666083333333      -2.971353516072339E-002
   3.00532916666667        4.50699375000000      -2.490793236980010E-002
   3.00532916666667        4.80732666666667      -2.094999297626209E-002
   3.00532916666667        5.10765958333333      -1.774799557519108E-002
   3.00532916666667        5.40799250000000      -1.516285444806968E-002
   3.00532916666667        5.70832541666667      -1.307090845197166E-002
   3.00532916666667        6.00865833333333      -1.137359743902408E-002
   3.00532916666667        6.30899125000000      -1.016327637240197E-002
   3.00532916666667        6.60932416666667      -1.012957054926081E-002
   3.00532916666667        6.90965708333333      -1.154782206465092E-002
   3.00532916666667        7.20999000000000      -1.308339381230993E-002
   3.30566208333333       2.000000000000000E-003 -0.210000932080149     
   3.30566208333333       0.302332916666667      -0.218113800492455     
   3.30566208333333       0.602665833333333      -0.215165398255807     
   3.30566208333333       0.902998750000000      -0.196966603145480     
   3.30566208333333        1.20333166666667      -0.172113096892535     
   3.30566208333333        1.50366458333333      -0.147618890724650     
   3.30566208333333        1.80399750000000      -0.125585756775809     
   3.30566208333333        2.10433041666667      -0.105037676223314     
   3.30566208333333        2.40466333333333      -8.676388481586349E-002
   3.30566208333333        2.70499625000000      -7.155948889506439E-002
   3.30566208333333        3.00532916666667      -5.947414632344468E-002
   3.30566208333333        3.30566208333333      -4.989453464033661E-002
   3.30566208333333        3.60599500000000      -4.204048612718112E-002
   3.30566208333333        3.90632791666667      -3.535962108731239E-002
   3.30566208333333        4.20666083333333      -2.960308741465528E-002
   3.30566208333333        4.50699375000000      -2.472503759353172E-002
   3.30566208333333        4.80732666666667      -2.071042739777361E-002
   3.30566208333333        5.10765958333333      -1.745971257171360E-002
   3.30566208333333        5.40799250000000      -1.480440114426453E-002
   3.30566208333333        5.70832541666667      -1.255273590591991E-002
   3.30566208333333        6.00865833333333      -1.043068774291841E-002
   3.30566208333333        6.30899125000000      -8.569645972786352E-003
   3.30566208333333        6.60932416666667      -7.769824451669360E-003
   3.30566208333333        6.90965708333333      -8.940792601835522E-003
   3.30566208333333        7.20999000000000      -1.097782174641916E-002
   3.60599500000000       2.000000000000000E-003 -0.213813920205246     
   3.60599500000000       0.302332916666667      -0.237600889604330     
   3.60599500000000       0.602665833333333      -0.229065350070241     
   3.60599500000000       0.902998750000000      -0.204984266340402     
   3.60599500000000        1.20333166666667      -0.176718563029450     
   3.60599500000000        1.50366458333333      -0.149956837882053     
   3.60599500000000        1.80399750000000      -0.126983140726302     
   3.60599500000000        2.10433041666667      -0.105932240680357     
   3.60599500000000        2.40466333333333      -8.732627024511770E-002
   3.60599500000000        2.70499625000000      -7.189120307150060E-002
   3.60599500000000        3.00532916666667      -5.965017258319316E-002
   3.60599500000000        3.30566208333333      -4.996758100752924E-002
   3.60599500000000        3.60599500000000      -4.204931108020601E-002
   3.60599500000000        3.90632791666667      -3.533473591682634E-002
   3.60599500000000        4.20666083333333      -2.955667719884764E-002
   3.60599500000000        4.50699375000000      -2.465870706574368E-002
   3.60599500000000        4.80732666666667      -2.062623669578109E-002
   3.60599500000000        5.10765958333333      -1.735815634720671E-002
   3.60599500000000        5.40799250000000      -1.467480641422714E-002
   3.60599500000000        5.70832541666667      -1.235228310214723E-002
   3.60599500000000        6.00865833333333      -1.002651652986805E-002
   3.60599500000000        6.30899125000000      -7.827192300760750E-003
   3.60599500000000        6.60932416666667      -6.434067305224115E-003
   3.60599500000000        6.90965708333333      -6.876471187044760E-003
   3.60599500000000        7.20999000000000      -8.680416938869725E-003
   3.90632791666667       2.000000000000000E-003 -0.210005682813516     
   3.90632791666667       0.302332916666667      -0.218704441602275     
   3.90632791666667       0.602665833333333      -0.215712350260237     
   3.90632791666667       0.902998750000000      -0.197294640930004     
   3.90632791666667        1.20333166666667      -0.172257104391947     
   3.90632791666667        1.50366458333333      -0.147657031919911     
   3.90632791666667        1.80399750000000      -0.125574549876055     
   3.90632791666667        2.10433041666667      -0.105006113901822     
   3.90632791666667        2.40466333333333      -8.673098884069705E-002
   3.90632791666667        2.70499625000000      -7.153629261376779E-002
   3.90632791666667        3.00532916666667      -5.946414092471849E-002
   3.90632791666667        3.30566208333333      -4.989573661496180E-002
   3.90632791666667        3.60599500000000      -4.204837637981556E-002
   3.90632791666667        3.90632791666667      -3.536973430996297E-002
   3.90632791666667        4.20666083333333      -2.961248329585656E-002
   3.90632791666667        4.50699375000000      -2.473248264604242E-002
   3.90632791666667        4.80732666666667      -2.071600181704269E-002
   3.90632791666667        5.10765958333333      -1.746444587329959E-002
   3.90632791666667        5.40799250000000      -1.481026686900714E-002
   3.90632791666667        5.70832541666667      -1.256331742751418E-002
   3.90632791666667        6.00865833333333      -1.045452267501336E-002
   3.90632791666667        6.30899125000000      -8.616570004412356E-003
   3.90632791666667        6.60932416666667      -7.844058038713186E-003
   3.90632791666667        6.90965708333333      -9.033483564621868E-003
   3.90632791666667        7.20999000000000      -1.107961919940530E-002
   4.20666083333333       2.000000000000000E-003 -0.184697741871273     
   4.20666083333333       0.302332916666667      -0.189009836870807     
   4.20666083333333       0.602665833333333      -0.190066159513644     
   4.20666083333333       0.902998750000000      -0.179750431979096     
   4.20666083333333        1.20333166666667      -0.161274279792667     
   4.20666083333333        1.50366458333333      -0.141396975062263     
   4.20666083333333        1.80399750000000      -0.121480832263866     
   4.20666083333333        2.10433041666667      -0.102224877837906     
   4.20666083333333        2.40466333333333      -8.489531368939794E-002
   4.20666083333333        2.70499625000000      -7.039718821270892E-002
   4.20666083333333        3.00532916666667      -5.881444822285447E-002
   4.20666083333333        3.30566208333333      -4.957527118379280E-002
   4.20666083333333        3.60599500000000      -4.194008964167251E-002
   4.20666083333333        3.90632791666667      -3.539146883338511E-002
   4.20666083333333        4.20666083333333      -2.972374830377016E-002
   4.20666083333333        4.50699375000000      -2.491596462119809E-002
   4.20666083333333        4.80732666666667      -2.095656196245379E-002
   4.20666083333333        5.10765958333333      -1.775493390306456E-002
   4.20666083333333        5.40799250000000      -1.517291777004090E-002
   4.20666083333333        5.70832541666667      -1.308846295478967E-002
   4.20666083333333        6.00865833333333      -1.140710288388259E-002
   4.20666083333333        6.30899125000000      -1.022580299948385E-002
   4.20666083333333        6.60932416666667      -1.022545688607466E-002
   4.20666083333333        6.90965708333333      -1.167697290487159E-002
   4.20666083333333        7.20999000000000      -1.324274008096697E-002
   4.50699375000000       2.000000000000000E-003 -0.166682863753635     
   4.50699375000000       0.302332916666667      -0.168274670080855     
   4.50699375000000       0.602665833333333      -0.168202211527734     
   4.50699375000000       0.902998750000000      -0.161184750853524     
   4.50699375000000        1.20333166666667      -0.148314412198993     
   4.50699375000000        1.50366458333333      -0.132434059145702     
   4.50699375000000        1.80399750000000      -0.114982169189756     
   4.50699375000000        2.10433041666667      -9.753439683645915E-002
   4.50699375000000        2.40466333333333      -8.163782064772430E-002
   4.50699375000000        2.70499625000000      -6.824516683721699E-002
   4.50699375000000        3.00532916666667      -5.746297378056614E-002
   4.50699375000000        3.30566208333333      -4.877844717321496E-002
   4.50699375000000        3.60599500000000      -4.152476629499238E-002
   4.50699375000000        3.90632791666667      -3.524548119146791E-002
   4.50699375000000        4.20666083333333      -2.977999766701818E-002
   4.50699375000000        4.50699375000000      -2.512770117269398E-002
   4.50699375000000        4.80732666666667      -2.128178905524547E-002
   4.50699375000000        5.10765958333333      -1.816594586785067E-002
   4.50699375000000        5.40799250000000      -1.567597521690363E-002
   4.50699375000000        5.70832541666667      -1.374612687372973E-002
   4.50699375000000        6.00865833333333      -1.237335755486788E-002
   4.50699375000000        6.30899125000000      -1.163967826761469E-002
   4.50699375000000        6.60932416666667      -1.180297349351748E-002
   4.50699375000000        6.90965708333333      -1.280122658169344E-002
   4.50699375000000        7.20999000000000      -1.372585921440703E-002
   4.80732666666667       2.000000000000000E-003 -0.153292946974537     
   4.80732666666667       0.302332916666667      -0.153170330147367     
   4.80732666666667       0.602665833333333      -0.151059516996422     
   4.80732666666667       0.902998750000000      -0.145077830201537     
   4.80732666666667        1.20333166666667      -0.135006378878797     
   4.80732666666667        1.50366458333333      -0.121674332359125     
   4.80732666666667        1.80399750000000      -0.106450014185824     
   4.80732666666667        2.10433041666667      -9.100537959534211E-002
   4.80732666666667        2.40466333333333      -7.685730719402406E-002
   4.80732666666667        2.70499625000000      -6.488537375201830E-002
   4.80732666666667        3.00532916666667      -5.517842178233489E-002
   4.80732666666667        3.30566208333333      -4.727836629954654E-002
   4.80732666666667        3.60599500000000      -4.060272847673868E-002
   4.80732666666667        3.90632791666667      -3.476458260515847E-002
   4.80732666666667        4.20666083333333      -2.964242729181941E-002
   4.80732666666667        4.50699375000000      -2.525111589571338E-002
   4.80732666666667        4.80732666666667      -2.159324507969852E-002
   4.80732666666667        5.10765958333333      -1.861096723993982E-002
   4.80732666666667        5.40799250000000      -1.622836193498358E-002
   4.80732666666667        5.70832541666667      -1.440952157485640E-002
   4.80732666666667        6.00865833333333      -1.317158510398028E-002
   4.80732666666667        6.30899125000000      -1.255585086231719E-002
   4.80732666666667        6.60932416666667      -1.257563710222537E-002
   4.80732666666667        6.90965708333333      -1.307888796960750E-002
   4.80732666666667        7.20999000000000      -1.357134376685147E-002
   5.10765958333333       2.000000000000000E-003 -0.140948248518500     
   5.10765958333333       0.302332916666667      -0.140060435650309     
   5.10765958333333       0.602665833333333      -0.137003730686313     
   5.10765958333333       0.902998750000000      -0.130889537195542     
   5.10765958333333        1.20333166666667      -0.121666249750002     
   5.10765958333333        1.50366458333333      -0.109822935522944     
   5.10765958333333        1.80399750000000      -9.645541374969077E-002
   5.10765958333333        2.10433041666667      -8.298976983935975E-002
   5.10765958333333        2.40466333333333      -7.070627346361927E-002
   5.10765958333333        2.70499625000000      -6.031969746413870E-002
   5.10765958333333        3.00532916666667      -5.186885348163354E-002
   5.10765958333333        3.30566208333333      -4.493922310614059E-002
   5.10765958333333        3.60599500000000      -3.902550446333269E-002
   5.10765958333333        3.90632791666667      -3.380034050277855E-002
   5.10765958333333        4.20666083333333      -2.916932804913763E-002
   5.10765958333333        4.50699375000000      -2.515818079602946E-002
   5.10765958333333        4.80732666666667      -2.178205865847271E-002
   5.10765958333333        5.10765958333333      -1.900151194889247E-002
   5.10765958333333        5.40799250000000      -1.675755809897222E-002
   5.10765958333333        5.70832541666667      -1.502028194045056E-002
   5.10765958333333        6.00865833333333      -1.380070593963061E-002
   5.10765958333333        6.30899125000000      -1.312363013388724E-002
   5.10765958333333        6.60932416666667      -1.297558499596687E-002
   5.10765958333333        6.90965708333333      -1.323401896150824E-002
   5.10765958333333        7.20999000000000      -1.356326180279312E-002
   5.40799250000000       2.000000000000000E-003 -0.129552238908053     
   5.40799250000000       0.302332916666667      -0.128323437574384     
   5.40799250000000       0.602665833333333      -0.124491940007196     
   5.40799250000000       0.902998750000000      -0.117964711275349     
   5.40799250000000        1.20333166666667      -0.108809188065972     
   5.40799250000000        1.50366458333333      -9.772557399790188E-002
   5.40799250000000        1.80399750000000      -8.582108858485485E-002
   5.40799250000000        2.10433041666667      -7.414574619012591E-002
   5.40799250000000        2.40466333333333      -6.363933634150790E-002
   5.40799250000000        2.70499625000000      -5.481397246753351E-002
   5.40799250000000        3.00532916666667      -4.765188017836396E-002
   5.40799250000000        3.30566208333333      -4.177712782225857E-002
   5.40799250000000        3.60599500000000      -3.674410126070007E-002
   5.40799250000000        3.90632791666667      -3.226150855405568E-002
   5.40799250000000        4.20666083333333      -2.824789895905512E-002
   5.40799250000000        4.50699375000000      -2.473609589091418E-002
   5.40799250000000        4.80732666666667      -2.175132451351108E-002
   5.40799250000000        5.10765958333333      -1.926451439274983E-002
   5.40799250000000        5.40799250000000      -1.721570611468250E-002
   5.40799250000000        5.70832541666667      -1.555286471546457E-002
   5.40799250000000        6.00865833333333      -1.427264776430721E-002
   5.40799250000000        6.30899125000000      -1.352489878296421E-002
   5.40799250000000        6.60932416666667      -1.338855195632255E-002
   5.40799250000000        6.90965708333333      -1.371204541445898E-002
   5.40799250000000        7.20999000000000      -1.415618846881191E-002
   5.70832541666667       2.000000000000000E-003 -0.119797780069300     
   5.70832541666667       0.302332916666667      -0.118070871348632     
   5.70832541666667       0.602665833333333      -0.113282044513771     
   5.70832541666667       0.902998750000000      -0.106005651075681     
   5.70832541666667        1.20333166666667      -9.674697829960854E-002
   5.70832541666667        1.50366458333333      -8.619491158660862E-002
   5.70832541666667        1.80399750000000      -7.542168789893386E-002
   5.70832541666667        2.10433041666667      -6.527108234508569E-002
   5.70832541666667        2.40466333333333      -5.629984485306642E-002
   5.70832541666667        2.70499625000000      -4.882965069649403E-002
   5.70832541666667        3.00532916666667      -4.281780295265398E-002
   5.70832541666667        3.30566208333333      -3.794981053980453E-002
   5.70832541666667        3.60599500000000      -3.382098592331993E-002
   5.70832541666667        3.90632791666667      -3.013417647971208E-002
   5.70832541666667        4.20666083333333      -2.681247326468290E-002
   5.70832541666667        4.50699375000000      -2.390398638039560E-002
   5.70832541666667        4.80732666666667      -2.143285558111484E-002
   5.70832541666667        5.10765958333333      -1.935860280587972E-002
   5.70832541666667        5.40799250000000      -1.759434863368460E-002
   5.70832541666667        5.70832541666667      -1.604536231716903E-002
   5.70832541666667        6.00865833333333      -1.480395398881760E-002
   5.70832541666667        6.30899125000000      -1.409861503420112E-002
   5.70832541666667        6.60932416666667      -1.412877091647556E-002
   5.70832541666667        6.90965708333333      -1.479235804844404E-002
   5.70832541666667        7.20999000000000      -1.554355441570559E-002
   6.00865833333333       2.000000000000000E-003 -0.113000465929576     
   6.00865833333333       0.302332916666667      -0.110380251968397     
   6.00865833333333       0.602665833333333      -0.103914245286222     
   6.00865833333333       0.902998750000000      -9.548126277187483E-002
   6.00865833333333        1.20333166666667      -8.592360589026606E-002
   6.00865833333333        1.50366458333333      -7.578121256747439E-002
   6.00865833333333        1.80399750000000      -6.588896298890282E-002
   6.00865833333333        2.10433041666667      -5.705396579580360E-002
   6.00865833333333        2.40466333333333      -4.931869225254544E-002
   6.00865833333333        2.70499625000000      -4.284615440653541E-002
   6.00865833333333        3.00532916666667      -3.765404028356515E-002
   6.00865833333333        3.30566208333333      -3.361796365866247E-002
   6.00865833333333        3.60599500000000      -3.036436252614250E-002
   6.00865833333333        3.90632791666667      -2.742740100097528E-002
   6.00865833333333        4.20666083333333      -2.479220641709075E-002
   6.00865833333333        4.50699375000000      -2.258932875054392E-002
   6.00865833333333        4.80732666666667      -2.078882093395280E-002
   6.00865833333333        5.10765958333333      -1.928682587528786E-002
   6.00865833333333        5.40799250000000      -1.795751757784763E-002
   6.00865833333333        5.70832541666667      -1.670926131641197E-002
   6.00865833333333        6.00865833333333      -1.564334355957405E-002
   6.00865833333333        6.30899125000000      -1.507848701581814E-002
   6.00865833333333        6.60932416666667      -1.546675212014624E-002
   6.00865833333333        6.90965708333333      -1.683256985997240E-002
   6.00865833333333        7.20999000000000      -1.811324577945253E-002
   6.30899125000000       2.000000000000000E-003 -0.111503046437976     
   6.30899125000000       0.302332916666667      -0.106796759244827     
   6.30899125000000       0.602665833333333      -9.715272872159497E-002
   6.30899125000000       0.902998750000000      -8.695397617075006E-002
   6.30899125000000        1.20333166666667      -7.686671556955185E-002
   6.30899125000000        1.50366458333333      -6.696768800548554E-002
   6.30899125000000        1.80399750000000      -5.776514828360568E-002
   6.30899125000000        2.10433041666667      -4.993937039687497E-002
   6.30899125000000        2.40466333333333      -4.317011980101319E-002
   6.30899125000000        2.70499625000000      -3.716271513404658E-002
   6.30899125000000        3.00532916666667      -3.245866115708075E-002
   6.30899125000000        3.30566208333333      -2.934070734263786E-002
   6.30899125000000        3.60599500000000      -2.685595387380054E-002
   6.30899125000000        3.90632791666667      -2.425205861637731E-002
   6.30899125000000        4.20666083333333      -2.199914644381403E-002
   6.30899125000000        4.50699375000000      -2.064428351457825E-002
   6.30899125000000        4.80732666666667      -1.980280259922515E-002
   6.30899125000000        5.10765958333333      -1.909607553205949E-002
   6.30899125000000        5.40799250000000      -1.842400116277093E-002
   6.30899125000000        5.70832541666667      -1.770480616344191E-002
   6.30899125000000        6.00865833333333      -1.702989818274349E-002
   6.30899125000000        6.30899125000000      -1.676257161676659E-002
   6.30899125000000        6.60932416666667      -1.765812185905207E-002
   6.30899125000000        6.90965708333333      -2.019924365814941E-002
   6.30899125000000        7.20999000000000      -2.226022884706113E-002
   6.60932416666667       2.000000000000000E-003 -0.116050221603912     
   6.60932416666667       0.302332916666667      -0.107277652271122     
   6.60932416666667       0.602665833333333      -9.326564297578921E-002
   6.60932416666667       0.902998750000000      -8.095461156794949E-002
   6.60932416666667        1.20333166666667      -6.996834281378869E-002
   6.60932416666667        1.50366458333333      -6.004618143963464E-002
   6.60932416666667        1.80399750000000      -5.137205702580177E-002
   6.60932416666667        2.10433041666667      -4.422451680148187E-002
   6.60932416666667        2.40466333333333      -3.821953461860129E-002
   6.60932416666667        2.70499625000000      -3.252290222993470E-002
   6.60932416666667        3.00532916666667      -2.856842125332297E-002
   6.60932416666667        3.30566208333333      -2.625789305132349E-002
   6.60932416666667        3.60599500000000      -2.437299453136635E-002
   6.60932416666667        3.90632791666667      -2.121293882158510E-002
   6.60932416666667        4.20666083333333      -1.863029664140417E-002
   6.60932416666667        4.50699375000000      -1.803884687521479E-002
   6.60932416666667        4.80732666666667      -1.852135711260407E-002
   6.60932416666667        5.10765958333333      -1.885927834001406E-002
   6.60932416666667        5.40799250000000      -1.901530175263653E-002
   6.60932416666667        5.70832541666667      -1.907466891738856E-002
   6.60932416666667        6.00865833333333      -1.915118957484906E-002
   6.60932416666667        6.30899125000000      -1.950671981496476E-002
   6.60932416666667        6.60932416666667      -2.084550055840262E-002
   6.60932416666667        6.90965708333333      -2.439722062403046E-002
   6.60932416666667        7.20999000000000      -2.737529807442215E-002
   6.90965708333333       2.000000000000000E-003 -0.114570724667332     
   6.90965708333333       0.302332916666667      -0.104892958557870     
   6.90965708333333       0.602665833333333      -9.131055279104722E-002
   6.90965708333333       0.902998750000000      -7.728514528512029E-002
   6.90965708333333        1.20333166666667      -6.508246824306850E-002
   6.90965708333333        1.50366458333333      -5.494865752551041E-002
   6.90965708333333        1.80399750000000      -4.670886582214841E-002
   6.90965708333333        2.10433041666667      -4.028104686912967E-002
   6.90965708333333        2.40466333333333      -3.494947430156877E-002
   6.90965708333333        2.70499625000000      -3.033330549944140E-002
   6.90965708333333        3.00532916666667      -2.712952755843249E-002
   6.90965708333333        3.30566208333333      -2.525463897131796E-002
   6.90965708333333        3.60599500000000      -2.440714638370843E-002
   6.90965708333333        3.90632791666667      -1.932927727398045E-002
   6.90965708333333        4.20666083333333      -1.553042774772608E-002
   6.90965708333333        4.50699375000000      -1.564015697165855E-002
   6.90965708333333        4.80732666666667      -1.726275528503323E-002
   6.90965708333333        5.10765958333333      -1.865856633185333E-002
   6.90965708333333        5.40799250000000      -1.962289712482973E-002
   6.90965708333333        5.70832541666667      -2.055348207248112E-002
   6.90965708333333        6.00865833333333      -2.167311016715767E-002
   6.90965708333333        6.30899125000000      -2.317620866660845E-002
   6.90965708333333        6.60932416666667      -2.509077883975445E-002
   6.90965708333333        6.90965708333333      -2.680063261399799E-002
   6.90965708333333        7.20999000000000      -2.869834723261890E-002
   7.20999000000000       2.000000000000000E-003 -9.523153886554067E-002
   7.20999000000000       0.302332916666667      -9.507471983187545E-002
   7.20999000000000       0.602665833333333      -8.648378344976550E-002
   7.20999000000000       0.902998750000000      -7.314956905722840E-002
   7.20999000000000        1.20333166666667      -6.099654529834771E-002
   7.20999000000000        1.50366458333333      -5.114566922614284E-002
   7.20999000000000        1.80399750000000      -4.353307705845746E-002
   7.20999000000000        2.10433041666667      -3.791641630291101E-002
   7.20999000000000        2.40466333333333      -3.376563932741452E-002
   7.20999000000000        2.70499625000000      -3.088368032012543E-002
   7.20999000000000        3.00532916666667      -2.919170507995479E-002
   7.20999000000000        3.30566208333333      -2.727804644789720E-002
   7.20999000000000        3.60599500000000      -2.622272260827304E-002
   7.20999000000000        3.90632791666667      -1.925441627628928E-002
   7.20999000000000        4.20666083333333      -1.459243809742329E-002
   7.20999000000000        4.50699375000000      -1.481814117066202E-002
   7.20999000000000        4.80732666666667      -1.674789019958440E-002
   7.20999000000000        5.10765958333333      -1.858662711794646E-002
   7.20999000000000        5.40799250000000      -2.001554257271595E-002
   7.20999000000000        5.70832541666667      -2.153727968670525E-002
   7.20999000000000        6.00865833333333      -2.336357330991002E-002
   7.20999000000000        6.30899125000000      -2.560378717377400E-002
   7.20999000000000        6.60932416666667      -2.802584905074082E-002
   7.20999000000000        6.90965708333333      -2.905228012968186E-002
   7.20999000000000        7.20999000000000      -2.573890460814469E-002
