  2.000000000000000E-003  2.000000000000000E-003 -0.407761202493200     
  2.000000000000000E-003  0.302332916666667      -0.353863620621431     
  2.000000000000000E-003  0.602665833333333      -0.309524591444481     
  2.000000000000000E-003  0.902998750000000      -0.285081757553782     
  2.000000000000000E-003   1.20333166666667      -0.272251670907895     
  2.000000000000000E-003   1.50366458333333      -0.262204263607304     
  2.000000000000000E-003   1.80399750000000      -0.250907405009969     
  2.000000000000000E-003   2.10433041666667      -0.237477305154502     
  2.000000000000000E-003   2.40466333333333      -0.222555194495628     
  2.000000000000000E-003   2.70499625000000      -0.208058351460119     
  2.000000000000000E-003   3.00532916666667      -0.195740515799439     
  2.000000000000000E-003   3.30566208333333      -0.188839501204869     
  2.000000000000000E-003   3.60599500000000      -0.182323316105955     
  2.000000000000000E-003   3.90632791666667      -0.173372264331437     
  2.000000000000000E-003   4.20666083333333      -0.161895379347562     
  2.000000000000000E-003   4.50699375000000      -0.146248397785900     
  2.000000000000000E-003   4.80732666666667      -0.130690485793848     
  2.000000000000000E-003   5.10765958333333      -0.117095180137651     
  2.000000000000000E-003   5.40799250000000      -0.105848124605308     
  2.000000000000000E-003   5.70832541666667      -9.639783515472652E-002
  2.000000000000000E-003   6.00865833333333      -8.844875395261853E-002
  2.000000000000000E-003   6.30899125000000      -8.179579466390630E-002
  2.000000000000000E-003   6.60932416666667      -7.659797159535518E-002
  2.000000000000000E-003   6.90965708333333      -7.448248539802517E-002
  2.000000000000000E-003   7.20999000000000      -7.395611985871950E-002
  0.302332916666667       2.000000000000000E-003 -0.338756603069205     
  0.302332916666667       0.302332916666667      -0.366044415688684     
  0.302332916666667       0.602665833333333      -0.354051115568769     
  0.302332916666667       0.902998750000000      -0.329462983196097     
  0.302332916666667        1.20333166666667      -0.310053968690885     
  0.302332916666667        1.50366458333333      -0.292979596177880     
  0.302332916666667        1.80399750000000      -0.275488275595793     
  0.302332916666667        2.10433041666667      -0.256683386846590     
  0.302332916666667        2.40466333333333      -0.237230045987366     
  0.302332916666667        2.70499625000000      -0.218681281850221     
  0.302332916666667        3.00532916666667      -0.202009918284652     
  0.302332916666667        3.30566208333333      -0.191079455367729     
  0.302332916666667        3.60599500000000      -0.185927721336561     
  0.302332916666667        3.90632791666667      -0.177583265348775     
  0.302332916666667        4.20666083333333      -0.164917790486876     
  0.302332916666667        4.50699375000000      -0.149537758015492     
  0.302332916666667        4.80732666666667      -0.134242994924230     
  0.302332916666667        5.10765958333333      -0.120674503014091     
  0.302332916666667        5.40799250000000      -0.109190999170628     
  0.302332916666667        5.70832541666667      -9.944900172720815E-002
  0.302332916666667        6.00865833333333      -9.136176710748364E-002
  0.302332916666667        6.30899125000000      -8.519964576083751E-002
  0.302332916666667        6.60932416666667      -8.172896594712525E-002
  0.302332916666667        6.90965708333333      -8.067846134913874E-002
  0.302332916666667        7.20999000000000      -7.520801042057844E-002
  0.602665833333333       2.000000000000000E-003 -0.327192010860061     
  0.602665833333333       0.302332916666667      -0.371258997878513     
  0.602665833333333       0.602665833333333      -0.398492579332798     
  0.602665833333333       0.902998750000000      -0.381587433805494     
  0.602665833333333        1.20333166666667      -0.353729342526387     
  0.602665833333333        1.50366458333333      -0.326173154866123     
  0.602665833333333        1.80399750000000      -0.300035505948508     
  0.602665833333333        2.10433041666667      -0.274914960688318     
  0.602665833333333        2.40466333333333      -0.251303044223116     
  0.602665833333333        2.70499625000000      -0.230154182588151     
  0.602665833333333        3.00532916666667      -0.211158752999629     
  0.602665833333333        3.30566208333333      -0.196695757250325     
  0.602665833333333        3.60599500000000      -0.187146101268554     
  0.602665833333333        3.90632791666667      -0.177716027042671     
  0.602665833333333        4.20666083333333      -0.165271822165165     
  0.602665833333333        4.50699375000000      -0.150909143582131     
  0.602665833333333        4.80732666666667      -0.136591679656220     
  0.602665833333333        5.10765958333333      -0.123665427828567     
  0.602665833333333        5.40799250000000      -0.112322418388036     
  0.602665833333333        5.70832541666667      -0.102597829058622     
  0.602665833333333        6.00865833333333      -9.466698597336103E-002
  0.602665833333333        6.30899125000000      -8.889547404141070E-002
  0.602665833333333        6.60932416666667      -8.524002974036531E-002
  0.602665833333333        6.90965708333333      -8.111773668831898E-002
  0.602665833333333        7.20999000000000      -7.435349023788015E-002
  0.902998750000000       2.000000000000000E-003 -0.429867069999567     
  0.902998750000000       0.302332916666667      -0.443243550162531     
  0.902998750000000       0.602665833333333      -0.450029909311635     
  0.902998750000000       0.902998750000000      -0.428567962997144     
  0.902998750000000        1.20333166666667      -0.393128522571506     
  0.902998750000000        1.50366458333333      -0.356000068619708     
  0.902998750000000        1.80399750000000      -0.321476100479965     
  0.902998750000000        2.10433041666667      -0.290277589913237     
  0.902998750000000        2.40466333333333      -0.263557268570014     
  0.902998750000000        2.70499625000000      -0.240473938318663     
  0.902998750000000        3.00532916666667      -0.220144015959396     
  0.902998750000000        3.30566208333333      -0.203232640080317     
  0.902998750000000        3.60599500000000      -0.189775459256781     
  0.902998750000000        3.90632791666667      -0.177663648557602     
  0.902998750000000        4.20666083333333      -0.164898553373387     
  0.902998750000000        4.50699375000000      -0.151403507131118     
  0.902998750000000        4.80732666666667      -0.138309868404265     
  0.902998750000000        5.10765958333333      -0.126140299946382     
  0.902998750000000        5.40799250000000      -0.115029685546809     
  0.902998750000000        5.70832541666667      -0.105341447802137     
  0.902998750000000        6.00865833333333      -9.728571391609643E-002
  0.902998750000000        6.30899125000000      -9.097514530359753E-002
  0.902998750000000        6.60932416666667      -8.588258333065137E-002
  0.902998750000000        6.90965708333333      -8.050879937038638E-002
  0.902998750000000        7.20999000000000      -7.471694103927060E-002
   1.20333166666667       2.000000000000000E-003 -0.519287680522735     
   1.20333166666667       0.302332916666667      -0.516569346737554     
   1.20333166666667       0.602665833333333      -0.500880760097249     
   1.20333166666667       0.902998750000000      -0.467531416961733     
   1.20333166666667        1.20333166666667      -0.423840382935253     
   1.20333166666667        1.50366458333333      -0.378848946030474     
   1.20333166666667        1.80399750000000      -0.337440505431268     
   1.20333166666667        2.10433041666667      -0.301967719305703     
   1.20333166666667        2.40466333333333      -0.272822328567556     
   1.20333166666667        2.70499625000000      -0.248056179071114     
   1.20333166666667        3.00532916666667      -0.226659914034106     
   1.20333166666667        3.30566208333333      -0.208272993983225     
   1.20333166666667        3.60599500000000      -0.192526775682755     
   1.20333166666667        3.90632791666667      -0.178449488073153     
   1.20333166666667        4.20666083333333      -0.165041907455730     
   1.20333166666667        4.50699375000000      -0.152103021504667     
   1.20333166666667        4.80732666666667      -0.139768754717358     
   1.20333166666667        5.10765958333333      -0.128117592483536     
   1.20333166666667        5.40799250000000      -0.117249807473472     
   1.20333166666667        5.70832541666667      -0.107500608352939     
   1.20333166666667        6.00865833333333      -9.910221012239130E-002
   1.20333166666667        6.30899125000000      -9.205530281697534E-002
   1.20333166666667        6.60932416666667      -8.597710300337881E-002
   1.20333166666667        6.90965708333333      -8.025655172633786E-002
   1.20333166666667        7.20999000000000      -7.485656296887298E-002
   1.50366458333333       2.000000000000000E-003 -0.571856672479209     
   1.50366458333333       0.302332916666667      -0.562856173555943     
   1.50366458333333       0.602665833333333      -0.535835000830909     
   1.50366458333333       0.902998750000000      -0.493704274663776     
   1.50366458333333        1.20333166666667      -0.443456592658501     
   1.50366458333333        1.50366458333333      -0.392599996221060     
   1.50366458333333        1.80399750000000      -0.346819643199667     
   1.50366458333333        2.10433041666667      -0.309296529727196     
   1.50366458333333        2.40466333333333      -0.278315489140775     
   1.50366458333333        2.70499625000000      -0.252313488051318     
   1.50366458333333        3.00532916666667      -0.230191258777208     
   1.50366458333333        3.30566208333333      -0.211128191842177     
   1.50366458333333        3.60599500000000      -0.194445129922857     
   1.50366458333333        3.90632791666667      -0.179503867374262     
   1.50366458333333        4.20666083333333      -0.165788272978370     
   1.50366458333333        4.50699375000000      -0.152998742938217     
   1.50366458333333        4.80732666666667      -0.140976623484267     
   1.50366458333333        5.10765958333333      -0.129634171791302     
   1.50366458333333        5.40799250000000      -0.118981696073270     
   1.50366458333333        5.70832541666667      -0.109153855539470     
   1.50366458333333        6.00865833333333      -0.100396005165645     
   1.50366458333333        6.30899125000000      -9.276646453072608E-002
   1.50366458333333        6.60932416666667      -8.609743795121859E-002
   1.50366458333333        6.90965708333333      -8.012567879143248E-002
   1.50366458333333        7.20999000000000      -7.474046247295267E-002
   1.80399750000000       2.000000000000000E-003 -0.592020065248474     
   1.80399750000000       0.302332916666667      -0.581133277298080     
   1.80399750000000       0.602665833333333      -0.549295492870727     
   1.80399750000000       0.902998750000000      -0.502972711949198     
   1.80399750000000        1.20333166666667      -0.449147145323237     
   1.80399750000000        1.50366458333333      -0.396138455958086     
   1.80399750000000        1.80399750000000      -0.350405533242864     
   1.80399750000000        2.10433041666667      -0.311830621570711     
   1.80399750000000        2.40466333333333      -0.279682907767296     
   1.80399750000000        2.70499625000000      -0.253060984300312     
   1.80399750000000        3.00532916666667      -0.230839395846212     
   1.80399750000000        3.30566208333333      -0.211859235379185     
   1.80399750000000        3.60599500000000      -0.195164201164172     
   1.80399750000000        3.90632791666667      -0.180111611875137     
   1.80399750000000        4.20666083333333      -0.166335777447166     
   1.80399750000000        4.50699375000000      -0.153622418343037     
   1.80399750000000        4.80732666666667      -0.141790535662717     
   1.80399750000000        5.10765958333333      -0.130674004734162     
   1.80399750000000        5.40799250000000      -0.120190162460808     
   1.80399750000000        5.70832541666667      -0.110383315485590     
   1.80399750000000        6.00865833333333      -0.101376284192177     
   1.80399750000000        6.30899125000000      -9.333584260549525E-002
   1.80399750000000        6.60932416666667      -8.627877042239646E-002
   1.80399750000000        6.90965708333333      -8.008593506658372E-002
   1.80399750000000        7.20999000000000      -7.463952628359859E-002
   2.10433041666667       2.000000000000000E-003 -0.588156881105132     
   2.10433041666667       0.302332916666667      -0.575350896802606     
   2.10433041666667       0.602665833333333      -0.541847859648249     
   2.10433041666667       0.902998750000000      -0.493754050170278     
   2.10433041666667        1.20333166666667      -0.442436158721016     
   2.10433041666667        1.50366458333333      -0.393142065321606     
   2.10433041666667        1.80399750000000      -0.348374199424402     
   2.10433041666667        2.10433041666667      -0.309495637544432     
   2.10433041666667        2.40466333333333      -0.277015636668893     
   2.10433041666667        2.70499625000000      -0.250524764947484     
   2.10433041666667        3.00532916666667      -0.228859519752370     
   2.10433041666667        3.30566208333333      -0.210572950304726     
   2.10433041666667        3.60599500000000      -0.194445480505076     
   2.10433041666667        3.90632791666667      -0.179749712238001     
   2.10433041666667        4.20666083333333      -0.166191930361811     
   2.10433041666667        4.50699375000000      -0.153670044878940     
   2.10433041666667        4.80732666666667      -0.142060578747504     
   2.10433041666667        5.10765958333333      -0.131174677808255     
   2.10433041666667        5.40799250000000      -0.120861138798690     
   2.10433041666667        5.70832541666667      -0.111109928515594     
   2.10433041666667        6.00865833333333      -0.102042747597278     
   2.10433041666667        6.30899125000000      -9.380731153491254E-002
   2.10433041666667        6.60932416666667      -8.649340147333909E-002
   2.10433041666667        6.90965708333333      -8.016836713358919E-002
   2.10433041666667        7.20999000000000      -7.471754597259486E-002
   2.40466333333333       2.000000000000000E-003 -0.574620047863703     
   2.40466333333333       0.302332916666667      -0.561143341991778     
   2.40466333333333       0.602665833333333      -0.525623798170698     
   2.40466333333333       0.902998750000000      -0.480219627984118     
   2.40466333333333        1.20333166666667      -0.432022410161719     
   2.40466333333333        1.50366458333333      -0.384753248625917     
   2.40466333333333        1.80399750000000      -0.340996457785339     
   2.40466333333333        2.10433041666667      -0.302692373531974     
   2.40466333333333        2.40466333333333      -0.270852205848935     
   2.40466333333333        2.70499625000000      -0.245276638796958     
   2.40466333333333        3.00532916666667      -0.224730093585935     
   2.40466333333333        3.30566208333333      -0.207551121976039     
   2.40466333333333        3.60599500000000      -0.192331622063812     
   2.40466333333333        3.90632791666667      -0.178282095816088     
   2.40466333333333        4.20666083333333      -0.165166334548206     
   2.40466333333333        4.50699375000000      -0.152984451406055     
   2.40466333333333        4.80732666666667      -0.141680233960617     
   2.40466333333333        5.10765958333333      -0.131065700164567     
   2.40466333333333        5.40799250000000      -0.120948655462356     
   2.40466333333333        5.70832541666667      -0.111284381478641     
   2.40466333333333        6.00865833333333      -0.102200618572189     
   2.40466333333333        6.30899125000000      -9.389148229231800E-002
   2.40466333333333        6.60932416666667      -8.650402006441131E-002
   2.40466333333333        6.90965708333333      -8.014647696140534E-002
   2.40466333333333        7.20999000000000      -7.491201570934823E-002
   2.70499625000000       2.000000000000000E-003 -0.561732970063607     
   2.70499625000000       0.302332916666667      -0.550136930098268     
   2.70499625000000       0.602665833333333      -0.516643960808769     
   2.70499625000000       0.902998750000000      -0.468273913933751     
   2.70499625000000        1.20333166666667      -0.418181673701812     
   2.70499625000000        1.50366458333333      -0.371491535483535     
   2.70499625000000        1.80399750000000      -0.329082899274660     
   2.70499625000000        2.10433041666667      -0.292317282710971     
   2.70499625000000        2.40466333333333      -0.262061524262422     
   2.70499625000000        2.70499625000000      -0.238066826221474     
   2.70499625000000        3.00532916666667      -0.219018280693449     
   2.70499625000000        3.30566208333333      -0.203151083178311     
   2.70499625000000        3.60599500000000      -0.188985818634465     
   2.70499625000000        3.90632791666667      -0.175732816469764     
   2.70499625000000        4.20666083333333      -0.163216483195364     
   2.70499625000000        4.50699375000000      -0.151510224068914     
   2.70499625000000        4.80732666666667      -0.140601167699114     
   2.70499625000000        5.10765958333333      -0.130306797790521     
   2.70499625000000        5.40799250000000      -0.120420147307630     
   2.70499625000000        5.70832541666667      -0.110882797827477     
   2.70499625000000        6.00865833333333      -0.101817858890388     
   2.70499625000000        6.30899125000000      -9.340247616321444E-002
   2.70499625000000        6.60932416666667      -8.591465019763037E-002
   2.70499625000000        6.90965708333333      -7.983215730373545E-002
   2.70499625000000        7.20999000000000      -7.522130044336937E-002
   3.00532916666667       2.000000000000000E-003 -0.541281587615876     
   3.00532916666667       0.302332916666667      -0.532718938465456     
   3.00532916666667       0.602665833333333      -0.502087851119109     
   3.00532916666667       0.902998750000000      -0.453744859136527     
   3.00532916666667        1.20333166666667      -0.401111203849168     
   3.00532916666667        1.50366458333333      -0.354402325694434     
   3.00532916666667        1.80399750000000      -0.313881127630567     
   3.00532916666667        2.10433041666667      -0.279514515247388     
   3.00532916666667        2.40466333333333      -0.251570949451508     
   3.00532916666667        2.70499625000000      -0.229588112564592     
   3.00532916666667        3.00532916666667      -0.212205950866822     
   3.00532916666667        3.30566208333333      -0.197683128210999     
   3.00532916666667        3.60599500000000      -0.184589536856282     
   3.00532916666667        3.90632791666667      -0.172196023369454     
   3.00532916666667        4.20666083333333      -0.160385658564264     
   3.00532916666667        4.50699375000000      -0.149266414714502     
   3.00532916666667        4.80732666666667      -0.138833545561852     
   3.00532916666667        5.10765958333333      -0.128907398987488     
   3.00532916666667        5.40799250000000      -0.119289468929351     
   3.00532916666667        5.70832541666667      -0.109927137484800     
   3.00532916666667        6.00865833333333      -0.100923084971505     
   3.00532916666667        6.30899125000000      -9.246150829623667E-002
   3.00532916666667        6.60932416666667      -8.511555318105893E-002
   3.00532916666667        6.90965708333333      -7.949288926648757E-002
   3.00532916666667        7.20999000000000      -7.578406978134246E-002
   3.30566208333333       2.000000000000000E-003 -0.521958408733883     
   3.30566208333333       0.302332916666667      -0.518759162652959     
   3.30566208333333       0.602665833333333      -0.487684975463011     
   3.30566208333333       0.902998750000000      -0.435388177935682     
   3.30566208333333        1.20333166666667      -0.380887403194434     
   3.30566208333333        1.50366458333333      -0.334448748982375     
   3.30566208333333        1.80399750000000      -0.296534217693922     
   3.30566208333333        2.10433041666667      -0.265240557813224     
   3.30566208333333        2.40466333333333      -0.240060262034797     
   3.30566208333333        2.70499625000000      -0.220289047810748     
   3.30566208333333        3.00532916666667      -0.204591306976806     
   3.30566208333333        3.30566208333333      -0.191360967524037     
   3.30566208333333        3.60599500000000      -0.179310003584785     
   3.30566208333333        3.90632791666667      -0.167806698349525     
   3.30566208333333        4.20666083333333      -0.156777906528165     
   3.30566208333333        4.50699375000000      -0.146328763114095     
   3.30566208333333        4.80732666666667      -0.136436227714870     
   3.30566208333333        5.10765958333333      -0.126923069885026     
   3.30566208333333        5.40799250000000      -0.117617421598889     
   3.30566208333333        5.70832541666667      -0.108489389764398     
   3.30566208333333        6.00865833333333      -9.961120225178921E-002
   3.30566208333333        6.30899125000000      -9.127574982595200E-002
   3.30566208333333        6.60932416666667      -8.419444803915246E-002
   3.30566208333333        6.90965708333333      -7.928170093112305E-002
   3.30566208333333        7.20999000000000      -7.637244335515156E-002
   3.60599500000000       2.000000000000000E-003 -0.487382676490679     
   3.60599500000000       0.302332916666667      -0.495721628164849     
   3.60599500000000       0.602665833333333      -0.463029946350122     
   3.60599500000000       0.902998750000000      -0.409147468447615     
   3.60599500000000        1.20333166666667      -0.355708296542321     
   3.60599500000000        1.50366458333333      -0.311760122921553     
   3.60599500000000        1.80399750000000      -0.277602877115497     
   3.60599500000000        2.10433041666667      -0.249969835852154     
   3.60599500000000        2.40466333333333      -0.227827529915554     
   3.60599500000000        2.70499625000000      -0.210351596810094     
   3.60599500000000        3.00532916666667      -0.196318365950984     
   3.60599500000000        3.30566208333333      -0.184334678268569     
   3.60599500000000        3.60599500000000      -0.173310706524677     
   3.60599500000000        3.90632791666667      -0.162728133338476     
   3.60599500000000        4.20666083333333      -0.152536899011092     
   3.60599500000000        4.50699375000000      -0.142811586365176     
   3.60599500000000        4.80732666666667      -0.133500666300772     
   3.60599500000000        5.10765958333333      -0.124436519605227     
   3.60599500000000        5.40799250000000      -0.115489754328865     
   3.60599500000000        5.70832541666667      -0.106669820117738     
   3.60599500000000        6.00865833333333      -9.803985966473684E-002
   3.60599500000000        6.30899125000000      -8.995428983668924E-002
   3.60599500000000        6.60932416666667      -8.324087728294913E-002
   3.60599500000000        6.90965708333333      -7.930363731766223E-002
   3.60599500000000        7.20999000000000      -7.767252861317948E-002
   3.90632791666667       2.000000000000000E-003 -0.425091281550521     
   3.90632791666667       0.302332916666667      -0.429217133919660     
   3.90632791666667       0.602665833333333      -0.409172861429258     
   3.90632791666667       0.902998750000000      -0.367622572182774     
   3.90632791666667        1.20333166666667      -0.323112703521141     
   3.90632791666667        1.50366458333333      -0.286047998670382     
   3.90632791666667        1.80399750000000      -0.257202690232965     
   3.90632791666667        2.10433041666667      -0.233804081277149     
   3.90632791666667        2.40466333333333      -0.214930006326988     
   3.90632791666667        2.70499625000000      -0.199841049901310     
   3.90632791666667        3.00532916666667      -0.187501430024606     
   3.90632791666667        3.30566208333333      -0.176770731173756     
   3.90632791666667        3.60599500000000      -0.166784138121932     
   3.90632791666667        3.90632791666667      -0.157145877047957     
   3.90632791666667        4.20666083333333      -0.147816665806593     
   3.90632791666667        4.50699375000000      -0.138831590828217     
   3.90632791666667        4.80732666666667      -0.130116657643128     
   3.90632791666667        5.10765958333333      -0.121526975870490     
   3.90632791666667        5.40799250000000      -0.112987543126210     
   3.90632791666667        5.70832541666667      -0.104561058531331     
   3.90632791666667        6.00865833333333      -9.633630555389217E-002
   3.90632791666667        6.30899125000000      -8.859779563751834E-002
   3.90632791666667        6.60932416666667      -8.209497844853365E-002
   3.90632791666667        6.90965708333333      -7.764384703917837E-002
   3.90632791666667        7.20999000000000      -7.458022389375575E-002
   4.20666083333333       2.000000000000000E-003 -0.346963161580783     
   4.20666083333333       0.302332916666667      -0.348160890982268     
   4.20666083333333       0.602665833333333      -0.339371871835361     
   4.20666083333333       0.902998750000000      -0.315400429627950     
   4.20666083333333        1.20333166666667      -0.285037685068344     
   4.20666083333333        1.50366458333333      -0.258123414494786     
   4.20666083333333        1.80399750000000      -0.235647095012564     
   4.20666083333333        2.10433041666667      -0.216891379730722     
   4.20666083333333        2.40466333333333      -0.201485193447425     
   4.20666083333333        2.70499625000000      -0.188904044201993     
   4.20666083333333        3.00532916666667      -0.178332148803453     
   4.20666083333333        3.30566208333333      -0.168890206954788     
   4.20666083333333        3.60599500000000      -0.159945479343325     
   4.20666083333333        3.90632791666667      -0.151233133602801     
   4.20666083333333        4.20666083333333      -0.142734569739952     
   4.20666083333333        4.50699375000000      -0.134461079038564     
   4.20666083333333        4.80732666666667      -0.126335366458011     
   4.20666083333333        5.10765958333333      -0.118244957073745     
   4.20666083333333        5.40799250000000      -0.110167029864573     
   4.20666083333333        5.70832541666667      -0.102214952110638     
   4.20666083333333        6.00865833333333      -9.454193725900259E-002
   4.20666083333333        6.30899125000000      -8.728112370996219E-002
   4.20666083333333        6.60932416666667      -8.099709321066473E-002
   4.20666083333333        6.90965708333333      -7.610415971255091E-002
   4.20666083333333        7.20999000000000      -7.246794156553543E-002
   4.50699375000000       2.000000000000000E-003 -0.279962018939656     
   4.50699375000000       0.302332916666667      -0.280471185427216     
   4.50699375000000       0.602665833333333      -0.277195203953978     
   4.50699375000000       0.902998750000000      -0.265334712597931     
   4.50699375000000        1.20333166666667      -0.247851736868959     
   4.50699375000000        1.50366458333333      -0.230063653007897     
   4.50699375000000        1.80399750000000      -0.213851080601828     
   4.50699375000000        2.10433041666667      -0.199770293344897     
   4.50699375000000        2.40466333333333      -0.187883836923521     
   4.50699375000000        2.70499625000000      -0.177855377773048     
   4.50699375000000        3.00532916666667      -0.169071061391321     
   4.50699375000000        3.30566208333333      -0.160901564366014     
   4.50699375000000        3.60599500000000      -0.152944561380127     
   4.50699375000000        3.90632791666667      -0.145077852781544     
   4.50699375000000        4.20666083333333      -0.137329097480117     
   4.50699375000000        4.50699375000000      -0.129714170097707     
   4.50699375000000        4.80732666666667      -0.122169963717796     
   4.50699375000000        5.10765958333333      -0.114615388627979     
   4.50699375000000        5.40799250000000      -0.107061415593972     
   4.50699375000000        5.70832541666667      -9.964708250837931E-002
   4.50699375000000        6.00865833333333      -9.256211855005196E-002
   4.50699375000000        6.30899125000000      -8.592885099583727E-002
   4.50699375000000        6.60932416666667      -7.994751319612597E-002
   4.50699375000000        6.90965708333333      -7.493865294016322E-002
   4.50699375000000        7.20999000000000      -7.081826655694208E-002
   4.80732666666667       2.000000000000000E-003 -0.231946296824355     
   4.80732666666667       0.302332916666667      -0.232402387700166     
   4.80732666666667       0.602665833333333      -0.231188846264368     
   4.80732666666667       0.902998750000000      -0.224962795358961     
   4.80732666666667        1.20333166666667      -0.215098902562276     
   4.80732666666667        1.50366458333333      -0.203979952555394     
   4.80732666666667        1.80399750000000      -0.193147173098848     
   4.80732666666667        2.10433041666667      -0.183344978668889     
   4.80732666666667        2.40466333333333      -0.174741618647471     
   4.80732666666667        2.70499625000000      -0.167089759467600     
   4.80732666666667        3.00532916666667      -0.159942167019667     
   4.80732666666667        3.30566208333333      -0.152903951938650     
   4.80732666666667        3.60599500000000      -0.145798302180699     
   4.80732666666667        3.90632791666667      -0.138653942809315     
   4.80732666666667        4.20666083333333      -0.131565862190742     
   4.80732666666667        4.50699375000000      -0.124571421168900     
   4.80732666666667        4.80732666666667      -0.117622775282792     
   4.80732666666667        5.10765958333333      -0.110656947642868     
   4.80732666666667        5.40799250000000      -0.103694089974596     
   4.80732666666667        5.70832541666667      -9.686593345137906E-002
   4.80732666666667        6.00865833333333      -9.035063800342008E-002
   4.80732666666667        6.30899125000000      -8.428184110375805E-002
   4.80732666666667        6.60932416666667      -7.872548371980689E-002
   4.80732666666667        6.90965708333333      -7.373474741437824E-002
   4.80732666666667        7.20999000000000      -6.932383347058814E-002
   5.10765958333333       2.000000000000000E-003 -0.197594501081825     
   5.10765958333333       0.302332916666667      -0.197380090268324     
   5.10765958333333       0.602665833333333      -0.195938285734210     
   5.10765958333333       0.902998750000000      -0.192801002354734     
   5.10765958333333        1.20333166666667      -0.187662192436377     
   5.10765958333333        1.50366458333333      -0.181356965096631     
   5.10765958333333        1.80399750000000      -0.174796828097931     
   5.10765958333333        2.10433041666667      -0.168518711644376     
   5.10765958333333        2.40466333333333      -0.162619448669921     
   5.10765958333333        2.70499625000000      -0.156885217666317     
   5.10765958333333        3.00532916666667      -0.151018923395992     
   5.10765958333333        3.30566208333333      -0.144849852239141     
   5.10765958333333        3.60599500000000      -0.138415055710493     
   5.10765958333333        3.90632791666667      -0.131883197471322     
   5.10765958333333        4.20666083333333      -0.125408349756266     
   5.10765958333333        4.50699375000000      -0.119038299279939     
   5.10765958333333        4.80732666666667      -0.112724431247539     
   5.10765958333333        5.10765958333333      -0.106404421743471     
   5.10765958333333        5.40799250000000      -0.100088664212996     
   5.10765958333333        5.70832541666667      -9.388013307775586E-002
   5.10765958333333        6.00865833333333      -8.791801133253357E-002
   5.10765958333333        6.30899125000000      -8.230319846298875E-002
   5.10765958333333        6.60932416666667      -7.707326684433903E-002
   5.10765958333333        6.90965708333333      -7.224118611317409E-002
   5.10765958333333        7.20999000000000      -6.778617670374186E-002
   5.40799250000000       2.000000000000000E-003 -0.171335864457335     
   5.40799250000000       0.302332916666667      -0.170944397051462     
   5.40799250000000       0.602665833333333      -0.169848566465339     
   5.40799250000000       0.902998750000000      -0.168002954019373     
   5.40799250000000        1.20333166666667      -0.165699827854826     
   5.40799250000000        1.50366458333333      -0.162930588169908     
   5.40799250000000        1.80399750000000      -0.159508317615630     
   5.40799250000000        2.10433041666667      -0.155758955065542     
   5.40799250000000        2.40466333333333      -0.151727767174435     
   5.40799250000000        2.70499625000000      -0.147250424974559     
   5.40799250000000        3.00532916666667      -0.142186325058668     
   5.40799250000000        3.30566208333333      -0.136583382699073     
   5.40799250000000        3.60599500000000      -0.130675053310078     
   5.40799250000000        3.90632791666667      -0.124730841004938     
   5.40799250000000        4.20666083333333      -0.118906695345031     
   5.40799250000000        4.50699375000000      -0.113212703955668     
   5.40799250000000        4.80732666666667      -0.107576419498454     
   5.40799250000000        5.10765958333333      -0.101930499275075     
   5.40799250000000        5.40799250000000      -9.627637359528797E-002
   5.40799250000000        5.70832541666667      -9.068987567639157E-002
   5.40799250000000        6.00865833333333      -8.526966674379879E-002
   5.40799250000000        6.30899125000000      -8.008574839755536E-002
   5.40799250000000        6.60932416666667      -7.516151943134400E-002
   5.40799250000000        6.90965708333333      -7.050246607462635E-002
   5.40799250000000        7.20999000000000      -6.613640196891483E-002
   5.70832541666667       2.000000000000000E-003 -0.152401794282941     
   5.70832541666667       0.302332916666667      -0.152243402613001     
   5.70832541666667       0.602665833333333      -0.151688907163299     
   5.70832541666667       0.902998750000000      -0.150760908695970     
   5.70832541666667        1.20333166666667      -0.149729674532973     
   5.70832541666667        1.50366458333333      -0.148691943708588     
   5.70832541666667        1.80399750000000      -0.147200611731300     
   5.70832541666667        2.10433041666667      -0.144911278812363     
   5.70832541666667        2.40466333333333      -0.141859187916056     
   5.70832541666667        2.70499625000000      -0.137959160987481     
   5.70832541666667        3.00532916666667      -0.133222848000979     
   5.70832541666667        3.30566208333333      -0.127919631357954     
   5.70832541666667        3.60599500000000      -0.122494785131770     
   5.70832541666667        3.90632791666667      -0.117266103595119     
   5.70832541666667        4.20666083333333      -0.112252184676259     
   5.70832541666667        4.50699375000000      -0.107321840928708     
   5.70832541666667        4.80732666666667      -0.102368710069482     
   5.70832541666667        5.10765958333333      -9.735340582365488E-002
   5.70832541666667        5.40799250000000      -9.230195907001858E-002
   5.70832541666667        5.70832541666667      -8.728983774495269E-002
   5.70832541666667        6.00865833333333      -8.239970442672623E-002
   5.70832541666667        6.30899125000000      -7.766740342244662E-002
   5.70832541666667        6.60932416666667      -7.308782200382349E-002
   5.70832541666667        6.90965708333333      -6.865443803439035E-002
   5.70832541666667        7.20999000000000      -6.442336154031154E-002
   6.00865833333333       2.000000000000000E-003 -0.137720185929731     
   6.00865833333333       0.302332916666667      -0.138233564816845     
   6.00865833333333       0.602665833333333      -0.138891940227218     
   6.00865833333333       0.902998750000000      -0.138857362664429     
   6.00865833333333        1.20333166666667      -0.138424369945407     
   6.00865833333333        1.50366458333333      -0.137953458245416     
   6.00865833333333        1.80399750000000      -0.137163819207862     
   6.00865833333333        2.10433041666667      -0.135398504332189     
   6.00865833333333        2.40466333333333      -0.132619482409461     
   6.00865833333333        2.70499625000000      -0.128778036043217     
   6.00865833333333        3.00532916666667      -0.123946032096533     
   6.00865833333333        3.30566208333333      -0.118631872667688     
   6.00865833333333        3.60599500000000      -0.113747301053555     
   6.00865833333333        3.90632791666667      -0.109632671469432     
   6.00865833333333        4.20666083333333      -0.105798747220304     
   6.00865833333333        4.50699375000000      -0.101723209115225     
   6.00865833333333        4.80732666666667      -9.735739098089663E-002
   6.00865833333333        5.10765958333333      -9.281679488406813E-002
   6.00865833333333        5.40799250000000      -8.821888023575712E-002
   6.00865833333333        5.70832541666667      -8.369407563949849E-002
   6.00865833333333        6.00865833333333      -7.931735032031567E-002
   6.00865833333333        6.30899125000000      -7.510175938343730E-002
   6.00865833333333        6.60932416666667      -7.099080837858303E-002
   6.00865833333333        6.90965708333333      -6.688309875313694E-002
   6.00865833333333        7.20999000000000      -6.279758442975165E-002
   6.30899125000000       2.000000000000000E-003 -0.122568041609060     
   6.30899125000000       0.302332916666667      -0.125171379564106     
   6.30899125000000       0.602665833333333      -0.128895852327641     
   6.30899125000000       0.902998750000000      -0.130182828015354     
   6.30899125000000        1.20333166666667      -0.129916575845941     
   6.30899125000000        1.50366458333333      -0.129298269060805     
   6.30899125000000        1.80399750000000      -0.128408150714929     
   6.30899125000000        2.10433041666667      -0.126643860734799     
   6.30899125000000        2.40466333333333      -0.123794265119210     
   6.30899125000000        2.70499625000000      -0.119773926676964     
   6.30899125000000        3.00532916666667      -0.114502868280314     
   6.30899125000000        3.30566208333333      -0.109030823889356     
   6.30899125000000        3.60599500000000      -0.104977217811209     
   6.30899125000000        3.90632791666667      -0.102553297077860     
   6.30899125000000        4.20666083333333      -0.100231044614027     
   6.30899125000000        4.50699375000000      -9.691320822514894E-002
   6.30899125000000        4.80732666666667      -9.280345039941597E-002
   6.30899125000000        5.10765958333333      -8.843784012247552E-002
   6.30899125000000        5.40799250000000      -8.408780895932316E-002
   6.30899125000000        5.70832541666667      -7.994096473184477E-002
   6.30899125000000        6.00865833333333      -7.606395792339574E-002
   6.30899125000000        6.30899125000000      -7.248291111072357E-002
   6.30899125000000        6.60932416666667      -6.910643795547085E-002
   6.30899125000000        6.90965708333333      -6.556665158568363E-002
   6.30899125000000        7.20999000000000      -6.159595994199988E-002
   6.60932416666667       2.000000000000000E-003 -0.104924611468187     
   6.60932416666667       0.302332916666667      -0.112048357575742     
   6.60932416666667       0.602665833333333      -0.120681089357881     
   6.60932416666667       0.902998750000000      -0.123254724139083     
   6.60932416666667        1.20333166666667      -0.122768676581468     
   6.60932416666667        1.50366458333333      -0.121623201353333     
   6.60932416666667        1.80399750000000      -0.120280007809193     
   6.60932416666667        2.10433041666667      -0.118379516458744     
   6.60932416666667        2.40466333333333      -0.115568382995309     
   6.60932416666667        2.70499625000000      -0.111612514398426     
   6.60932416666667        3.00532916666667      -0.106240318613952     
   6.60932416666667        3.30566208333333      -0.100772903729634     
   6.60932416666667        3.60599500000000      -9.792751873810762E-002
   6.60932416666667        3.90632791666667      -9.772716039568211E-002
   6.60932416666667        4.20666083333333      -9.667943046485360E-002
   6.60932416666667        4.50699375000000      -9.339334489405905E-002
   6.60932416666667        4.80732666666667      -8.884560814190663E-002
   6.60932416666667        5.10765958333333      -8.423512292446117E-002
   6.60932416666667        5.40799250000000      -7.993768854225029E-002
   6.60932416666667        5.70832541666667      -7.605612181837834E-002
   6.60932416666667        6.00865833333333      -7.263842573953375E-002
   6.60932416666667        6.30899125000000      -6.977869757432262E-002
   6.60932416666667        6.60932416666667      -6.747425236481384E-002
   6.60932416666667        6.90965708333333      -6.493911991178435E-002
   6.60932416666667        7.20999000000000      -6.093537802974213E-002
   6.90965708333333       2.000000000000000E-003 -0.101814675027060     
   6.90965708333333       0.302332916666667      -0.108968471322276     
   6.90965708333333       0.602665833333333      -0.115703023534332     
   6.90965708333333       0.902998750000000      -0.117152121935729     
   6.90965708333333        1.20333166666667      -0.116027442474145     
   6.90965708333333        1.50366458333333      -0.114333253679956     
   6.90965708333333        1.80399750000000      -0.112581223714856     
   6.90965708333333        2.10433041666667      -0.110632978386942     
   6.90965708333333        2.40466333333333      -0.108321153132804     
   6.90965708333333        2.70499625000000      -0.105213633312699     
   6.90965708333333        3.00532916666667      -0.101016694276783     
   6.90965708333333        3.30566208333333      -9.679181063843242E-002
   6.90965708333333        3.60599500000000      -9.534871393641545E-002
   6.90965708333333        3.90632791666667      -9.629581454107645E-002
   6.90965708333333        4.20666083333333      -9.505498713606696E-002
   6.90965708333333        4.50699375000000      -9.071417622641673E-002
   6.90965708333333        4.80732666666667      -8.522558625240891E-002
   6.90965708333333        5.10765958333333      -8.008036907042146E-002
   6.90965708333333        5.40799250000000      -7.572721353603326E-002
   6.90965708333333        5.70832541666667      -7.203285698519245E-002
   6.90965708333333        6.00865833333333      -6.897465690878393E-002
   6.90965708333333        6.30899125000000      -6.667352180847327E-002
   6.90965708333333        6.60932416666667      -6.522270898354869E-002
   6.90965708333333        6.90965708333333      -6.352055404962564E-002
   6.90965708333333        7.20999000000000      -5.898941258087180E-002
   7.20999000000000       2.000000000000000E-003 -0.107947021456400     
   7.20999000000000       0.302332916666667      -0.112321374443862     
   7.20999000000000       0.602665833333333      -0.111908629453678     
   7.20999000000000       0.902998750000000      -0.110909129297273     
   7.20999000000000        1.20333166666667      -0.109157713565795     
   7.20999000000000        1.50366458333333      -0.107189894736513     
   7.20999000000000        1.80399750000000      -0.105296050722869     
   7.20999000000000        2.10433041666667      -0.103539498133679     
   7.20999000000000        2.40466333333333      -0.102017692728711     
   7.20999000000000        2.70499625000000      -0.100454249830528     
   7.20999000000000        3.00532916666667      -9.873738798674278E-002
   7.20999000000000        3.30566208333333      -9.697109400583871E-002
   7.20999000000000        3.60599500000000      -9.468118909842625E-002
   7.20999000000000        3.90632791666667      -9.421829471316477E-002
   7.20999000000000        4.20666083333333      -9.242587914586398E-002
   7.20999000000000        4.50699375000000      -8.719320951128412E-002
   7.20999000000000        4.80732666666667      -8.112590828513203E-002
   7.20999000000000        5.10765958333333      -7.571473652105719E-002
   7.20999000000000        5.40799250000000      -7.139809028265437E-002
   7.20999000000000        5.70832541666667      -6.787568840306281E-002
   7.20999000000000        6.00865833333333      -6.505977284900255E-002
   7.20999000000000        6.30899125000000      -6.298053521622778E-002
   7.20999000000000        6.60932416666667      -6.150638572756435E-002
   7.20999000000000        6.90965708333333      -5.926393808164582E-002
   7.20999000000000        7.20999000000000      -5.555896709494171E-002
