  2.000000000000000E-003  2.000000000000000E-003 -0.116654541794858     
  2.000000000000000E-003  0.302332916666667      -0.131606367685535     
  2.000000000000000E-003  0.602665833333333      -0.128432177884997     
  2.000000000000000E-003  0.902998750000000      -9.795166000884850E-002
  2.000000000000000E-003   1.20333166666667      -7.264737189105130E-002
  2.000000000000000E-003   1.50366458333333      -5.644605785047200E-002
  2.000000000000000E-003   1.80399750000000      -4.645304939674135E-002
  2.000000000000000E-003   2.10433041666667      -4.012234208766539E-002
  2.000000000000000E-003   2.40466333333333      -3.597854010447676E-002
  2.000000000000000E-003   2.70499625000000      -3.290867998839802E-002
  2.000000000000000E-003   3.00532916666667      -3.002974804497354E-002
  2.000000000000000E-003   3.30566208333333      -2.587808030917028E-002
  2.000000000000000E-003   3.60599500000000      -2.100411377930764E-002
  2.000000000000000E-003   3.90632791666667      -2.320847648844060E-002
  2.000000000000000E-003   4.20666083333333      -2.380654734153350E-002
  2.000000000000000E-003   4.50699375000000      -2.195484347169658E-002
  2.000000000000000E-003   4.80732666666667      -1.876673710709869E-002
  2.000000000000000E-003   5.10765958333333      -1.524439060898302E-002
  2.000000000000000E-003   5.40799250000000      -1.199377676531831E-002
  2.000000000000000E-003   5.70832541666667      -9.020780036088943E-003
  2.000000000000000E-003   6.00865833333333      -6.781471450712972E-003
  2.000000000000000E-003   6.30899125000000      -6.055008010262878E-003
  2.000000000000000E-003   6.60932416666667      -7.164861177177062E-003
  2.000000000000000E-003   6.90965708333333      -7.019864947869072E-003
  2.000000000000000E-003   7.20999000000000      -6.315373381924380E-003
  0.302332916666667       2.000000000000000E-003 -0.159099093546590     
  0.302332916666667       0.302332916666667      -0.119971208235787     
  0.302332916666667       0.602665833333333      -0.108070742636474     
  0.302332916666667       0.902998750000000      -9.026272286699906E-002
  0.302332916666667        1.20333166666667      -7.138218563422584E-002
  0.302332916666667        1.50366458333333      -5.728417970640576E-002
  0.302332916666667        1.80399750000000      -4.761835900237314E-002
  0.302332916666667        2.10433041666667      -4.100927881523663E-002
  0.302332916666667        2.40466333333333      -3.633247178166047E-002
  0.302332916666667        2.70499625000000      -3.269482472333771E-002
  0.302332916666667        3.00532916666667      -2.929675209498342E-002
  0.302332916666667        3.30566208333333      -2.483417546010630E-002
  0.302332916666667        3.60599500000000      -2.117032315474339E-002
  0.302332916666667        3.90632791666667      -2.320652869257859E-002
  0.302332916666667        4.20666083333333      -2.417943222288415E-002
  0.302332916666667        4.50699375000000      -2.232422571845166E-002
  0.302332916666667        4.80732666666667      -1.900723462212723E-002
  0.302332916666667        5.10765958333333      -1.549038361475499E-002
  0.302332916666667        5.40799250000000      -1.226335806537682E-002
  0.302332916666667        5.70832541666667      -9.398974211772514E-003
  0.302332916666667        6.00865833333333      -7.369023863963381E-003
  0.302332916666667        6.30899125000000      -6.927858404702627E-003
  0.302332916666667        6.60932416666667      -8.286657087415052E-003
  0.302332916666667        6.90965708333333      -8.145505252540812E-003
  0.302332916666667        7.20999000000000      -3.231603164555272E-003
  0.602665833333333       2.000000000000000E-003 -0.167193489960424     
  0.602665833333333       0.302332916666667      -0.132067890096407     
  0.602665833333333       0.602665833333333      -9.782062488909453E-002
  0.602665833333333       0.902998750000000      -8.105326020696581E-002
  0.602665833333333        1.20333166666667      -6.808362901697645E-002
  0.602665833333333        1.50366458333333      -5.715779660917174E-002
  0.602665833333333        1.80399750000000      -4.844913038543277E-002
  0.602665833333333        2.10433041666667      -4.171558268671400E-002
  0.602665833333333        2.40466333333333      -3.639796211609645E-002
  0.602665833333333        2.70499625000000      -3.180423464157427E-002
  0.602665833333333        3.00532916666667      -2.761295405711131E-002
  0.602665833333333        3.30566208333333      -2.355800884890978E-002
  0.602665833333333        3.60599500000000      -2.123841726665497E-002
  0.602665833333333        3.90632791666667      -2.192627152706812E-002
  0.602665833333333        4.20666083333333      -2.254819974001942E-002
  0.602665833333333        4.50699375000000      -2.119819363224112E-002
  0.602665833333333        4.80732666666667      -1.841792129091461E-002
  0.602665833333333        5.10765958333333      -1.544325567277947E-002
  0.602665833333333        5.40799250000000      -1.254092630305106E-002
  0.602665833333333        5.70832541666667      -1.001078046777394E-002
  0.602665833333333        6.00865833333333      -8.304011701695795E-003
  0.602665833333333        6.30899125000000      -7.785940289510036E-003
  0.602665833333333        6.60932416666667      -7.802116232686953E-003
  0.602665833333333        6.90965708333333      -5.347933774907773E-003
  0.602665833333333        7.20999000000000      -1.300012166448162E-003
  0.902998750000000       2.000000000000000E-003 -0.148894970573841     
  0.902998750000000       0.302332916666667      -0.130539749369381     
  0.902998750000000       0.602665833333333      -0.101163103717551     
  0.902998750000000       0.902998750000000      -8.129460031144525E-002
  0.902998750000000        1.20333166666667      -6.817577056649311E-002
  0.902998750000000        1.50366458333333      -5.797781282581106E-002
  0.902998750000000        1.80399750000000      -4.951744225605662E-002
  0.902998750000000        2.10433041666667      -4.258492727214704E-002
  0.902998750000000        2.40466333333333      -3.673222897330844E-002
  0.902998750000000        2.70499625000000      -3.158560417647097E-002
  0.902998750000000        3.00532916666667      -2.707745376394118E-002
  0.902998750000000        3.30566208333333      -2.351258840158643E-002
  0.902998750000000        3.60599500000000      -2.154136424391917E-002
  0.902998750000000        3.90632791666667      -2.118445138785275E-002
  0.902998750000000        4.20666083333333      -2.097715556363804E-002
  0.902998750000000        4.50699375000000      -1.971072473635019E-002
  0.902998750000000        4.80732666666667      -1.758306530022899E-002
  0.902998750000000        5.10765958333333      -1.513428673931866E-002
  0.902998750000000        5.40799250000000      -1.262080175094261E-002
  0.902998750000000        5.70832541666667      -1.041471985156940E-002
  0.902998750000000        6.00865833333333      -8.857267652930153E-003
  0.902998750000000        6.30899125000000      -7.971134411383222E-003
  0.902998750000000        6.60932416666667      -7.032966556532938E-003
  0.902998750000000        6.90965708333333      -4.908963937756005E-003
  0.902998750000000        7.20999000000000      -2.819738388889954E-003
   1.20333166666667       2.000000000000000E-003 -0.129338302341703     
   1.20333166666667       0.302332916666667      -0.120022308460379     
   1.20333166666667       0.602665833333333      -0.100829735195331     
   1.20333166666667       0.902998750000000      -8.332186782674481E-002
   1.20333166666667        1.20333166666667      -7.002470577789169E-002
   1.20333166666667        1.50366458333333      -5.956093360051840E-002
   1.20333166666667        1.80399750000000      -5.088492957211969E-002
   1.20333166666667        2.10433041666667      -4.366235814968671E-002
   1.20333166666667        2.40466333333333      -3.745157691773497E-002
   1.20333166666667        2.70499625000000      -3.212382877337601E-002
   1.20333166666667        3.00532916666667      -2.766788547385761E-002
   1.20333166666667        3.30566208333333      -2.422681634748337E-002
   1.20333166666667        3.60599500000000      -2.205440784696793E-002
   1.20333166666667        3.90632791666667      -2.089321837596512E-002
   1.20333166666667        4.20666083333333      -1.993929763320397E-002
   1.20333166666667        4.50699375000000      -1.857860110782796E-002
   1.20333166666667        4.80732666666667      -1.674662652069986E-002
   1.20333166666667        5.10765958333333      -1.461365820038073E-002
   1.20333166666667        5.40799250000000      -1.240514636950351E-002
   1.20333166666667        5.70832541666667      -1.041673652396315E-002
   1.20333166666667        6.00865833333333      -8.893714039580487E-003
   1.20333166666667        6.30899125000000      -7.775129669613343E-003
   1.20333166666667        6.60932416666667      -6.650648549901992E-003
   1.20333166666667        6.90965708333333      -5.202169626123444E-003
   1.20333166666667        7.20999000000000      -3.976516692122241E-003
   1.50366458333333       2.000000000000000E-003 -0.114154091356105     
   1.50366458333333       0.302332916666667      -0.108974817856649     
   1.50366458333333       0.602665833333333      -9.680209424924049E-002
   1.50366458333333       0.902998750000000      -8.324584164180321E-002
   1.50366458333333        1.20333166666667      -7.116094334513874E-002
   1.50366458333333        1.50366458333333      -6.089723294453487E-002
   1.50366458333333        1.80399750000000      -5.224767120283443E-002
   1.50366458333333        2.10433041666667      -4.486030807656118E-002
   1.50366458333333        2.40466333333333      -3.845864250428077E-002
   1.50366458333333        2.70499625000000      -3.299295644901416E-002
   1.50366458333333        3.00532916666667      -2.850042874514108E-002
   1.50366458333333        3.30566208333333      -2.502751415631142E-002
   1.50366458333333        3.60599500000000      -2.253459499308973E-002
   1.50366458333333        3.90632791666667      -2.076642263791512E-002
   1.50366458333333        4.20666083333333      -1.928605382274508E-002
   1.50366458333333        4.50699375000000      -1.771866897716558E-002
   1.50366458333333        4.80732666666667      -1.591514376410747E-002
   1.50366458333333        5.10765958333333      -1.392816673291435E-002
   1.50366458333333        5.40799250000000      -1.191957726361830E-002
   1.50366458333333        5.70832541666667      -1.007599601930676E-002
   1.50366458333333        6.00865833333333      -8.567385241971669E-003
   1.50366458333333        6.30899125000000      -7.367505499638514E-003
   1.50366458333333        6.60932416666667      -6.278524824624409E-003
   1.50366458333333        6.90965708333333      -5.195380787828574E-003
   1.50366458333333        7.20999000000000      -4.310735617423128E-003
   1.80399750000000       2.000000000000000E-003 -0.103936910873908     
   1.80399750000000       0.302332916666667      -0.100615697836058     
   1.80399750000000       0.602665833333333      -9.209698361531088E-002
   1.80399750000000       0.902998750000000      -8.148549823613335E-002
   1.80399750000000        1.20333166666667      -7.094958295886337E-002
   1.80399750000000        1.50366458333333      -6.147186828619314E-002
   1.80399750000000        1.80399750000000      -5.321805127434425E-002
   1.80399750000000        2.10433041666667      -4.594439839681122E-002
   1.80399750000000        2.40466333333333      -3.953042079834154E-002
   1.80399750000000        2.70499625000000      -3.398182211156171E-002
   1.80399750000000        3.00532916666667      -2.935022558104711E-002
   1.80399750000000        3.30566208333333      -2.565441335565681E-002
   1.80399750000000        3.60599500000000      -2.281283327693402E-002
   1.80399750000000        3.90632791666667      -2.061053682623499E-002
   1.80399750000000        4.20666083333333      -1.874599437793614E-002
   1.80399750000000        4.50699375000000      -1.694843179208568E-002
   1.80399750000000        4.80732666666667      -1.507820657729561E-002
   1.80399750000000        5.10765958333333      -1.314702566864400E-002
   1.80399750000000        5.40799250000000      -1.126586872297795E-002
   1.80399750000000        5.70832541666667      -9.559213316300257E-003
   1.80399750000000        6.00865833333333      -8.092053760470837E-003
   1.80399750000000        6.30899125000000      -6.873488303259875E-003
   1.80399750000000        6.60932416666667      -5.818399153700400E-003
   1.80399750000000        6.90965708333333      -4.881279500683460E-003
   1.80399750000000        7.20999000000000      -4.150146771451917E-003
   2.10433041666667       2.000000000000000E-003 -9.908808245137543E-002
   2.10433041666667       0.302332916666667      -9.605315133326457E-002
   2.10433041666667       0.602665833333333      -8.848484622248737E-002
   2.10433041666667       0.902998750000000      -7.895405783260347E-002
   2.10433041666667        1.20333166666667      -6.959337021844318E-002
   2.10433041666667        1.50366458333333      -6.108607231704730E-002
   2.10433041666667        1.80399750000000      -5.344560197096494E-002
   2.10433041666667        2.10433041666667      -4.654883080173988E-002
   2.10433041666667        2.40466333333333      -4.033620977450945E-002
   2.10433041666667        2.70499625000000      -3.483278589433788E-002
   2.10433041666667        3.00532916666667      -3.010036306054259E-002
   2.10433041666667        3.30566208333333      -2.617169117967796E-002
   2.10433041666667        3.60599500000000      -2.299609044945873E-002
   2.10433041666667        3.90632791666667      -2.042142683120883E-002
   2.10433041666667        4.20666083333333      -1.822956826886245E-002
   2.10433041666667        4.50699375000000      -1.621426387088533E-002
   2.10433041666667        4.80732666666667      -1.425673134256449E-002
   2.10433041666667        5.10765958333333      -1.235226414179592E-002
   2.10433041666667        5.40799250000000      -1.057448727604608E-002
   2.10433041666667        5.70832541666667      -9.002409170544217E-003
   2.10433041666667        6.00865833333333      -7.654296492861254E-003
   2.10433041666667        6.30899125000000      -6.471745038612482E-003
   2.10433041666667        6.60932416666667      -5.383395371817526E-003
   2.10433041666667        6.90965708333333      -4.436036170256326E-003
   2.10433041666667        7.20999000000000      -3.743361493435925E-003
   2.40466333333333       2.000000000000000E-003 -0.101039699709614     
   2.40466333333333       0.302332916666667      -9.660684428608199E-002
   2.40466333333333       0.602665833333333      -8.648001990569665E-002
   2.40466333333333       0.902998750000000      -7.604672790366789E-002
   2.40466333333333        1.20333166666667      -6.707931260665612E-002
   2.40466333333333        1.50366458333333      -5.939644706119133E-002
   2.40466333333333        1.80399750000000      -5.256641894167382E-002
   2.40466333333333        2.10433041666667      -4.631954268092180E-002
   2.40466333333333        2.40466333333333      -4.055130544378922E-002
   2.40466333333333        2.70499625000000      -3.527365028063793E-002
   2.40466333333333        3.00532916666667      -3.055917790321063E-002
   2.40466333333333        3.30566208333333      -2.647680004271645E-002
   2.40466333333333        3.60599500000000      -2.303513110475962E-002
   2.40466333333333        3.90632791666667      -2.015675889002315E-002
   2.40466333333333        4.20666083333333      -1.769735649349228E-002
   2.40466333333333        4.50699375000000      -1.550402055810095E-002
   2.40466333333333        4.80732666666667      -1.348001700310515E-002
   2.40466333333333        5.10765958333333      -1.161334903143883E-002
   2.40466333333333        5.40799250000000      -9.949792059090905E-003
   2.40466333333333        5.70832541666667      -8.529556895548070E-003
   2.40466333333333        6.00865833333333      -7.325163697917704E-003
   2.40466333333333        6.30899125000000      -6.217714496362972E-003
   2.40466333333333        6.60932416666667      -5.056090354842666E-003
   2.40466333333333        6.90965708333333      -3.870053477187215E-003
   2.40466333333333        7.20999000000000      -3.081842266030197E-003
   2.70499625000000       2.000000000000000E-003 -0.106906465284761     
   2.70499625000000       0.302332916666667      -9.972598216574620E-002
   2.70499625000000       0.602665833333333      -8.480977431729815E-002
   2.70499625000000       0.902998750000000      -7.159870004915640E-002
   2.70499625000000        1.20333166666667      -6.274756569566578E-002
   2.70499625000000        1.50366458333333      -5.617732007986457E-002
   2.70499625000000        1.80399750000000      -5.047271115209363E-002
   2.70499625000000        2.10433041666667      -4.513942002293868E-002
   2.70499625000000        2.40466333333333      -4.002596976787370E-002
   2.70499625000000        2.70499625000000      -3.513908774531353E-002
   2.70499625000000        3.00532916666667      -3.057403703337842E-002
   2.70499625000000        3.30566208333333      -2.645032806009160E-002
   2.70499625000000        3.60599500000000      -2.284641796659317E-002
   2.70499625000000        3.90632791666667      -1.976039018709356E-002
   2.70499625000000        4.20666083333333      -1.711525183402473E-002
   2.70499625000000        4.50699375000000      -1.480634453922511E-002
   2.70499625000000        4.80732666666667      -1.276027823030779E-002
   2.70499625000000        5.10765958333333      -1.096368327018027E-002
   2.70499625000000        5.40799250000000      -9.443491347098296E-003
   2.70499625000000        5.70832541666667      -8.213092592863416E-003
   2.70499625000000        6.00865833333333      -7.207029880167795E-003
   2.70499625000000        6.30899125000000      -6.205630040122900E-003
   2.70499625000000        6.60932416666667      -4.906086739755036E-003
   2.70499625000000        6.90965708333333      -3.402164315881881E-003
   2.70499625000000        7.20999000000000      -2.410050878310605E-003
   3.00532916666667       2.000000000000000E-003 -0.107916137669447     
   3.00532916666667       0.302332916666667      -9.600754050027983E-002
   3.00532916666667       0.602665833333333      -7.602973573547338E-002
   3.00532916666667       0.902998750000000      -6.292421598828014E-002
   3.00532916666667        1.20333166666667      -5.630243726369215E-002
   3.00532916666667        1.50366458333333      -5.179028267016374E-002
   3.00532916666667        1.80399750000000      -4.754843403117599E-002
   3.00532916666667        2.10433041666667      -4.326090906008693E-002
   3.00532916666667        2.40466333333333      -3.887413116065406E-002
   3.00532916666667        2.70499625000000      -3.444177716136795E-002
   3.00532916666667        3.00532916666667      -3.010196095633797E-002
   3.00532916666667        3.30566208333333      -2.603045529345826E-002
   3.00532916666667        3.60599500000000      -2.237090976238793E-002
   3.00532916666667        3.90632791666667      -1.918488125790283E-002
   3.00532916666667        4.20666083333333      -1.644890196654684E-002
   3.00532916666667        4.50699375000000      -1.409831944960964E-002
   3.00532916666667        4.80732666666667      -1.208233450636208E-002
   3.00532916666667        5.10765958333333      -1.039052677599402E-002
   3.00532916666667        5.40799250000000      -9.040646015309768E-003
   3.00532916666667        5.70832541666667      -8.041010054450725E-003
   3.00532916666667        6.00865833333333      -7.338914492071598E-003
   3.00532916666667        6.30899125000000      -6.709014206680731E-003
   3.00532916666667        6.60932416666667      -5.656139989886969E-003
   3.00532916666667        6.90965708333333      -3.842064842890880E-003
   3.00532916666667        7.20999000000000      -2.415205614581225E-003
   3.30566208333333       2.000000000000000E-003 -9.225318491607119E-002
   3.30566208333333       0.302332916666667      -7.607194597961868E-002
   3.30566208333333       0.602665833333333      -5.801308667432143E-002
   3.30566208333333       0.902998750000000      -5.091326845406773E-002
   3.30566208333333        1.20333166666667      -4.906196978759722E-002
   3.30566208333333        1.50366458333333      -4.741517102169160E-002
   3.30566208333333        1.80399750000000      -4.461166525170289E-002
   3.30566208333333        2.10433041666667      -4.120404338997680E-002
   3.30566208333333        2.40466333333333      -3.739336047985569E-002
   3.30566208333333        2.70499625000000      -3.332649909783880E-002
   3.30566208333333        3.00532916666667      -2.919492420611580E-002
   3.30566208333333        3.30566208333333      -2.521986192334407E-002
   3.30566208333333        3.60599500000000      -2.158864600234792E-002
   3.30566208333333        3.90632791666667      -1.840215285721497E-002
   3.30566208333333        4.20666083333333      -1.566852602356490E-002
   3.30566208333333        4.50699375000000      -1.334891607918194E-002
   3.30566208333333        4.80732666666667      -1.140959640517988E-002
   3.30566208333333        5.10765958333333      -9.843870076066654E-003
   3.30566208333333        5.40799250000000      -8.666268495415064E-003
   3.30566208333333        5.70832541666667      -7.898087500712369E-003
   3.30566208333333        6.00865833333333      -7.573921906797631E-003
   3.30566208333333        6.30899125000000      -7.565810446830405E-003
   3.30566208333333        6.60932416666667      -7.265836041323219E-003
   3.30566208333333        6.90965708333333      -5.711439152029053E-003
   3.30566208333333        7.20999000000000      -3.840321447351573E-003
   3.60599500000000       2.000000000000000E-003 -6.975011137276584E-002
   3.60599500000000       0.302332916666667      -5.526025406865166E-002
   3.60599500000000       0.602665833333333      -4.516945158278163E-002
   3.60599500000000       0.902998750000000      -4.369306937176577E-002
   3.60599500000000        1.20333166666667      -4.475942037687151E-002
   3.60599500000000        1.50366458333333      -4.460204968054386E-002
   3.60599500000000        1.80399750000000      -4.247408998953450E-002
   3.60599500000000        2.10433041666667      -3.943818424724822E-002
   3.60599500000000        2.40466333333333      -3.585422663951781E-002
   3.60599500000000        2.70499625000000      -3.194009710847757E-002
   3.60599500000000        3.00532916666667      -2.792603885864416E-002
   3.60599500000000        3.30566208333333      -2.405128739173799E-002
   3.60599500000000        3.60599500000000      -2.051031079490514E-002
   3.60599500000000        3.90632791666667      -1.740829311118542E-002
   3.60599500000000        4.20666083333333      -1.475863593945186E-002
   3.60599500000000        4.50699375000000      -1.253169431788612E-002
   3.60599500000000        4.80732666666667      -1.070204786492462E-002
   3.60599500000000        5.10765958333333      -9.263308343150138E-003
   3.60599500000000        5.40799250000000      -8.223393261930011E-003
   3.60599500000000        5.70832541666667      -7.604695167373332E-003
   3.60599500000000        6.00865833333333      -7.491293388272959E-003
   3.60599500000000        6.30899125000000      -7.807347075517800E-003
   3.60599500000000        6.60932416666667      -8.031245042580041E-003
   3.60599500000000        6.90965708333333      -7.192523008119389E-003
   3.60599500000000        7.20999000000000      -5.763276852771938E-003
   3.90632791666667       2.000000000000000E-003 -8.647348372748731E-002
   3.90632791666667       0.302332916666667      -7.049989708722459E-002
   3.90632791666667       0.602665833333333      -5.327698828290153E-002
   3.90632791666667       0.902998750000000      -4.687894232251607E-002
   3.90632791666667        1.20333166666667      -4.535313842858194E-002
   3.90632791666667        1.50366458333333      -4.391897735637625E-002
   3.90632791666667        1.80399750000000      -4.133367321063305E-002
   3.90632791666667        2.10433041666667      -3.804604667812127E-002
   3.90632791666667        2.40466333333333      -3.429772261407366E-002
   3.90632791666667        2.70499625000000      -3.030927891198593E-002
   3.90632791666667        3.00532916666667      -2.631916164696905E-002
   3.90632791666667        3.30566208333333      -2.255018108071031E-002
   3.90632791666667        3.60599500000000      -1.916154021413562E-002
   3.90632791666667        3.90632791666667      -1.622304024949763E-002
   3.90632791666667        4.20666083333333      -1.372826181799827E-002
   3.90632791666667        4.50699375000000      -1.164235458349106E-002
   3.90632791666667        4.80732666666667      -9.940412845760910E-003
   3.90632791666667        5.10765958333333      -8.612656592142342E-003
   3.90632791666667        5.40799250000000      -7.652754603369128E-003
   3.90632791666667        5.70832541666667      -7.052192825885052E-003
   3.90632791666667        6.00865833333333      -6.819952183700931E-003
   3.90632791666667        6.30899125000000      -6.791978200582103E-003
   3.90632791666667        6.60932416666667      -6.326053615754338E-003
   3.90632791666667        6.90965708333333      -4.570942536513614E-003
   3.90632791666667        7.20999000000000      -2.636478991770181E-003
   4.20666083333333       2.000000000000000E-003 -9.506915698237960E-002
   4.20666083333333       0.302332916666667      -8.380171592565112E-002
   4.20666083333333       0.602665833333333      -6.536801321711079E-002
   4.20666083333333       0.902998750000000      -5.366026619874063E-002
   4.20666083333333        1.20333166666667      -4.790822451335103E-002
   4.20666083333333        1.50366458333333      -4.418584635959879E-002
   4.20666083333333        1.80399750000000      -4.055466860358786E-002
   4.20666083333333        2.10433041666667      -3.663906720921335E-002
   4.20666083333333        2.40466333333333      -3.249475961926800E-002
   4.20666083333333        2.70499625000000      -2.831977885771184E-002
   4.20666083333333        3.00532916666667      -2.433918439868130E-002
   4.20666083333333        3.30566208333333      -2.072962377607244E-002
   4.20666083333333        3.60599500000000      -1.757958636644180E-002
   4.20666083333333        3.90632791666667      -1.489184479709851E-002
   4.20666083333333        4.20666083333333      -1.261920751569517E-002
   4.20666083333333        4.50699375000000      -1.071141434787102E-002
   4.20666083333333        4.80732666666667      -9.141746161202790E-003
   4.20666083333333        5.10765958333333      -7.899559955374761E-003
   4.20666083333333        5.40799250000000      -6.966012971959114E-003
   4.20666083333333        5.70832541666667      -6.294075799666237E-003
   4.20666083333333        6.00865833333333      -5.788324446177748E-003
   4.20666083333333        6.30899125000000      -5.195911469924559E-003
   4.20666083333333        6.60932416666667      -3.965783143028884E-003
   4.20666083333333        6.90965708333333      -1.834393509402735E-003
   4.20666083333333        7.20999000000000      -1.651427850009098E-004
   4.50699375000000       2.000000000000000E-003 -8.562317209406109E-002
   4.50699375000000       0.302332916666667      -7.924119219002534E-002
   4.50699375000000       0.602665833333333      -6.634176405671730E-002
   4.50699375000000       0.902998750000000      -5.531152479433678E-002
   4.50699375000000        1.20333166666667      -4.844793782064981E-002
   4.50699375000000        1.50366458333333      -4.358717475025209E-002
   4.50699375000000        1.80399750000000      -3.912775785938279E-002
   4.50699375000000        2.10433041666667      -3.462220514666053E-002
   4.50699375000000        2.40466333333333      -3.011598243163767E-002
   4.50699375000000        2.70499625000000      -2.582448389091214E-002
   4.50699375000000        3.00532916666667      -2.195837042691122E-002
   4.50699375000000        3.30566208333333      -1.863097711861973E-002
   4.50699375000000        3.60599500000000      -1.583839039219509E-002
   4.50699375000000        3.90632791666667      -1.349729254386568E-002
   4.50699375000000        4.20666083333333      -1.150702646624623E-002
   4.50699375000000        4.50699375000000      -9.799170261461035E-003
   4.50699375000000        4.80732666666667      -8.351374029830367E-003
   4.50699375000000        5.10765958333333      -7.163615491340007E-003
   4.50699375000000        5.40799250000000      -6.219048074174477E-003
   4.50699375000000        5.70832541666667      -5.455689711861583E-003
   4.50699375000000        6.00865833333333      -4.749723920972348E-003
   4.50699375000000        6.30899125000000      -3.877055425580770E-003
   4.50699375000000        6.60932416666667      -2.537048378386314E-003
   4.50699375000000        6.90965708333333      -8.480335160515706E-004
   4.50699375000000        7.20999000000000       3.059692607876117E-004
   4.80732666666667       2.000000000000000E-003 -6.831065559130506E-002
   4.80732666666667       0.302332916666667      -6.503888564114711E-002
   4.80732666666667       0.602665833333333      -5.791743503902713E-002
   4.80732666666667       0.902998750000000      -5.123171105394007E-002
   4.80732666666667        1.20333166666667      -4.585507069242450E-002
   4.80732666666667        1.50366458333333      -4.108859735857469E-002
   4.80732666666667        1.80399750000000      -3.637384258084000E-002
   4.80732666666667        2.10433041666667      -3.160901359129145E-002
   4.80732666666667        2.40466333333333      -2.698996839155139E-002
   4.80732666666667        2.70499625000000      -2.279924812183137E-002
   4.80732666666667        3.00532916666667      -1.924253195074120E-002
   4.80732666666667        3.30566208333333      -1.636534509165884E-002
   4.80732666666667        3.60599500000000      -1.406229356496986E-002
   4.80732666666667        3.90632791666667      -1.215507851749910E-002
   4.80732666666667        4.20666083333333      -1.048594478864976E-002
   4.80732666666667        4.50699375000000      -8.974705526179953E-003
   4.80732666666667        4.80732666666667      -7.618117119367517E-003
   4.80732666666667        5.10765958333333      -6.444468952623418E-003
   4.80732666666667        5.40799250000000      -5.458415580928771E-003
   4.80732666666667        5.70832541666667      -4.609963273692145E-003
   4.80732666666667        6.00865833333333      -3.796122654276760E-003
   4.80732666666667        6.30899125000000      -2.885378257905052E-003
   4.80732666666667        6.60932416666667      -1.779041554838391E-003
   4.80732666666667        6.90965708333333      -5.820313552892665E-004
   4.80732666666667        7.20999000000000       2.212456195291356E-004
   5.10765958333333       2.000000000000000E-003 -5.068939088803542E-002
   5.10765958333333       0.302332916666667      -4.973539959873702E-002
   5.10765958333333       0.602665833333333      -4.742730046643296E-002
   5.10765958333333       0.902998750000000      -4.436544401663721E-002
   5.10765958333333        1.20333166666667      -4.082682940565422E-002
   5.10765958333333        1.50366458333333      -3.679058364443914E-002
   5.10765958333333        1.80399750000000      -3.232235668421069E-002
   5.10765958333333        2.10433041666667      -2.768365462131314E-002
   5.10765958333333        2.40466333333333      -2.326250365915495E-002
   5.10765958333333        2.70499625000000      -1.942655795542597E-002
   5.10765958333333        3.00532916666667      -1.638343978559747E-002
   5.10765958333333        3.30566208333333      -1.411367810485281E-002
   5.10765958333333        3.60599500000000      -1.240785120152607E-002
   5.10765958333333        3.90632791666667      -1.098759995083494E-002
   5.10765958333333        4.20666083333333      -9.639971098622250E-003
   5.10765958333333        4.50699375000000      -8.287042471932167E-003
   5.10765958333333        4.80732666666667      -6.965241816048113E-003
   5.10765958333333        5.10765958333333      -5.750567188870005E-003
   5.10765958333333        5.40799250000000      -4.686153947690765E-003
   5.10765958333333        5.70832541666667      -3.749728740936362E-003
   5.10765958333333        6.00865833333333      -2.864983453466925E-003
   5.10765958333333        6.30899125000000      -1.944394082009992E-003
   5.10765958333333        6.60932416666667      -9.605939020711886E-004
   5.10765958333333        6.90965708333333      -3.502033460306463E-005
   5.10765958333333        7.20999000000000       5.751872674063141E-004
   5.40799250000000       2.000000000000000E-003 -3.592711902861982E-002
   5.40799250000000       0.302332916666667      -3.625057888263798E-002
   5.40799250000000       0.602665833333333      -3.675712375454369E-002
   5.40799250000000       0.902998750000000      -3.646404108015262E-002
   5.40799250000000        1.20333166666667      -3.473565210868768E-002
   5.40799250000000        1.50366458333333      -3.160425437991512E-002
   5.40799250000000        1.80399750000000      -2.762205987887107E-002
   5.40799250000000        2.10433041666667      -2.335654729781079E-002
   5.40799250000000        2.40466333333333      -1.935003056042568E-002
   5.40799250000000        2.70499625000000      -1.603952675848229E-002
   5.40799250000000        3.00532916666667      -1.363953854093435E-002
   5.40799250000000        3.30566208333333      -1.207588895076150E-002
   5.40799250000000        3.60599500000000      -1.102870581553063E-002
   5.40799250000000        3.90632791666667      -1.010024987561473E-002
   5.40799250000000        4.20666083333333      -9.021242383841757E-003
   5.40799250000000        4.50699375000000      -7.741949010361186E-003
   5.40799250000000        4.80732666666667      -6.368101860244856E-003
   5.40799250000000        5.10765958333333      -5.040647700237806E-003
   5.40799250000000        5.40799250000000      -3.850208959659332E-003
   5.40799250000000        5.70832541666667      -2.809443278320615E-003
   5.40799250000000        6.00865833333333      -1.857416424557325E-003
   5.40799250000000        6.30899125000000      -8.664141381498967E-004
   5.40799250000000        6.60932416666667       2.063521106232141E-004
   5.40799250000000        6.90965708333333       1.215247430229667E-003
   5.40799250000000        7.20999000000000       1.830238810035920E-003
   5.70832541666667       2.000000000000000E-003 -2.276439752811235E-002
   5.70832541666667       0.302332916666667      -2.425518224289797E-002
   5.70832541666667       0.602665833333333      -2.725669044955848E-002
   5.70832541666667       0.902998750000000      -2.927931047431829E-002
   5.70832541666667        1.20333166666667      -2.904802423169852E-002
   5.70832541666667        1.50366458333333      -2.670557895055603E-002
   5.70832541666667        1.80399750000000      -2.314073849810584E-002
   5.70832541666667        2.10433041666667      -1.927563248416575E-002
   5.70832541666667        2.40466333333333      -1.572298344177125E-002
   5.70832541666667        2.70499625000000      -1.294794788367813E-002
   5.70832541666667        3.00532916666667      -1.119529401504181E-002
   5.70832541666667        3.30566208333333      -1.038190838229424E-002
   5.70832541666667        3.60599500000000      -1.005326481320633E-002
   5.70832541666667        3.90632791666667      -9.595754432086944E-003
   5.70832541666667        4.20666083333333      -8.659322152631613E-003
   5.70832541666667        4.50699375000000      -7.298086129938134E-003
   5.70832541666667        4.80732666666667      -5.748450500605841E-003
   5.70832541666667        5.10765958333333      -4.222973929309698E-003
   5.70832541666667        5.40799250000000      -2.848208129442037E-003
   5.70832541666667        5.70832541666667      -1.665509200935437E-003
   5.70832541666667        6.00865833333333      -6.029748107782449E-004
   5.70832541666667        6.30899125000000       4.979841863835747E-004
   5.70832541666667        6.60932416666667       1.847120241811532E-003
   5.70832541666667        6.90965708333333       3.310541819063866E-003
   5.70832541666667        7.20999000000000       4.150675559944949E-003
   6.00865833333333       2.000000000000000E-003 -1.244820479221380E-002
   6.00865833333333       0.302332916666667      -1.530223828110276E-002
   6.00865833333333       0.602665833333333      -2.073534799748386E-002
   6.00865833333333       0.902998750000000      -2.432680345361750E-002
   6.00865833333333        1.20333166666667      -2.482579366858663E-002
   6.00865833333333        1.50366458333333      -2.285078762398744E-002
   6.00865833333333        1.80399750000000      -1.949504851701323E-002
   6.00865833333333        2.10433041666667      -1.589355932696916E-002
   6.00865833333333        2.40466333333333      -1.266479921000101E-002
   6.00865833333333        2.70499625000000      -1.023016537943195E-002
   6.00865833333333        3.00532916666667      -8.949752100383249E-003
   6.00865833333333        3.30566208333333      -8.956666314215843E-003
   6.00865833333333        3.60599500000000      -9.629273137874084E-003
   6.00865833333333        3.90632791666667      -9.694739404467358E-003
   6.00865833333333        4.20666083333333      -8.612912631175720E-003
   6.00865833333333        4.50699375000000      -6.870282117769117E-003
   6.00865833333333        4.80732666666667      -4.980873700886762E-003
   6.00865833333333        5.10765958333333      -3.172931332479873E-003
   6.00865833333333        5.40799250000000      -1.537265034169927E-003
   6.00865833333333        5.70832541666667      -1.405120982904701E-004
   6.00865833333333        6.00865833333333       1.002515363097874E-003
   6.00865833333333        6.30899125000000       2.130132029091255E-003
   6.00865833333333        6.60932416666667       3.846124184078667E-003
   6.00865833333333        6.90965708333333       6.345561141645426E-003
   6.00865833333333        7.20999000000000       7.901036963028102E-003
   6.30899125000000       2.000000000000000E-003 -7.841185410018228E-003
   6.30899125000000       0.302332916666667      -1.224952886901285E-002
   6.30899125000000       0.602665833333333      -1.860476991694926E-002
   6.30899125000000       0.902998750000000      -2.163022287202580E-002
   6.30899125000000        1.20333166666667      -2.179174133294900E-002
   6.30899125000000        1.50366458333333      -1.990835437117520E-002
   6.30899125000000        1.80399750000000      -1.676169377858657E-002
   6.30899125000000        2.10433041666667      -1.331166651831227E-002
   6.30899125000000        2.40466333333333      -1.018085880706355E-002
   6.30899125000000        2.70499625000000      -7.589577654810060E-003
   6.30899125000000        3.00532916666667      -6.468519158448108E-003
   6.30899125000000        3.30566208333333      -7.674155888082059E-003
   6.30899125000000        3.60599500000000      -9.819169061834117E-003
   6.30899125000000        3.90632791666667      -1.039850300308563E-002
   6.30899125000000        4.20666083333333      -8.788928576124878E-003
   6.30899125000000        4.50699375000000      -6.260010801643642E-003
   6.30899125000000        4.80732666666667      -3.891620143186498E-003
   6.30899125000000        5.10765958333333      -1.776527883818204E-003
   6.30899125000000        5.40799250000000       1.756215679323825E-004
   6.30899125000000        5.70832541666667       1.860187638533729E-003
   6.30899125000000        6.00865833333333       3.151984949442875E-003
   6.30899125000000        6.30899125000000       4.124125526590246E-003
   6.30899125000000        6.60932416666667       5.798632024083242E-003
   6.30899125000000        6.90965708333333       9.920851506115557E-003
   6.30899125000000        7.20999000000000       1.338418338806361E-002
   6.60932416666667       2.000000000000000E-003 -1.087267401911218E-002
   6.60932416666667       0.302332916666667      -1.648864899995773E-002
   6.60932416666667       0.602665833333333      -1.821220675223223E-002
   6.60932416666667       0.902998750000000      -1.804953541755238E-002
   6.60932416666667        1.20333166666667      -1.815074693233660E-002
   6.60932416666667        1.50366458333333      -1.703667527902634E-002
   6.60932416666667        1.80399750000000      -1.456138174819614E-002
   6.60932416666667        2.10433041666667      -1.141669548398824E-002
   6.60932416666667        2.40466333333333      -8.193091804106460E-003
   6.60932416666667        2.70499625000000      -5.062329665707006E-003
   6.60932416666667        3.00532916666667      -3.969210491729337E-003
   6.60932416666667        3.30566208333333      -6.179383897757493E-003
   6.60932416666667        3.60599500000000      -1.007431534211685E-002
   6.60932416666667        3.90632791666667      -1.072521118451888E-002
   6.60932416666667        4.20666083333333      -7.967529023721227E-003
   6.60932416666667        4.50699375000000      -4.792721189317605E-003
   6.60932416666667        4.80732666666667      -2.264232955434205E-003
   6.60932416666667        5.10765958333333      -2.878585199699046E-005
   6.60932416666667        5.40799250000000       2.168113323502687E-003
   6.60932416666667        5.70832541666667       4.312342103166918E-003
   6.60932416666667        6.00865833333333       6.179448393696486E-003
   6.60932416666667        6.30899125000000       7.285130498762628E-003
   6.60932416666667        6.60932416666667       7.785827398694432E-003
   6.60932416666667        6.90965708333333       1.203260352722407E-002
   6.60932416666667        7.20999000000000       1.922632371521935E-002
   6.90965708333333       2.000000000000000E-003 -1.245089965373876E-002
   6.90965708333333       0.302332916666667      -1.698863643643962E-002
   6.90965708333333       0.602665833333333      -7.587169750719941E-003
   6.90965708333333       0.902998750000000      -9.123815334789651E-003
   6.90965708333333        1.20333166666667      -1.274152547055120E-002
   6.90965708333333        1.50366458333333      -1.384765707858208E-002
   6.90965708333333        1.80399750000000      -1.266214344157741E-002
   6.90965708333333        2.10433041666667      -1.017614104949358E-002
   6.90965708333333        2.40466333333333      -6.967184577362055E-003
   6.90965708333333        2.70499625000000      -3.724873437730337E-003
   6.90965708333333        3.00532916666667      -2.145721554212998E-003
   6.90965708333333        3.30566208333333      -4.238695553547507E-003
   6.90965708333333        3.60599500000000      -9.241128970558676E-003
   6.90965708333333        3.90632791666667      -8.641373591333316E-003
   6.90965708333333        4.20666083333333      -4.786877604811222E-003
   6.90965708333333        4.50699375000000      -1.930889882326524E-003
   6.90965708333333        4.80732666666667      -5.797244922020801E-005
   6.90965708333333        5.10765958333333       1.793187797877925E-003
   6.90965708333333        5.40799250000000       4.053794242495607E-003
   6.90965708333333        5.70832541666667       6.701863066939121E-003
   6.90965708333333        6.00865833333333       9.719412261374478E-003
   6.90965708333333        6.30899125000000       1.259398304242371E-002
   6.90965708333333        6.60932416666667       1.345595502488669E-002
   6.90965708333333        6.90965708333333       1.175096741845277E-002
   6.90965708333333        7.20999000000000       1.776321278303474E-002
   7.20999000000000       2.000000000000000E-003 -1.471375657347120E-002
   7.20999000000000       0.302332916666667      -1.539375313199531E-004
   7.20999000000000       0.602665833333333       7.471768396581524E-003
   7.20999000000000       0.902998750000000      -1.281594167135150E-003
   7.20999000000000        1.20333166666667      -8.396994718938851E-003
   7.20999000000000        1.50366458333333      -1.127704010823877E-002
   7.20999000000000        1.80399750000000      -1.124513456457419E-002
   7.20999000000000        2.10433041666667      -9.597717287301678E-003
   7.20999000000000        2.40466333333333      -7.046201930219508E-003
   7.20999000000000        2.70499625000000      -4.529958863285642E-003
   7.20999000000000        3.00532916666667      -3.315114469182437E-003
   7.20999000000000        3.30566208333333      -4.973071427287794E-003
   7.20999000000000        3.60599500000000      -8.265286213651659E-003
   7.20999000000000        3.90632791666667      -3.771813341725775E-003
   7.20999000000000        4.20666083333333      -2.718262219347698E-004
   7.20999000000000        4.50699375000000       1.205493606003758E-003
   7.20999000000000        4.80732666666667       1.999534372337206E-003
   7.20999000000000        5.10765958333333       3.202491352615622E-003
   7.20999000000000        5.40799250000000       5.224179488612125E-003
   7.20999000000000        5.70832541666667       7.948861231640125E-003
   7.20999000000000        6.00865833333333       1.153224177753630E-002
   7.20999000000000        6.30899125000000       1.609528102029035E-002
   7.20999000000000        6.60932416666667       2.046142391092725E-002
   7.20999000000000        6.90965708333333       1.873032885632879E-002
   7.20999000000000        7.20999000000000       1.134198403813021E-002
