  2.000000000000000E-003  2.000000000000000E-003 -0.226616209503198     
  2.000000000000000E-003  0.302332916666667      -0.230245182025733     
  2.000000000000000E-003  0.602665833333333      -0.206075953142059     
  2.000000000000000E-003  0.902998750000000      -0.163856138066674     
  2.000000000000000E-003   1.20333166666667      -0.127988458904804     
  2.000000000000000E-003   1.50366458333333      -0.101577366082844     
  2.000000000000000E-003   1.80399750000000      -8.284816354743509E-002
  2.000000000000000E-003   2.10433041666667      -6.999705275306525E-002
  2.000000000000000E-003   2.40466333333333      -6.122389337830962E-002
  2.000000000000000E-003   2.70499625000000      -5.559649148978071E-002
  2.000000000000000E-003   3.00532916666667      -5.280651887716753E-002
  2.000000000000000E-003   3.30566208333333      -5.044188792936515E-002
  2.000000000000000E-003   3.60599500000000      -4.876285521792025E-002
  2.000000000000000E-003   3.90632791666667      -4.160046235491285E-002
  2.000000000000000E-003   4.20666083333333      -3.577030681569552E-002
  2.000000000000000E-003   4.50699375000000      -3.444334845476362E-002
  2.000000000000000E-003   4.80732666666667      -3.418909707748458E-002
  2.000000000000000E-003   5.10765958333333      -3.335521961757807E-002
  2.000000000000000E-003   5.40799250000000      -3.161964479600305E-002
  2.000000000000000E-003   5.70832541666667      -2.916893973359595E-002
  2.000000000000000E-003   6.00865833333333      -2.624448389898557E-002
  2.000000000000000E-003   6.30899125000000      -2.331470415797949E-002
  2.000000000000000E-003   6.60932416666667      -2.130066859458466E-002
  2.000000000000000E-003   6.90965708333333      -2.155638053071211E-002
  2.000000000000000E-003   7.20999000000000      -1.922698898250225E-002
  0.302332916666667       2.000000000000000E-003 -0.240249476432880     
  0.302332916666667       0.302332916666667      -0.209276317717626     
  0.302332916666667       0.602665833333333      -0.189167574457824     
  0.302332916666667       0.902998750000000      -0.159075185801115     
  0.302332916666667        1.20333166666667      -0.128456245900752     
  0.302332916666667        1.50366458333333      -0.103722915786140     
  0.302332916666667        1.80399750000000      -8.523007911055998E-002
  0.302332916666667        2.10433041666667      -7.210274403525874E-002
  0.302332916666667        2.40466333333333      -6.270461834411786E-002
  0.302332916666667        2.70499625000000      -5.610702784415907E-002
  0.302332916666667        3.00532916666667      -5.268249562541753E-002
  0.302332916666667        3.30566208333333      -5.098948433086557E-002
  0.302332916666667        3.60599500000000      -4.870378125227298E-002
  0.302332916666667        3.90632791666667      -4.144854970967407E-002
  0.302332916666667        4.20666083333333      -3.615477739133747E-002
  0.302332916666667        4.50699375000000      -3.484976125170160E-002
  0.302332916666667        4.80732666666667      -3.448823517710685E-002
  0.302332916666667        5.10765958333333      -3.341492418474852E-002
  0.302332916666667        5.40799250000000      -3.141093048090921E-002
  0.302332916666667        5.70832541666667      -2.863934547227354E-002
  0.302332916666667        6.00865833333333      -2.555057294054633E-002
  0.302332916666667        6.30899125000000      -2.313413420900800E-002
  0.302332916666667        6.60932416666667      -2.323758789500587E-002
  0.302332916666667        6.90965708333333      -2.554431399245716E-002
  0.302332916666667        7.20999000000000      -2.184946579795093E-002
  0.602665833333333       2.000000000000000E-003 -0.220714750206012     
  0.602665833333333       0.302332916666667      -0.200548987467052     
  0.602665833333333       0.602665833333333      -0.175114192613641     
  0.602665833333333       0.902998750000000      -0.151374427965672     
  0.602665833333333        1.20333166666667      -0.127059589600177     
  0.602665833333333        1.50366458333333      -0.105355595393628     
  0.602665833333333        1.80399750000000      -8.783488503824534E-002
  0.602665833333333        2.10433041666667      -7.471983362685095E-002
  0.602665833333333        2.40466333333333      -6.513199481426983E-002
  0.602665833333333        2.70499625000000      -5.785553279032206E-002
  0.602665833333333        3.00532916666667      -5.386154142812069E-002
  0.602665833333333        3.30566208333333      -5.178521989521402E-002
  0.602665833333333        3.60599500000000      -4.886674035537963E-002
  0.602665833333333        3.90632791666667      -4.369397922367005E-002
  0.602665833333333        4.20666083333333      -3.933047878009314E-002
  0.602665833333333        4.50699375000000      -3.712770977662769E-002
  0.602665833333333        4.80732666666667      -3.562654635298002E-002
  0.602665833333333        5.10765958333333      -3.368772063641446E-002
  0.602665833333333        5.40799250000000      -3.112937756619012E-002
  0.602665833333333        5.70832541666667      -2.798592437209043E-002
  0.602665833333333        6.00865833333333      -2.475869119363338E-002
  0.602665833333333        6.30899125000000      -2.252909930429805E-002
  0.602665833333333        6.60932416666667      -2.267899136455308E-002
  0.602665833333333        6.90965708333333      -2.403939546227617E-002
  0.602665833333333        7.20999000000000      -2.175514893609560E-002
  0.902998750000000       2.000000000000000E-003 -0.211965623274255     
  0.902998750000000       0.302332916666667      -0.199160949938203     
  0.902998750000000       0.602665833333333      -0.174360823675105     
  0.902998750000000       0.902998750000000      -0.149825613935829     
  0.902998750000000        1.20333166666667      -0.127280382932912     
  0.902998750000000        1.50366458333333      -0.107274480528354     
  0.902998750000000        1.80399750000000      -9.054278373143480E-002
  0.902998750000000        2.10433041666667      -7.758537635434971E-002
  0.902998750000000        2.40466333333333      -6.777949374589565E-002
  0.902998750000000        2.70499625000000      -6.041060440648040E-002
  0.902998750000000        3.00532916666667      -5.558479141080257E-002
  0.902998750000000        3.30566208333333      -5.264247705419737E-002
  0.902998750000000        3.60599500000000      -4.973133973484074E-002
  0.902998750000000        3.90632791666667      -4.601456496427522E-002
  0.902998750000000        4.20666083333333      -4.240046379673454E-002
  0.902998750000000        4.50699375000000      -3.952467383921887E-002
  0.902998750000000        4.80732666666667      -3.687838913080842E-002
  0.902998750000000        5.10765958333333      -3.405482034604870E-002
  0.902998750000000        5.40799250000000      -3.092204525934929E-002
  0.902998750000000        5.70832541666667      -2.744020516771787E-002
  0.902998750000000        6.00865833333333      -2.404459348392796E-002
  0.902998750000000        6.30899125000000      -2.150663580699620E-002
  0.902998750000000        6.60932416666667      -2.047812087249586E-002
  0.902998750000000        6.90965708333333      -2.039234223215012E-002
  0.902998750000000        7.20999000000000      -1.984557105758868E-002
   1.20333166666667       2.000000000000000E-003 -0.198120498238243     
   1.20333166666667       0.302332916666667      -0.189773057843732     
   1.20333166666667       0.602665833333333      -0.170359589745340     
   1.20333166666667       0.902998750000000      -0.148366198921978     
   1.20333166666667        1.20333166666667      -0.127529108598369     
   1.20333166666667        1.50366458333333      -0.108864512327276     
   1.20333166666667        1.80399750000000      -9.291176928559734E-002
   1.20333166666667        2.10433041666667      -8.015307318562111E-002
   1.20333166666667        2.40466333333333      -7.027097448010414E-002
   1.20333166666667        2.70499625000000      -6.289513506996826E-002
   1.20333166666667        3.00532916666667      -5.766063825908808E-002
   1.20333166666667        3.30566208333333      -5.397525712485407E-002
   1.20333166666667        3.60599500000000      -5.088332843718088E-002
   1.20333166666667        3.90632791666667      -4.766507342213736E-002
   1.20333166666667        4.20666083333333      -4.434157867154397E-002
   1.20333166666667        4.50699375000000      -4.107577237786004E-002
   1.20333166666667        4.80732666666667      -3.778735444806768E-002
   1.20333166666667        5.10765958333333      -3.438426766712419E-002
   1.20333166666667        5.40799250000000      -3.082348124770590E-002
   1.20333166666667        5.70832541666667      -2.714867321098824E-002
   1.20333166666667        6.00865833333333      -2.370282479994038E-002
   1.20333166666667        6.30899125000000      -2.099042383213330E-002
   1.20333166666667        6.60932416666667      -1.938897719040615E-002
   1.20333166666667        6.90965708333333      -1.879421134633839E-002
   1.20333166666667        7.20999000000000      -1.876740890837524E-002
   1.50366458333333       2.000000000000000E-003 -0.180643518524787     
   1.50366458333333       0.302332916666667      -0.175161813800526     
   1.50366458333333       0.602665833333333      -0.161420172079413     
   1.50366458333333       0.902998750000000      -0.144041317374469     
   1.50366458333333        1.20333166666667      -0.126215086663335     
   1.50366458333333        1.50366458333333      -0.109428942477987     
   1.50366458333333        1.80399750000000      -9.461799899511281E-002
   1.50366458333333        2.10433041666667      -8.235011535809368E-002
   1.50366458333333        2.40466333333333      -7.254952778623994E-002
   1.50366458333333        2.70499625000000      -6.506120488128700E-002
   1.50366458333333        3.00532916666667      -5.953894426991808E-002
   1.50366458333333        3.30566208333333      -5.540663888039381E-002
   1.50366458333333        3.60599500000000      -5.197608322577643E-002
   1.50366458333333        3.90632791666667      -4.870126597287269E-002
   1.50366458333333        4.20666083333333      -4.533941304445378E-002
   1.50366458333333        4.50699375000000      -4.184272174062812E-002
   1.50366458333333        4.80732666666667      -3.822131272477462E-002
   1.50366458333333        5.10765958333333      -3.451944067153414E-002
   1.50366458333333        5.40799250000000      -3.080056174953992E-002
   1.50366458333333        5.70832541666667      -2.713485140199563E-002
   1.50366458333333        6.00865833333333      -2.380912035060833E-002
   1.50366458333333        6.30899125000000      -2.118745891113235E-002
   1.50366458333333        6.60932416666667      -1.950509617085434E-002
   1.50366458333333        6.90965708333333      -1.874440063757473E-002
   1.50366458333333        7.20999000000000      -1.864132956781627E-002
   1.80399750000000       2.000000000000000E-003 -0.164563192390380     
   1.80399750000000       0.302332916666667      -0.160988597778130     
   1.80399750000000       0.602665833333333      -0.151438412078754     
   1.80399750000000       0.902998750000000      -0.138366260315468     
   1.80399750000000        1.20333166666667      -0.123782113284234     
   1.80399750000000        1.50366458333333      -0.109231906852476     
   1.80399750000000        1.80399750000000      -9.590193515167859E-002
   1.80399750000000        2.10433041666667      -8.426010861808288E-002
   1.80399750000000        2.40466333333333      -7.459855412157870E-002
   1.80399750000000        2.70499625000000      -6.697834220652910E-002
   1.80399750000000        3.00532916666667      -6.115353976895423E-002
   1.80399750000000        3.30566208333333      -5.663042827811256E-002
   1.80399750000000        3.60599500000000      -5.283257141788356E-002
   1.80399750000000        3.90632791666667      -4.928375244281613E-002
   1.80399750000000        4.20666083333333      -4.570668678177611E-002
   1.80399750000000        4.50699375000000      -4.200578819394456E-002
   1.80399750000000        4.80732666666667      -3.820442668351363E-002
   1.80399750000000        5.10765958333333      -3.439729228552555E-002
   1.80399750000000        5.40799250000000      -3.071338729355044E-002
   1.80399750000000        5.70832541666667      -2.728067921413048E-002
   1.80399750000000        6.00865833333333      -2.423241846867408E-002
   1.80399750000000        6.30899125000000      -2.183464203202111E-002
   1.80399750000000        6.60932416666667      -2.024513029629813E-002
   1.80399750000000        6.90965708333333      -1.940744421055200E-002
   1.80399750000000        7.20999000000000      -1.911012230695838E-002
   2.10433041666667       2.000000000000000E-003 -0.153477016571734     
   2.10433041666667       0.302332916666667      -0.150871450955618     
   2.10433041666667       0.602665833333333      -0.143891642575116     
   2.10433041666667       0.902998750000000      -0.133650005416342     
   2.10433041666667        1.20333166666667      -0.121722005714394     
   2.10433041666667        1.50366458333333      -0.109233170263270     
   2.10433041666667        1.80399750000000      -9.705072740030514E-002
   2.10433041666667        2.10433041666667      -8.590646024917969E-002
   2.10433041666667        2.40466333333333      -7.633739449969486E-002
   2.10433041666667        2.70499625000000      -6.855849025229291E-002
   2.10433041666667        3.00532916666667      -6.242008066674129E-002
   2.10433041666667        3.30566208333333      -5.750550903048268E-002
   2.10433041666667        3.60599500000000      -5.331396872098421E-002
   2.10433041666667        3.90632791666667      -4.942790083278882E-002
   2.10433041666667        4.20666083333333      -4.559479337083453E-002
   2.10433041666667        4.50699375000000      -4.172335478164670E-002
   2.10433041666667        4.80732666666667      -3.784150902149418E-002
   2.10433041666667        5.10765958333333      -3.405441693413835E-002
   2.10433041666667        5.40799250000000      -3.050702522031137E-002
   2.10433041666667        5.70832541666667      -2.734568306526771E-002
   2.10433041666667        6.00865833333333      -2.468756826146568E-002
   2.10433041666667        6.30899125000000      -2.261165166583360E-002
   2.10433041666667        6.60932416666667      -2.116103272961083E-002
   2.10433041666667        6.90965708333333      -2.032161520032637E-002
   2.10433041666667        7.20999000000000      -1.989083813911472E-002
   2.40466333333333       2.000000000000000E-003 -0.148771974625463     
   2.40466333333333       0.302332916666667      -0.146564926619689     
   2.40466333333333       0.602665833333333      -0.140530603976432     
   2.40466333333333       0.902998750000000      -0.131689705466973     
   2.40466333333333        1.20333166666667      -0.121098297531903     
   2.40466333333333        1.50366458333333      -0.109631862115944     
   2.40466333333333        1.80399750000000      -9.808089260024223E-002
   2.40466333333333        2.10433041666667      -8.721151177183663E-002
   2.40466333333333        2.40466333333333      -7.764357144203893E-002
   2.40466333333333        2.70499625000000      -6.967751454235566E-002
   2.40466333333333        3.00532916666667      -6.323446018685507E-002
   2.40466333333333        3.30566208333333      -5.795761330753251E-002
   2.40466333333333        3.60599500000000      -5.340305605355290E-002
   2.40466333333333        3.90632791666667      -4.920477601493649E-002
   2.40466333333333        4.20666083333333      -4.514722082661352E-002
   2.40466333333333        4.50699375000000      -4.115787188793218E-002
   2.40466333333333        4.80732666666667      -3.726796658186980E-002
   2.40466333333333        5.10765958333333      -3.357493400205872E-002
   2.40466333333333        5.40799250000000      -3.020926499087541E-002
   2.40466333333333        5.70832541666667      -2.729832712880021E-002
   2.40466333333333        6.00865833333333      -2.493102962425095E-002
   2.40466333333333        6.30899125000000      -2.314083744263147E-002
   2.40466333333333        6.60932416666667      -2.191375465700647E-002
   2.40466333333333        6.90965708333333      -2.119202965528793E-002
   2.40466333333333        7.20999000000000      -2.082198569581573E-002
   2.70499625000000       2.000000000000000E-003 -0.150390208288040     
   2.70499625000000       0.302332916666667      -0.148202771263789     
   2.70499625000000       0.602665833333333      -0.141999580588009     
   2.70499625000000       0.902998750000000      -0.132545045328236     
   2.70499625000000        1.20333166666667      -0.121588370761201     
   2.70499625000000        1.50366458333333      -0.110219350651325     
   2.70499625000000        1.80399750000000      -9.885641610350043E-002
   2.70499625000000        2.10433041666667      -8.806425745140777E-002
   2.70499625000000        2.40466333333333      -7.842072596783889E-002
   2.70499625000000        2.70499625000000      -7.025932729092858E-002
   2.70499625000000        3.00532916666667      -6.355004739973645E-002
   2.70499625000000        3.30566208333333      -5.797965213012884E-002
   2.70499625000000        3.60599500000000      -5.314378022210212E-002
   2.70499625000000        3.90632791666667      -4.871307466285058E-002
   2.70499625000000        4.20666083333333      -4.450119468045599E-002
   2.70499625000000        4.50699375000000      -4.045322484960916E-002
   2.70499625000000        4.80732666666667      -3.660363212148883E-002
   2.70499625000000        5.10765958333333      -3.303697419904744E-002
   2.70499625000000        5.40799250000000      -2.985725284281594E-002
   2.70499625000000        5.70832541666667      -2.715691337599822E-002
   2.70499625000000        6.00865833333333      -2.498715177489000E-002
   2.70499625000000        6.30899125000000      -2.335226336392174E-002
   2.70499625000000        6.60932416666667      -2.229620659541006E-002
   2.70499625000000        6.90965708333333      -2.179092972681599E-002
   2.70499625000000        7.20999000000000      -2.166602301375642E-002
   3.00532916666667       2.000000000000000E-003 -0.154661927602040     
   3.00532916666667       0.302332916666667      -0.152693228325006     
   3.00532916666667       0.602665833333333      -0.145954112497719     
   3.00532916666667       0.902998750000000      -0.135186364642540     
   3.00532916666667        1.20333166666667      -0.122645330292695     
   3.00532916666667        1.50366458333333      -0.110646167136271     
   3.00532916666667        1.80399750000000      -9.919730955773488E-002
   3.00532916666667        2.10433041666667      -8.838100958804747E-002
   3.00532916666667        2.40466333333333      -7.863877320467684E-002
   3.00532916666667        2.70499625000000      -7.030804313636986E-002
   3.00532916666667        3.00532916666667      -6.339630410806670E-002
   3.00532916666667        3.30566208333333      -5.762283736668884E-002
   3.00532916666667        3.60599500000000      -5.260915124530099E-002
   3.00532916666667        3.90632791666667      -4.804667287238072E-002
   3.00532916666667        4.20666083333333      -4.376222695847493E-002
   3.00532916666667        4.50699375000000      -3.971001210226206E-002
   3.00532916666667        4.80732666666667      -3.592791244955985E-002
   3.00532916666667        5.10765958333333      -3.249015888436289E-002
   3.00532916666667        5.40799250000000      -2.947399924190317E-002
   3.00532916666667        5.70832541666667      -2.693228565002462E-002
   3.00532916666667        6.00865833333333      -2.486886011521696E-002
   3.00532916666667        6.30899125000000      -2.331320543452842E-002
   3.00532916666667        6.60932416666667      -2.240474628497896E-002
   3.00532916666667        6.90965708333333      -2.200425304583583E-002
   3.00532916666667        7.20999000000000      -2.210881590984212E-002
   3.30566208333333       2.000000000000000E-003 -0.153615618465763     
   3.30566208333333       0.302332916666667      -0.154533806299587     
   3.30566208333333       0.602665833333333      -0.148462080222686     
   3.30566208333333       0.902998750000000      -0.136688451045000     
   3.30566208333333        1.20333166666667      -0.123159058546850     
   3.30566208333333        1.50366458333333      -0.110399522370884     
   3.30566208333333        1.80399750000000      -9.889316311323693E-002
   3.30566208333333        2.10433041666667      -8.809553917130827E-002
   3.30566208333333        2.40466333333333      -7.830693200469277E-002
   3.30566208333333        2.70499625000000      -6.987529983392710E-002
   3.30566208333333        3.00532916666667      -6.284629107612481E-002
   3.30566208333333        3.30566208333333      -5.696630314830060E-002
   3.30566208333333        3.60599500000000      -5.187510114126043E-002
   3.30566208333333        3.90632791666667      -4.727527848387540E-002
   3.30566208333333        4.20666083333333      -4.299214116844268E-002
   3.30566208333333        4.50699375000000      -3.897982023432312E-002
   3.30566208333333        4.80732666666667      -3.527962981102330E-002
   3.30566208333333        5.10765958333333      -3.196013791752206E-002
   3.30566208333333        5.40799250000000      -2.907717580882190E-002
   3.30566208333333        5.70832541666667      -2.664616129710309E-002
   3.30566208333333        6.00865833333333      -2.461586757386186E-002
   3.30566208333333        6.30899125000000      -2.312308195740766E-002
   3.30566208333333        6.60932416666667      -2.228342110210239E-002
   3.30566208333333        6.90965708333333      -2.177857923575000E-002
   3.30566208333333        7.20999000000000      -2.165688018414209E-002
   3.60599500000000       2.000000000000000E-003 -0.142210797480107     
   3.60599500000000       0.302332916666667      -0.148758212546164     
   3.60599500000000       0.602665833333333      -0.144196582331724     
   3.60599500000000       0.902998750000000      -0.133802866999657     
   3.60599500000000        1.20333166666667      -0.121253343293522     
   3.60599500000000        1.50366458333333      -0.108855356207573     
   3.60599500000000        1.80399750000000      -9.769271827097391E-002
   3.60599500000000        2.10433041666667      -8.710367818422947E-002
   3.60599500000000        2.40466333333333      -7.739986432098322E-002
   3.60599500000000        2.70499625000000      -6.898439438198870E-002
   3.60599500000000        3.00532916666667      -6.195031778363316E-002
   3.60599500000000        3.30566208333333      -5.606984645369832E-002
   3.60599500000000        3.60599500000000      -5.099509298691164E-002
   3.60599500000000        3.90632791666667      -4.643395844935203E-002
   3.60599500000000        4.20666083333333      -4.220822624983279E-002
   3.60599500000000        4.50699375000000      -3.827110862288877E-002
   3.60599500000000        4.80732666666667      -3.466606724333065E-002
   3.60599500000000        5.10765958333333      -3.145754582252872E-002
   3.60599500000000        5.40799250000000      -2.868618622476888E-002
   3.60599500000000        5.70832541666667      -2.633985028866144E-002
   3.60599500000000        6.00865833333333      -2.432742708238313E-002
   3.60599500000000        6.30899125000000      -2.281341698782569E-002
   3.60599500000000        6.60932416666667      -2.192570714186656E-002
   3.60599500000000        6.90965708333333      -2.143276576232864E-002
   3.60599500000000        7.20999000000000      -2.084347616027348E-002
   3.90632791666667       2.000000000000000E-003 -0.131906493776087     
   3.90632791666667       0.302332916666667      -0.133186130272065     
   3.90632791666667       0.602665833333333      -0.131966383033375     
   3.90632791666667       0.902998750000000      -0.125908848275587     
   3.90632791666667        1.20333166666667      -0.116250520269173     
   3.90632791666667        1.50366458333333      -0.105648221720681     
   3.90632791666667        1.80399750000000      -9.535413855601589E-002
   3.90632791666667        2.10433041666667      -8.523216505728165E-002
   3.90632791666667        2.40466333333333      -7.580395277959036E-002
   3.90632791666667        2.70499625000000      -6.756993817408724E-002
   3.90632791666667        3.00532916666667      -6.067454119189210E-002
   3.90632791666667        3.30566208333333      -5.491557206654720E-002
   3.90632791666667        3.60599500000000      -4.995305421961295E-002
   3.90632791666667        3.90632791666667      -4.549670653672678E-002
   3.90632791666667        4.20666083333333      -4.137708222737128E-002
   3.90632791666667        4.50699375000000      -3.755356780573253E-002
   3.90632791666667        4.80732666666667      -3.406756950623653E-002
   3.90632791666667        5.10765958333333      -3.097620058888812E-002
   3.90632791666667        5.40799250000000      -2.830982384073442E-002
   3.90632791666667        5.70832541666667      -2.604544956103045E-002
   3.90632791666667        6.00865833333333      -2.407637095874766E-002
   3.90632791666667        6.30899125000000      -2.245177978991042E-002
   3.90632791666667        6.60932416666667      -2.125689174682608E-002
   3.90632791666667        6.90965708333333      -2.032919824747358E-002
   3.90632791666667        7.20999000000000      -1.968009072520290E-002
   4.20666083333333       2.000000000000000E-003 -0.114852841657700     
   4.20666083333333       0.302332916666667      -0.116723525805178     
   4.20666083333333       0.602665833333333      -0.118369835640807     
   4.20666083333333       0.902998750000000      -0.115916884386134     
   4.20666083333333        1.20333166666667      -0.109254166823483     
   4.20666083333333        1.50366458333333      -0.100888986220037     
   4.20666083333333        1.80399750000000      -9.170963210596250E-002
   4.20666083333333        2.10433041666667      -8.227184133912216E-002
   4.20666083333333        2.40466333333333      -7.333522729735806E-002
   4.20666083333333        2.70499625000000      -6.548211199670624E-002
   4.20666083333333        3.00532916666667      -5.889150595214849E-002
   4.20666083333333        3.30566208333333      -5.338377943937788E-002
   4.20666083333333        3.60599500000000      -4.863326897458649E-002
   4.20666083333333        3.90632791666667      -4.436128545628411E-002
   4.20666083333333        4.20666083333333      -4.041571242376976E-002
   4.20666083333333        4.50699375000000      -3.676346098651140E-002
   4.20666083333333        4.80732666666667      -3.343800729590600E-002
   4.20666083333333        5.10765958333333      -3.048409767592201E-002
   4.20666083333333        5.40799250000000      -2.792517067546061E-002
   4.20666083333333        5.70832541666667      -2.574371735352439E-002
   4.20666083333333        6.00865833333333      -2.386084288792921E-002
   4.20666083333333        6.30899125000000      -2.218993135632125E-002
   4.20666083333333        6.60932416666667      -2.076905171487324E-002
   4.20666083333333        6.90965708333333      -1.951849230174588E-002
   4.20666083333333        7.20999000000000      -1.872677765652563E-002
   4.50699375000000       2.000000000000000E-003 -0.105929499013332     
   4.50699375000000       0.302332916666667      -0.107050452844572     
   4.50699375000000       0.602665833333333      -0.108184737667124     
   4.50699375000000       0.902998750000000      -0.106485180716098     
   4.50699375000000        1.20333166666667      -0.101678753012648     
   4.50699375000000        1.50366458333333      -9.484149704536736E-002
   4.50699375000000        1.80399750000000      -8.669183750102968E-002
   4.50699375000000        2.10433041666667      -7.806936681683532E-002
   4.50699375000000        2.40466333333333      -6.982823858456752E-002
   4.50699375000000        2.70499625000000      -6.256028321552598E-002
   4.50699375000000        3.00532916666667      -5.644488447974143E-002
   4.50699375000000        3.30566208333333      -5.132045799579201E-002
   4.50699375000000        3.60599500000000      -4.688989998227870E-002
   4.50699375000000        3.90632791666667      -4.290191262331408E-002
   4.50699375000000        4.20666083333333      -3.922291279148189E-002
   4.50699375000000        4.50699375000000      -3.582000936790816E-002
   4.50699375000000        4.80732666666667      -3.271058255439140E-002
   4.50699375000000        5.10765958333333      -2.992173604722928E-002
   4.50699375000000        5.40799250000000      -2.747156233618004E-002
   4.50699375000000        5.70832541666667      -2.535804588033483E-002
   4.50699375000000        6.00865833333333      -2.354588582569197E-002
   4.50699375000000        6.30899125000000      -2.196718254820852E-002
   4.50699375000000        6.60932416666667      -2.059118541954846E-002
   4.50699375000000        6.90965708333333      -1.944895029295348E-002
   4.50699375000000        7.20999000000000      -1.870795838705162E-002
   4.80732666666667       2.000000000000000E-003 -0.100609577149768     
   4.80732666666667       0.302332916666667      -0.100759695952683     
   4.80732666666667       0.602665833333333      -0.100266877189449     
   4.80732666666667       0.902998750000000      -9.805103306010293E-002
   4.80732666666667        1.20333166666667      -9.378139400900586E-002
   4.80732666666667        1.50366458333333      -8.769835395036707E-002
   4.80732666666667        1.80399750000000      -8.038643041846621E-002
   4.80732666666667        2.10433041666667      -7.264474448891389E-002
   4.80732666666667        2.40466333333333      -6.525701992673545E-002
   4.80732666666667        2.70499625000000      -5.874222413844693E-002
   4.80732666666667        3.00532916666667      -5.324716803704455E-002
   4.80732666666667        3.30566208333333      -4.862675960240620E-002
   4.80732666666667        3.60599500000000      -4.462558015388020E-002
   4.80732666666667        3.90632791666667      -4.102934067870373E-002
   4.80732666666667        4.20666083333333      -3.771899152461243E-002
   4.80732666666667        4.50699375000000      -3.465050141642973E-002
   4.80732666666667        4.80732666666667      -3.181519130813921E-002
   4.80732666666667        5.10765958333333      -2.921721943875456E-002
   4.80732666666667        5.40799250000000      -2.686958413315800E-002
   4.80732666666667        5.70832541666667      -2.479001481489644E-002
   4.80732666666667        6.00865833333333      -2.298853762471342E-002
   4.80732666666667        6.30899125000000      -2.146012116940033E-002
   4.80732666666667        6.60932416666667      -2.019878497569718E-002
   4.80732666666667        6.90965708333333      -1.921999490688689E-002
   4.80732666666667        7.20999000000000      -1.854003917685833E-002
   5.10765958333333       2.000000000000000E-003 -9.558871973405025E-002
   5.10765958333333       0.302332916666667      -9.507333197039573E-002
   5.10765958333333       0.602665833333333      -9.338267314727337E-002
   5.10765958333333       0.902998750000000      -9.016212757843332E-002
   5.10765958333333        1.20333166666667      -8.555454011232252E-002
   5.10765958333333        1.50366458333333      -7.973360417637733E-002
   5.10765958333333        1.80399750000000      -7.310314745700526E-002
   5.10765958333333        2.10433041666667      -6.626305493552587E-002
   5.10765958333333        2.40466333333333      -5.981266021583626E-002
   5.10765958333333        2.70499625000000      -5.414147417307071E-002
   5.10765958333333        3.00532916666667      -4.934791591509972E-002
   5.10765958333333        3.30566208333333      -4.530992288598182E-002
   5.10765958333333        3.60599500000000      -4.182476432383985E-002
   5.10765958333333        3.90632791666667      -3.871641972116054E-002
   5.10765958333333        4.20666083333333      -3.586920812815458E-002
   5.10765958333333        4.50699375000000      -3.321274169115900E-002
   5.10765958333333        4.80732666666667      -3.070158869661544E-002
   5.10765958333333        5.10765958333333      -2.831265603429220E-002
   5.10765958333333        5.40799250000000      -2.605315695722154E-002
   5.10765958333333        5.70832541666667      -2.396047893880622E-002
   5.10765958333333        6.00865833333333      -2.208985289582670E-002
   5.10765958333333        6.30899125000000      -2.050199888157912E-002
   5.10765958333333        6.60932416666667      -1.925275856668914E-002
   5.10765958333333        6.90965708333333      -1.835416506776174E-002
   5.10765958333333        7.20999000000000      -1.775868246524925E-002
   5.40799250000000       2.000000000000000E-003 -8.943060461154664E-002
   5.40799250000000       0.302332916666667      -8.869361878774433E-002
   5.40799250000000       0.602665833333333      -8.628470744513794E-002
   5.40799250000000       0.902998750000000      -8.236462693843752E-002
   5.40799250000000        1.20333166666667      -7.722044899612673E-002
   5.40799250000000        1.50366458333333      -7.138391728352743E-002
   5.40799250000000        1.80399750000000      -6.534081518108228E-002
   5.40799250000000        2.10433041666667      -5.939165723089415E-002
   5.40799250000000        2.40466333333333      -5.387814772713678E-002
   5.40799250000000        2.70499625000000      -4.903784912235139E-002
   5.40799250000000        3.00532916666667      -4.492875534768181E-002
   5.40799250000000        3.30566208333333      -4.147396560399116E-002
   5.40799250000000        3.60599500000000      -3.854149110459933E-002
   5.40799250000000        3.90632791666667      -3.599016525432459E-002
   5.40799250000000        4.20666083333333      -3.368463768936938E-002
   5.40799250000000        4.50699375000000      -3.150466313507507E-002
   5.40799250000000        4.80732666666667      -2.935661312910522E-002
   5.40799250000000        5.10765958333333      -2.718793681532876E-002
   5.40799250000000        5.40799250000000      -2.499787724827522E-002
   5.40799250000000        5.70832541666667      -2.283521514772269E-002
   5.40799250000000        6.00865833333333      -2.079804296684006E-002
   5.40799250000000        6.30899125000000      -1.905783966215411E-002
   5.40799250000000        6.60932416666667      -1.773354681501687E-002
   5.40799250000000        6.90965708333333      -1.686142753170272E-002
   5.40799250000000        7.20999000000000      -1.638897786485253E-002
   5.70832541666667       2.000000000000000E-003 -8.100673897298243E-002
   5.70832541666667       0.302332916666667      -8.030135326957567E-002
   5.70832541666667       0.602665833333333      -7.789373022028179E-002
   5.70832541666667       0.902998750000000      -7.378491070758190E-002
   5.70832541666667        1.20333166666667      -6.857517375897643E-002
   5.70832541666667        1.50366458333333      -6.301447260252803E-002
   5.70832541666667        1.80399750000000      -5.761166683531515E-002
   5.70832541666667        2.10433041666667      -5.255616524084909E-002
   5.70832541666667        2.40466333333333      -4.791768955270161E-002
   5.70832541666667        2.70499625000000      -4.378973151458003E-002
   5.70832541666667        3.00532916666667      -4.021973734544037E-002
   5.70832541666667        3.30566208333333      -3.723182781859108E-002
   5.70832541666667        3.60599500000000      -3.482133456236537E-002
   5.70832541666667        3.90632791666667      -3.287993878852366E-002
   5.70832541666667        4.20666083333333      -3.119689311224503E-002
   5.70832541666667        4.50699375000000      -2.955724982462366E-002
   5.70832541666667        4.80732666666667      -2.780845609908689E-002
   5.70832541666667        5.10765958333333      -2.587327655537924E-002
   5.70832541666667        5.40799250000000      -2.374064636713547E-002
   5.70832541666667        5.70832541666667      -2.146175230271065E-002
   5.70832541666667        6.00865833333333      -1.923876207229792E-002
   5.70832541666667        6.30899125000000      -1.730903897250089E-002
   5.70832541666667        6.60932416666667      -1.586230128775663E-002
   5.70832541666667        6.90965708333333      -1.499239003217871E-002
   5.70832541666667        7.20999000000000      -1.466966891115914E-002
   6.00865833333333       2.000000000000000E-003 -6.890996448655032E-002
   6.00865833333333       0.302332916666667      -6.902808695947898E-002
   6.00865833333333       0.602665833333333      -6.788475633539766E-002
   6.00865833333333       0.902998750000000      -6.443841599099873E-002
   6.00865833333333        1.20333166666667      -5.966249538009880E-002
   6.00865833333333        1.50366458333333      -5.476124487405246E-002
   6.00865833333333        1.80399750000000      -5.026626733589509E-002
   6.00865833333333        2.10433041666667      -4.619701341948450E-002
   6.00865833333333        2.40466333333333      -4.236049670580097E-002
   6.00865833333333        2.70499625000000      -3.872862955510570E-002
   6.00865833333333        3.00532916666667      -3.535828273692745E-002
   6.00865833333333        3.30566208333333      -3.250716140511153E-002
   6.00865833333333        3.60599500000000      -3.053181363808416E-002
   6.00865833333333        3.90632791666667      -2.930828469412428E-002
   6.00865833333333        4.20666083333333      -2.841197310687319E-002
   6.00865833333333        4.50699375000000      -2.741729250446194E-002
   6.00865833333333        4.80732666666667      -2.612075773523590E-002
   6.00865833333333        5.10765958333333      -2.445069522427214E-002
   6.00865833333333        5.40799250000000      -2.239901744871790E-002
   6.00865833333333        5.70832541666667      -2.006284761867854E-002
   6.00865833333333        6.00865833333333      -1.770932592986797E-002
   6.00865833333333        6.30899125000000      -1.567382986065483E-002
   6.00865833333333        6.60932416666667      -1.421917112210879E-002
   6.00865833333333        6.90965708333333      -1.338938806393556E-002
   6.00865833333333        7.20999000000000      -1.313622931268213E-002
   6.30899125000000       2.000000000000000E-003 -5.213231174915980E-002
   6.30899125000000       0.302332916666667      -5.492019446093716E-002
   6.30899125000000       0.602665833333333      -5.717145373634343E-002
   6.30899125000000       0.902998750000000      -5.497839656264514E-002
   6.30899125000000        1.20333166666667      -5.091148805261286E-002
   6.30899125000000        1.50366458333333      -4.698446813601326E-002
   6.30899125000000        1.80399750000000      -4.361986698699305E-002
   6.30899125000000        2.10433041666667      -4.063585707571270E-002
   6.30899125000000        2.40466333333333      -3.756793370531469E-002
   6.30899125000000        2.70499625000000      -3.413290495514523E-002
   6.30899125000000        3.00532916666667      -3.060330977476969E-002
   6.30899125000000        3.30566208333333      -2.785739172640175E-002
   6.30899125000000        3.60599500000000      -2.630830064238056E-002
   6.30899125000000        3.90632791666667      -2.565469113285867E-002
   6.30899125000000        4.20666083333333      -2.540319348572146E-002
   6.30899125000000        4.50699375000000      -2.513834609176540E-002
   6.30899125000000        4.80732666666667      -2.438538301273389E-002
   6.30899125000000        5.10765958333333      -2.304362066383371E-002
   6.30899125000000        5.40799250000000      -2.115947879711038E-002
   6.30899125000000        5.70832541666667      -1.886618715041069E-002
   6.30899125000000        6.00865833333333      -1.653682501550081E-002
   6.30899125000000        6.30899125000000      -1.470738601297405E-002
   6.30899125000000        6.60932416666667      -1.374347326234198E-002
   6.30899125000000        6.90965708333333      -1.323819773566699E-002
   6.30899125000000        7.20999000000000      -1.262566254553423E-002
   6.60932416666667       2.000000000000000E-003 -3.433364397946176E-002
   6.60932416666667       0.302332916666667      -4.290814024349594E-002
   6.60932416666667       0.602665833333333      -4.886195838545045E-002
   6.60932416666667       0.902998750000000      -4.654351641976012E-002
   6.60932416666667        1.20333166666667      -4.290886978038358E-002
   6.60932416666667        1.50366458333333      -4.015127151708898E-002
   6.60932416666667        1.80399750000000      -3.806577764611822E-002
   6.60932416666667        2.10433041666667      -3.615630089614733E-002
   6.60932416666667        2.40466333333333      -3.390760204411424E-002
   6.60932416666667        2.70499625000000      -3.080449872543689E-002
   6.60932416666667        3.00532916666667      -2.752984057319129E-002
   6.60932416666667        3.30566208333333      -2.489988680045611E-002
   6.60932416666667        3.60599500000000      -2.375305625064409E-002
   6.60932416666667        3.90632791666667      -2.313776947965717E-002
   6.60932416666667        4.20666083333333      -2.280354210952868E-002
   6.60932416666667        4.50699375000000      -2.289617060863560E-002
   6.60932416666667        4.80732666666667      -2.272326946423387E-002
   6.60932416666667        5.10765958333333      -2.178372601301857E-002
   6.60932416666667        5.40799250000000      -2.014035782485771E-002
   6.60932416666667        5.70832541666667      -1.801384539033677E-002
   6.60932416666667        6.00865833333333      -1.590108026779167E-002
   6.60932416666667        6.30899125000000      -1.465789711017368E-002
   6.60932416666667        6.60932416666667      -1.506129580807871E-002
   6.60932416666667        6.90965708333333      -1.560925273195623E-002
   6.60932416666667        7.20999000000000      -1.350757168310974E-002
   6.90965708333333       2.000000000000000E-003 -3.543717474867878E-002
   6.90965708333333       0.302332916666667      -4.329803475162077E-002
   6.90965708333333       0.602665833333333      -4.413790466783836E-002
   6.90965708333333       0.902998750000000      -3.946582651392327E-002
   6.90965708333333        1.20333166666667      -3.636179762842905E-002
   6.90965708333333        1.50366458333333      -3.485178012360374E-002
   6.90965708333333        1.80399750000000      -3.394182719777888E-002
   6.90965708333333        2.10433041666667      -3.305910174075861E-002
   6.90965708333333        2.40466333333333      -3.176702150047455E-002
   6.90965708333333        2.70499625000000      -2.983244558514120E-002
   6.90965708333333        3.00532916666667      -2.743675449362942E-002
   6.90965708333333        3.30566208333333      -2.520141536470136E-002
   6.90965708333333        3.60599500000000      -2.483007874132661E-002
   6.90965708333333        3.90632791666667      -2.285224720701344E-002
   6.90965708333333        4.20666083333333      -2.108810789540231E-002
   6.90965708333333        4.50699375000000      -2.110128510676346E-002
   6.90965708333333        4.80732666666667      -2.130538651586716E-002
   6.90965708333333        5.10765958333333      -2.073818464878424E-002
   6.90965708333333        5.40799250000000      -1.936838542492472E-002
   6.90965708333333        5.70832541666667      -1.750065326652661E-002
   6.90965708333333        6.00865833333333      -1.566246389729556E-002
   6.90965708333333        6.30899125000000      -1.483153275331228E-002
   6.90965708333333        6.60932416666667      -1.615583058812884E-002
   6.90965708333333        6.90965708333333      -1.722613298320202E-002
   6.90965708333333        7.20999000000000      -1.259990001217151E-002
   7.20999000000000       2.000000000000000E-003 -3.859165325966543E-002
   7.20999000000000       0.302332916666667      -3.719124032786628E-002
   7.20999000000000       0.602665833333333      -3.663316914093796E-002
   7.20999000000000       0.902998750000000      -3.389829390981353E-002
   7.20999000000000        1.20333166666667      -3.226833042249089E-002
   7.20999000000000        1.50366458333333      -3.165295924884672E-002
   7.20999000000000        1.80399750000000      -3.143720496106654E-002
   7.20999000000000        2.10433041666667      -3.127137373670889E-002
   7.20999000000000        2.40466333333333      -3.111153927548508E-002
   7.20999000000000        2.70499625000000      -3.094309899688481E-002
   7.20999000000000        3.00532916666667      -3.051534055009966E-002
   7.20999000000000        3.30566208333333      -2.893603560352016E-002
   7.20999000000000        3.60599500000000      -2.715073777823986E-002
   7.20999000000000        3.90632791666667      -2.344128017416516E-002
   7.20999000000000        4.20666083333333      -2.050808071476644E-002
   7.20999000000000        4.50699375000000      -2.018837207762833E-002
   7.20999000000000        4.80732666666667      -2.035753751389274E-002
   7.20999000000000        5.10765958333333      -1.992605357974095E-002
   7.20999000000000        5.40799250000000      -1.876239014589988E-002
   7.20999000000000        5.70832541666667      -1.718090629005882E-002
   7.20999000000000        6.00865833333333      -1.556010631800679E-002
   7.20999000000000        6.30899125000000      -1.445075796937528E-002
   7.20999000000000        6.60932416666667      -1.419555014247801E-002
   7.20999000000000        6.90965708333333      -1.309544672542848E-002
   7.20999000000000        7.20999000000000      -9.502808585462730E-003
