  2.000000000000000E-003  2.000000000000000E-003 -0.333394261476187     
  2.000000000000000E-003  0.302332916666667      -0.285238039501288     
  2.000000000000000E-003  0.602665833333333      -0.258632654885847     
  2.000000000000000E-003  0.902998750000000      -0.246515334176761     
  2.000000000000000E-003   1.20333166666667      -0.245392274623648     
  2.000000000000000E-003   1.50366458333333      -0.245851541213069     
  2.000000000000000E-003   1.80399750000000      -0.242592374602340     
  2.000000000000000E-003   2.10433041666667      -0.234267744664483     
  2.000000000000000E-003   2.40466333333333      -0.221933517207274     
  2.000000000000000E-003   2.70499625000000      -0.208148501448895     
  2.000000000000000E-003   3.00532916666667      -0.195866353726906     
  2.000000000000000E-003   3.30566208333333      -0.190946223730214     
  2.000000000000000E-003   3.60599500000000      -0.187115226036374     
  2.000000000000000E-003   3.90632791666667      -0.177441723829499     
  2.000000000000000E-003   4.20666083333333      -0.165391100067740     
  2.000000000000000E-003   4.50699375000000      -0.149768527277205     
  2.000000000000000E-003   4.80732666666667      -0.134412324658451     
  2.000000000000000E-003   5.10765958333333      -0.120697884165075     
  2.000000000000000E-003   5.40799250000000      -0.108915491515030     
  2.000000000000000E-003   5.70832541666667      -9.879854675472403E-002
  2.000000000000000E-003   6.00865833333333      -9.031497137478806E-002
  2.000000000000000E-003   6.30899125000000      -8.364842960397281E-002
  2.000000000000000E-003   6.60932416666667      -7.861766749030441E-002
  2.000000000000000E-003   6.90965708333333      -7.274177222283899E-002
  2.000000000000000E-003   7.20999000000000      -6.917528095927050E-002
  0.302332916666667       2.000000000000000E-003 -0.270978811120972     
  0.302332916666667       0.302332916666667      -0.306500837014750     
  0.302332916666667       0.602665833333333      -0.307068907420485     
  0.302332916666667       0.902998750000000      -0.293464347076824     
  0.302332916666667        1.20333166666667      -0.285092425893464     
  0.302332916666667        1.50366458333333      -0.277965889426669     
  0.302332916666667        1.80399750000000      -0.268079949232315     
  0.302332916666667        2.10433041666667      -0.254078075052065     
  0.302332916666667        2.40466333333333      -0.237035573197142     
  0.302332916666667        2.70499625000000      -0.219058327654021     
  0.302332916666667        3.00532916666667      -0.202119192469754     
  0.302332916666667        3.30566208333333      -0.192244935478429     
  0.302332916666667        3.60599500000000      -0.189585759203468     
  0.302332916666667        3.90632791666667      -0.182108645279319     
  0.302332916666667        4.20666083333333      -0.169393651550436     
  0.302332916666667        4.50699375000000      -0.154049552741411     
  0.302332916666667        4.80732666666667      -0.138887236522532     
  0.302332916666667        5.10765958333333      -0.125150259821767     
  0.302332916666667        5.40799250000000      -0.113166980962259     
  0.302332916666667        5.70832541666667      -0.102814516076882     
  0.302332916666667        6.00865833333333      -9.414081333607452E-002
  0.302332916666667        6.30899125000000      -8.753465744787445E-002
  0.302332916666667        6.60932416666667      -8.307265884760501E-002
  0.302332916666667        6.90965708333333      -7.837939483826216E-002
  0.302332916666667        7.20999000000000      -7.081357885096323E-002
  0.602665833333333       2.000000000000000E-003 -0.278987566818039     
  0.602665833333333       0.302332916666667      -0.325925290168347     
  0.602665833333333       0.602665833333333      -0.359762111758460     
  0.602665833333333       0.902998750000000      -0.351344219653130     
  0.602665833333333        1.20333166666667      -0.332744447160206     
  0.602665833333333        1.50366458333333      -0.313664994315603     
  0.602665833333333        1.80399750000000      -0.294107469518615     
  0.602665833333333        2.10433041666667      -0.273216040525108     
  0.602665833333333        2.40466333333333      -0.251817695619993     
  0.602665833333333        2.70499625000000      -0.231314278552613     
  0.602665833333333        3.00532916666667      -0.212065668460677     
  0.602665833333333        3.30566208333333      -0.197926895715435     
  0.602665833333333        3.60599500000000      -0.189896765963438     
  0.602665833333333        3.90632791666667      -0.181948334814299     
  0.602665833333333        4.20666083333333      -0.170298486116221     
  0.602665833333333        4.50699375000000      -0.156342045691288     
  0.602665833333333        4.80732666666667      -0.142273963987774     
  0.602665833333333        5.10765958333333      -0.129203560751388     
  0.602665833333333        5.40799250000000      -0.117475950661800     
  0.602665833333333        5.70832541666667      -0.107223509370373     
  0.602665833333333        6.00865833333333      -9.860591266297244E-002
  0.602665833333333        6.30899125000000      -9.186058957941670E-002
  0.602665833333333        6.60932416666667      -8.655313407365901E-002
  0.602665833333333        6.90965708333333      -8.022796212686906E-002
  0.602665833333333        7.20999000000000      -7.246367873189566E-002
  0.902998750000000       2.000000000000000E-003 -0.394135612685891     
  0.902998750000000       0.302332916666667      -0.409343621295397     
  0.902998750000000       0.602665833333333      -0.420766089934378     
  0.902998750000000       0.902998750000000      -0.405755611007793     
  0.902998750000000        1.20333166666667      -0.377389873123298     
  0.902998750000000        1.50366458333333      -0.346850094170243     
  0.902998750000000        1.80399750000000      -0.317566705733049     
  0.902998750000000        2.10433041666667      -0.289851378832160     
  0.902998750000000        2.40466333333333      -0.265110613366990     
  0.902998750000000        2.70499625000000      -0.242811233140038     
  0.902998750000000        3.00532916666667      -0.222447750468031     
  0.902998750000000        3.30566208333333      -0.205677474563088     
  0.902998750000000        3.60599500000000      -0.193102217128455     
  0.902998750000000        3.90632791666667      -0.182231225936077     
  0.902998750000000        4.20666083333333      -0.170506023404576     
  0.902998750000000        4.50699375000000      -0.157709550486880     
  0.902998750000000        4.80732666666667      -0.144954746896323     
  0.902998750000000        5.10765958333333      -0.132781311329223     
  0.902998750000000        5.40799250000000      -0.121439128390130     
  0.902998750000000        5.70832541666667      -0.111369074871480     
  0.902998750000000        6.00865833333333      -0.102710245057111     
  0.902998750000000        6.30899125000000      -9.549097465208163E-002
  0.902998750000000        6.60932416666667      -8.916561232261945E-002
  0.902998750000000        6.90965708333333      -8.255498403269404E-002
  0.902998750000000        7.20999000000000      -7.585872181769911E-002
   1.20333166666667       2.000000000000000E-003 -0.495312515411061     
   1.20333166666667       0.302332916666667      -0.493882418408559     
   1.20333166666667       0.602665833333333      -0.481385596711214     
   1.20333166666667       0.902998750000000      -0.452463031898579     
   1.20333166666667        1.20333166666667      -0.413705584131936     
   1.20333166666667        1.50366458333333      -0.373437383264978     
   1.20333166666667        1.80399750000000      -0.335919553483926     
   1.20333166666667        2.10433041666667      -0.303163476442663     
   1.20333166666667        2.40466333333333      -0.275656367203160     
   1.20333166666667        2.70499625000000      -0.251689749771975     
   1.20333166666667        3.00532916666667      -0.230562491232765     
   1.20333166666667        3.30566208333333      -0.212356467689622     
   1.20333166666667        3.60599500000000      -0.197173332423601     
   1.20333166666667        3.90632791666667      -0.184011396135914     
   1.20333166666667        4.20666083333333      -0.171529852770012     
   1.20333166666667        4.50699375000000      -0.159261703157304     
   1.20333166666667        4.80732666666667      -0.147310988305018     
   1.20333166666667        5.10765958333333      -0.135786250287261     
   1.20333166666667        5.40799250000000      -0.124834635119304     
   1.20333166666667        5.70832541666667      -0.114852020860806     
   1.20333166666667        6.00865833333333      -0.106024924384036     
   1.20333166666667        6.30899125000000      -9.832831828573636E-002
   1.20333166666667        6.60932416666667      -9.143261188105778E-002
   1.20333166666667        6.90965708333333      -8.484794761280794E-002
   1.20333166666667        7.20999000000000      -7.856403876184659E-002
   1.50366458333333       2.000000000000000E-003 -0.558306378225973     
   1.50366458333333       0.302332916666667      -0.550073554987506     
   1.50366458333333       0.602665833333333      -0.524920530500512     
   1.50366458333333       0.902998750000000      -0.485477502286111     
   1.50366458333333        1.20333166666667      -0.438386724018703     
   1.50366458333333        1.50366458333333      -0.390728249226512     
   1.50366458333333        1.80399750000000      -0.347724655319902     
   1.50366458333333        2.10433041666667      -0.312242510254726     
   1.50366458333333        2.40466333333333      -0.282541977685427     
   1.50366458333333        2.70499625000000      -0.257213626321883     
   1.50366458333333        3.00532916666667      -0.235426559343019     
   1.50366458333333        3.30566208333333      -0.216663465609251     
   1.50366458333333        3.60599500000000      -0.200461006784005     
   1.50366458333333        3.90632791666667      -0.186194783725456     
   1.50366458333333        4.20666083333333      -0.173198001659578     
   1.50366458333333        4.50699375000000      -0.161012803142079     
   1.50366458333333        4.80732666666667      -0.149395776049894     
   1.50366458333333        5.10765958333333      -0.138237836905949     
   1.50366458333333        5.40799250000000      -0.127571046268102     
   1.50366458333333        5.70832541666667      -0.117582353270789     
   1.50366458333333        6.00865833333333      -0.108523685597391     
   1.50366458333333        6.30899125000000      -0.100433868794290     
   1.50366458333333        6.60932416666667      -9.317263371286975E-002
   1.50366458333333        6.90965708333333      -8.650674733945932E-002
   1.50366458333333        7.20999000000000      -8.031492079316858E-002
   1.80399750000000       2.000000000000000E-003 -0.585895346192210     
   1.80399750000000       0.302332916666667      -0.575383124921292     
   1.80399750000000       0.602665833333333      -0.544477508985756     
   1.80399750000000       0.902998750000000      -0.499657280921835     
   1.80399750000000        1.20333166666667      -0.447813120831329     
   1.80399750000000        1.50366458333333      -0.397018404831980     
   1.80399750000000        1.80399750000000      -0.353346292745547     
   1.80399750000000        2.10433041666667      -0.316369397535458     
   1.80399750000000        2.40466333333333      -0.285253078744456     
   1.80399750000000        2.70499625000000      -0.259188809480234     
   1.80399750000000        3.00532916666667      -0.237272776542958     
   1.80399750000000        3.30566208333333      -0.218587441038369     
   1.80399750000000        3.60599500000000      -0.202328834464451     
   1.80399750000000        3.90632791666667      -0.187862287442689     
   1.80399750000000        4.20666083333333      -0.174717615833606     
   1.80399750000000        4.50699375000000      -0.162549352475540     
   1.80399750000000        4.80732666666667      -0.151085271800262     
   1.80399750000000        5.10765958333333      -0.140126548683742     
   1.80399750000000        5.40799250000000      -0.129606151437941     
   1.80399750000000        5.70832541666667      -0.119615240058899     
   1.80399750000000        6.00865833333333      -0.110331249544521     
   1.80399750000000        6.30899125000000      -0.101923219148190     
   1.80399750000000        6.60932416666667      -9.439736600181924E-002
   1.80399750000000        6.90965708333333      -8.763010873267428E-002
   1.80399750000000        7.20999000000000      -8.147555042355679E-002
   2.10433041666667       2.000000000000000E-003 -0.585731403510862     
   2.10433041666667       0.302332916666667      -0.573052557862317     
   2.10433041666667       0.602665833333333      -0.540002195120691     
   2.10433041666667       0.902998750000000      -0.492873593462585     
   2.10433041666667        1.20333166666667      -0.443087086737481     
   2.10433041666667        1.50366458333333      -0.395630114731784     
   2.10433041666667        1.80399750000000      -0.352648698246602     
   2.10433041666667        2.10433041666667      -0.315213409083580     
   2.10433041666667        2.40466333333333      -0.283702802883802     
   2.10433041666667        2.70499625000000      -0.257765155396459     
   2.10433041666667        3.00532916666667      -0.236427217153219     
   2.10433041666667        3.30566208333333      -0.218454282237004     
   2.10433041666667        3.60599500000000      -0.202756423566115     
   2.10433041666667        3.90632791666667      -0.188607256146932     
   2.10433041666667        4.20666083333333      -0.175614556063341     
   2.10433041666667        4.50699375000000      -0.163552960206260     
   2.10433041666667        4.80732666666667      -0.152214761745868     
   2.10433041666667        5.10765958333333      -0.141387919939334     
   2.10433041666667        5.40799250000000      -0.130947849613635     
   2.10433041666667        5.70832541666667      -0.120937605653962     
   2.10433041666667        6.00865833333333      -0.111537306148257     
   2.10433041666667        6.30899125000000      -0.102940204799168     
   2.10433041666667        6.60932416666667      -9.524534136616555E-002
   2.10433041666667        6.90965708333333      -8.846118155457187E-002
   2.10433041666667        7.20999000000000      -8.241223157681604E-002
   2.40466333333333       2.000000000000000E-003 -0.572485683824884     
   2.40466333333333       0.302332916666667      -0.559002578816083     
   2.40466333333333       0.602665833333333      -0.523815129728192     
   2.40466333333333       0.902998750000000      -0.479503997980409     
   2.40466333333333        1.20333166666667      -0.432992276374425     
   2.40466333333333        1.50366458333333      -0.387659375760540     
   2.40466333333333        1.80399750000000      -0.345774717343899     
   2.40466333333333        2.10433041666667      -0.309024359576013     
   2.40466333333333        2.40466333333333      -0.278288030510404     
   2.40466333333333        2.70499625000000      -0.253402672607137     
   2.40466333333333        3.00532916666667      -0.233300576097839     
   2.40466333333333        3.30566208333333      -0.216516035359092     
   2.40466333333333        3.60599500000000      -0.201760982165232     
   2.40466333333333        3.90632791666667      -0.188243542473231     
   2.40466333333333        4.20666083333333      -0.175630157374879     
   2.40466333333333        4.50699375000000      -0.163804046284236     
   2.40466333333333        4.80732666666667      -0.152637723017771     
   2.40466333333333        5.10765958333333      -0.141939036853520     
   2.40466333333333        5.40799250000000      -0.131563015578489     
   2.40466333333333        5.70832541666667      -0.121533764746391     
   2.40466333333333        6.00865833333333      -0.112048821125533     
   2.40466333333333        6.30899125000000      -0.103366077093475     
   2.40466333333333        6.60932416666667      -9.567390973306300E-002
   2.40466333333333        6.90965708333333      -8.902923816541915E-002
   2.40466333333333        7.20999000000000      -8.331617505021699E-002
   2.70499625000000       2.000000000000000E-003 -0.557547952209084     
   2.70499625000000       0.302332916666667      -0.545508246532906     
   2.70499625000000       0.602665833333333      -0.511992461249515     
   2.70499625000000       0.902998750000000      -0.465431546115698     
   2.70499625000000        1.20333166666667      -0.417987912154283     
   2.70499625000000        1.50366458333333      -0.373799776496587     
   2.70499625000000        1.80399750000000      -0.333622110722261     
   2.70499625000000        2.10433041666667      -0.298705930636480     
   2.70499625000000        2.40466333333333      -0.269828799959871     
   2.70499625000000        2.70499625000000      -0.246769361169623     
   2.70499625000000        3.00532916666667      -0.228362334398308     
   2.70499625000000        3.30566208333333      -0.213026725849968     
   2.70499625000000        3.60599500000000      -0.199397910031468     
   2.70499625000000        3.90632791666667      -0.186684122210378     
   2.70499625000000        4.20666083333333      -0.174618368276060     
   2.70499625000000        4.50699375000000      -0.163166772455386     
   2.70499625000000        4.80732666666667      -0.152258591805976     
   2.70499625000000        5.10765958333333      -0.141726580829630     
   2.70499625000000        5.40799250000000      -0.131432482734964     
   2.70499625000000        5.70832541666667      -0.121403223667243     
   2.70499625000000        6.00865833333333      -0.111846927050082     
   2.70499625000000        6.30899125000000      -0.103047543437713     
   2.70499625000000        6.60932416666667      -9.539213515343305E-002
   2.70499625000000        6.90965708333333      -8.922498693639519E-002
   2.70499625000000        7.20999000000000      -8.423968507083229E-002
   3.00532916666667       2.000000000000000E-003 -0.535807010596600     
   3.00532916666667       0.302332916666667      -0.525041207158496     
   3.00532916666667       0.602665833333333      -0.492830752920706     
   3.00532916666667       0.902998750000000      -0.446890827538982     
   3.00532916666667        1.20333166666667      -0.398706698606649     
   3.00532916666667        1.50366458333333      -0.355534834496719     
   3.00532916666667        1.80399750000000      -0.317733155662755     
   3.00532916666667        2.10433041666667      -0.285563409427808     
   3.00532916666667        2.40466333333333      -0.259310179178125     
   3.00532916666667        2.70499625000000      -0.238541388454182     
   3.00532916666667        3.00532916666667      -0.222029570686262     
   3.00532916666667        3.30566208333333      -0.208205324739231     
   3.00532916666667        3.60599500000000      -0.195745659637947     
   3.00532916666667        3.90632791666667      -0.183918662597108     
   3.00532916666667        4.20666083333333      -0.172528132045183     
   3.00532916666667        4.50699375000000      -0.161588319180361     
   3.00532916666667        4.80732666666667      -0.151046396151308     
   3.00532916666667        5.10765958333333      -0.140751160852631     
   3.00532916666667        5.40799250000000      -0.130588001172565     
   3.00532916666667        5.70832541666667      -0.120598259931840     
   3.00532916666667        6.00865833333333      -0.110971211395924     
   3.00532916666667        6.30899125000000      -0.102033739432430     
   3.00532916666667        6.60932416666667      -9.456621040200189E-002
   3.00532916666667        6.90965708333333      -8.908464684262515E-002
   3.00532916666667        7.20999000000000      -8.512347988652859E-002
   3.30566208333333       2.000000000000000E-003 -0.521550582435066     
   3.30566208333333       0.302332916666667      -0.510989747705849     
   3.30566208333333       0.602665833333333      -0.475008101512058     
   3.30566208333333       0.902998750000000      -0.425406704031238     
   3.30566208333333        1.20333166666667      -0.376400791203472     
   3.30566208333333        1.50366458333333      -0.334517445256410     
   3.30566208333333        1.80399750000000      -0.299659281574196     
   3.30566208333333        2.10433041666667      -0.270791528155305     
   3.30566208333333        2.40466333333333      -0.247532134814742     
   3.30566208333333        2.70499625000000      -0.229201756100472     
   3.30566208333333        3.00532916666667      -0.214575980097669     
   3.30566208333333        3.30566208333333      -0.202205798232632     
   3.30566208333333        3.60599500000000      -0.190895892467670     
   3.30566208333333        3.90632791666667      -0.180004253198014     
   3.30566208333333        4.20666083333333      -0.169393334373272     
   3.30566208333333        4.50699375000000      -0.159089243297293     
   3.30566208333333        4.80732666666667      -0.149025368216265     
   3.30566208333333        5.10765958333333      -0.139057755386920     
   3.30566208333333        5.40799250000000      -0.129104756329244     
   3.30566208333333        5.70832541666667      -0.119229328668493     
   3.30566208333333        6.00865833333333      -0.109564554499457     
   3.30566208333333        6.30899125000000      -0.100569310809918     
   3.30566208333333        6.60932416666667      -9.321919585084996E-002
   3.30566208333333        6.90965708333333      -8.850641451462878E-002
   3.30566208333333        7.20999000000000      -8.547499887804649E-002
   3.60599500000000       2.000000000000000E-003 -0.492786904753045     
   3.60599500000000       0.302332916666667      -0.492141149461558     
   3.60599500000000       0.602665833333333      -0.452591761446479     
   3.60599500000000       0.902998750000000      -0.399989199722392     
   3.60599500000000        1.20333166666667      -0.351170661318819     
   3.60599500000000        1.50366458333333      -0.311543610218392     
   3.60599500000000        1.80399750000000      -0.280296256683752     
   3.60599500000000        2.10433041666667      -0.255062192768306     
   3.60599500000000        2.40466333333333      -0.234903078450813     
   3.60599500000000        2.70499625000000      -0.218976525113395     
   3.60599500000000        3.00532916666667      -0.206138044206629     
   3.60599500000000        3.30566208333333      -0.195132115222707     
   3.60599500000000        3.60599500000000      -0.184945981995606     
   3.60599500000000        3.90632791666667      -0.175040224189675     
   3.60599500000000        4.20666083333333      -0.165305338801356     
   3.60599500000000        4.50699375000000      -0.155741554295281     
   3.60599500000000        4.80732666666667      -0.146253056966614     
   3.60599500000000        5.10765958333333      -0.136705931788374     
   3.60599500000000        5.40799250000000      -0.127063589666602     
   3.60599500000000        5.70832541666667      -0.117428739982071     
   3.60599500000000        6.00865833333333      -0.107910979556650     
   3.60599500000000        6.30899125000000      -9.902641737371962E-002
   3.60599500000000        6.60932416666667      -9.181966646221250E-002
   3.60599500000000        6.90965708333333      -8.781260165493271E-002
   3.60599500000000        7.20999000000000      -8.600600507628806E-002
   3.90632791666667       2.000000000000000E-003 -0.439324038294190     
   3.90632791666667       0.302332916666667      -0.436232717610614     
   3.90632791666667       0.602665833333333      -0.407282323592645     
   3.90632791666667       0.902998750000000      -0.363349220766593     
   3.90632791666667        1.20333166666667      -0.320775204975189     
   3.90632791666667        1.50366458333333      -0.286425060454224     
   3.90632791666667        1.80399750000000      -0.259836274197913     
   3.90632791666667        2.10433041666667      -0.238548230556491     
   3.90632791666667        2.40466333333333      -0.221535395557398     
   3.90632791666667        2.70499625000000      -0.207964084053967     
   3.90632791666667        3.00532916666667      -0.196839539561784     
   3.90632791666667        3.30566208333333      -0.187136328991528     
   3.90632791666667        3.60599500000000      -0.178057464824520     
   3.90632791666667        3.90632791666667      -0.169180510368563     
   3.90632791666667        4.20666083333333      -0.160389006930127     
   3.90632791666667        4.50699375000000      -0.151629810569884     
   3.90632791666667        4.80732666666667      -0.142781232013080     
   3.90632791666667        5.10765958333333      -0.133733314128914     
   3.90632791666667        5.40799250000000      -0.124508567574686     
   3.90632791666667        5.70832541666667      -0.115274948794003     
   3.90632791666667        6.00865833333333      -0.106197214644629     
   3.90632791666667        6.30899125000000      -9.772703670338148E-002
   3.90632791666667        6.60932416666667      -9.087284575602533E-002
   3.90632791666667        6.90965708333333      -8.668548238221147E-002
   3.90632791666667        7.20999000000000      -8.430124139868220E-002
   4.20666083333333       2.000000000000000E-003 -0.365759180298132     
   4.20666083333333       0.302332916666667      -0.361899323065115     
   4.20666083333333       0.602665833333333      -0.344781058960162     
   4.20666083333333       0.902998750000000      -0.316245895255592     
   4.20666083333333        1.20333166666667      -0.285368227975783     
   4.20666083333333        1.50366458333333      -0.259402507745868     
   4.20666083333333        1.80399750000000      -0.238412046220743     
   4.20666083333333        2.10433041666667      -0.221353238367269     
   4.20666083333333        2.40466333333333      -0.207558328599480     
   4.20666083333333        2.70499625000000      -0.196348443308140     
   4.20666083333333        3.00532916666667      -0.186923143559911     
   4.20666083333333        3.30566208333333      -0.178500126480370     
   4.20666083333333        3.60599500000000      -0.170505687358786     
   4.20666083333333        3.90632791666667      -0.162638203450812     
   4.20666083333333        4.20666083333333      -0.154773597161308     
   4.20666083333333        4.50699375000000      -0.146813218642860     
   4.20666083333333        4.80732666666667      -0.138628145957592     
   4.20666083333333        5.10765958333333      -0.130142770978382     
   4.20666083333333        5.40799250000000      -0.121436698617746     
   4.20666083333333        5.70832541666667      -0.112744116284663     
   4.20666083333333        6.00865833333333      -0.104338475984865     
   4.20666083333333        6.30899125000000      -9.653144851890980E-002
   4.20666083333333        6.60932416666667      -9.015393373868352E-002
   4.20666083333333        6.90965708333333      -8.575987879753366E-002
   4.20666083333333        7.20999000000000      -8.278512219611811E-002
   4.50699375000000       2.000000000000000E-003 -0.295060476912795     
   4.50699375000000       0.302332916666667      -0.292801186059757     
   4.50699375000000       0.602665833333333      -0.284153913158162     
   4.50699375000000       0.902998750000000      -0.268450213501934     
   4.50699375000000        1.20333166666667      -0.249595304576158     
   4.50699375000000        1.50366458333333      -0.231945662351302     
   4.50699375000000        1.80399750000000      -0.216708243331724     
   4.50699375000000        2.10433041666667      -0.203948049826873     
   4.50699375000000        2.40466333333333      -0.193380774212090     
   4.50699375000000        2.70499625000000      -0.184514237228241     
   4.50699375000000        3.00532916666667      -0.176751909906581     
   4.50699375000000        3.30566208333333      -0.169553085302667     
   4.50699375000000        3.60599500000000      -0.162560662620538     
   4.50699375000000        3.90632791666667      -0.155596891389269     
   4.50699375000000        4.20666083333333      -0.148558461167054     
   4.50699375000000        4.50699375000000      -0.141334786353133     
   4.50699375000000        4.80732666666667      -0.133809049099755     
   4.50699375000000        5.10765958333333      -0.125938247998715     
   4.50699375000000        5.40799250000000      -0.117837258508362     
   4.50699375000000        5.70832541666667      -0.109772829737032     
   4.50699375000000        6.00865833333333      -0.102067386582482     
   4.50699375000000        6.30899125000000      -9.500632810480843E-002
   4.50699375000000        6.60932416666667      -8.897759054040587E-002
   4.50699375000000        6.90965708333333      -8.428450313980226E-002
   4.50699375000000        7.20999000000000      -8.047009542564434E-002
   4.80732666666667       2.000000000000000E-003 -0.240381564442197     
   4.80732666666667       0.302332916666667      -0.239598373443327     
   4.80732666666667       0.602665833333333      -0.235861098019282     
   4.80732666666667       0.902998750000000      -0.227632393314520     
   4.80732666666667        1.20333166666667      -0.216927108703948     
   4.80732666666667        1.50366458333333      -0.205982558854196     
   4.80732666666667        1.80399750000000      -0.195963777703445     
   4.80732666666667        2.10433041666667      -0.187232708092792     
   4.80732666666667        2.40466333333333      -0.179685674333268     
   4.80732666666667        2.70499625000000      -0.172976284198667     
   4.80732666666667        3.00532916666667      -0.166703114214067     
   4.80732666666667        3.30566208333333      -0.160560035271993     
   4.80732666666667        3.60599500000000      -0.154398512250143     
   4.80732666666667        3.90632791666667      -0.148170449184043     
   4.80732666666667        4.20666083333333      -0.141823281166276     
   4.80732666666667        4.50699375000000      -0.135261489822830     
   4.80732666666667        4.80732666666667      -0.128384983429941     
   4.80732666666667        5.10765958333333      -0.121170298793807     
   4.80732666666667        5.40799250000000      -0.113739867508374     
   4.80732666666667        5.70832541666667      -0.106350221801270     
   4.80732666666667        6.00865833333333      -9.930219818717653E-002
   4.80732666666667        6.30899125000000      -9.284525551630866E-002
   4.80732666666667        6.60932416666667      -8.713962831560071E-002
   4.80732666666667        6.90965708333333      -8.222443122787991E-002
   4.80732666666667        7.20999000000000      -7.785588913218884E-002
   5.10765958333333       2.000000000000000E-003 -0.199560208432383     
   5.10765958333333       0.302332916666667      -0.199062851642319     
   5.10765958333333       0.602665833333333      -0.197054811171987     
   5.10765958333333       0.902998750000000      -0.193672546085096     
   5.10765958333333        1.20333166666667      -0.188769991983174     
   5.10765958333333        1.50366458333333      -0.183135806511314     
   5.10765958333333        1.80399750000000      -0.177497784783077     
   5.10765958333333        2.10433041666667      -0.172180468820407     
   5.10765958333333        2.40466333333333      -0.167143339511595     
   5.10765958333333        2.70499625000000      -0.162163675248960     
   5.10765958333333        3.00532916666667      -0.157032341036803     
   5.10765958333333        3.30566208333333      -0.151670042716316     
   5.10765958333333        3.60599500000000      -0.146122885320229     
   5.10765958333333        3.90632791666667      -0.140463394937054     
   5.10765958333333        4.20666083333333      -0.134693242962883     
   5.10765958333333        4.50699375000000      -0.128734284063216     
   5.10765958333333        4.80732666666667      -0.122494674662771     
   5.10765958333333        5.10765958333333      -0.115955488324765     
   5.10765958333333        5.40799250000000      -0.109226069766006     
   5.10765958333333        5.70832541666667      -0.102526232002117     
   5.10765958333333        6.00865833333333      -9.610487145558516E-002
   5.10765958333333        6.30899125000000      -9.015100671743367E-002
   5.10765958333333        6.60932416666667      -8.474582442426766E-002
   5.10765958333333        6.90965708333333      -7.985402591534427E-002
   5.10765958333333        7.20999000000000      -7.531944686188530E-002
   5.40799250000000       2.000000000000000E-003 -0.168522301312257     
   5.40799250000000       0.302332916666667      -0.168259990086451     
   5.40799250000000       0.602665833333333      -0.167667645357369     
   5.40799250000000       0.902998750000000      -0.166746121327363     
   5.40799250000000        1.20333166666667      -0.165737898009676     
   5.40799250000000        1.50366458333333      -0.164367562283773     
   5.40799250000000        1.80399750000000      -0.162139379889878     
   5.40799250000000        2.10433041666667      -0.159343872969796     
   5.40799250000000        2.40466333333333      -0.156053828746047     
   5.40799250000000        2.70499625000000      -0.152198113027388     
   5.40799250000000        3.00532916666667      -0.147766333741552     
   5.40799250000000        3.30566208333333      -0.142893766102625     
   5.40799250000000        3.60599500000000      -0.137795200653274     
   5.40799250000000        3.90632791666667      -0.132623226613389     
   5.40799250000000        4.20666083333333      -0.127387849318170     
   5.40799250000000        4.50699375000000      -0.121998807406112     
   5.40799250000000        4.80732666666667      -0.116363828061438     
   5.40799250000000        5.10765958333333      -0.110467675063798     
   5.40799250000000        5.40799250000000      -0.104405608837318     
   5.40799250000000        5.70832541666667      -9.836082347528725E-002
   5.40799250000000        6.00865833333333      -9.253799722110012E-002
   5.40799250000000        6.30899125000000      -8.709002056749908E-002
   5.40799250000000        6.60932416666667      -8.204953953910744E-002
   5.40799250000000        6.90965708333333      -7.736355460811876E-002
   5.40799250000000        7.20999000000000      -7.293202607055019E-002
   5.70832541666667       2.000000000000000E-003 -0.146833285534130     
   5.70832541666667       0.302332916666667      -0.146988243492260     
   5.70832541666667       0.602665833333333      -0.147434987693661     
   5.70832541666667       0.902998750000000      -0.148174634825434     
   5.70832541666667        1.20333166666667      -0.149122945648434     
   5.70832541666667        1.50366458333333      -0.149944298803774     
   5.70832541666667        1.80399750000000      -0.149915975686216     
   5.70832541666667        2.10433041666667      -0.148598011699940     
   5.70832541666667        2.40466333333333      -0.146204373258002     
   5.70832541666667        2.70499625000000      -0.142844578134220     
   5.70832541666667        3.00532916666667      -0.138697314866498     
   5.70832541666667        3.30566208333333      -0.134102254765893     
   5.70832541666667        3.60599500000000      -0.129430695110854     
   5.70832541666667        3.90632791666667      -0.124839997928955     
   5.70832541666667        4.20666083333333      -0.120218287447583     
   5.70832541666667        4.50699375000000      -0.115390745308729     
   5.70832541666667        4.80732666666667      -0.110277681614863     
   5.70832541666667        5.10765958333333      -0.104904780528514     
   5.70832541666667        5.40799250000000      -9.938088002977158E-002
   5.70832541666667        5.70832541666667      -9.388724099102970E-002
   5.70832541666667        6.00865833333333      -8.863834011938891E-002
   5.70832541666667        6.30899125000000      -8.371415063267543E-002
   5.70832541666667        6.60932416666667      -7.910598421614470E-002
   5.70832541666667        6.90965708333333      -7.473232565163458E-002
   5.70832541666667        7.20999000000000      -7.050901788564917E-002
   6.00865833333333       2.000000000000000E-003 -0.132321668820731     
   6.00865833333333       0.302332916666667      -0.132879924552018     
   6.00865833333333       0.602665833333333      -0.134294065305821     
   6.00865833333333       0.902998750000000      -0.136124400566747     
   6.00865833333333        1.20333166666667      -0.138009036154050     
   6.00865833333333        1.50366458333333      -0.139560453353067     
   6.00865833333333        1.80399750000000      -0.140194348208565     
   6.00865833333333        2.10433041666667      -0.139303511451109     
   6.00865833333333        2.40466333333333      -0.137060589035682     
   6.00865833333333        2.70499625000000      -0.133686496393956     
   6.00865833333333        3.00532916666667      -0.129466654286432     
   6.00865833333333        3.30566208333333      -0.124968365844973     
   6.00865833333333        3.60599500000000      -0.120901402399688     
   6.00865833333333        3.90632791666667      -0.117299722491374     
   6.00865833333333        4.20666083333333      -0.113577157352686     
   6.00865833333333        4.50699375000000      -0.109299334055061     
   6.00865833333333        4.80732666666667      -0.104526139673150     
   6.00865833333333        5.10765958333333      -9.944328622322963E-002
   6.00865833333333        5.40799250000000      -9.422670470777235E-002
   6.00865833333333        5.70832541666667      -8.917243651417196E-002
   6.00865833333333        6.00865833333333      -8.442786590188767E-002
   6.00865833333333        6.30899125000000      -8.003405112741076E-002
   6.00865833333333        6.60932416666667      -7.592853007455390E-002
   6.00865833333333        6.90965708333333      -7.192942122495988E-002
   6.00865833333333        7.20999000000000      -6.792559280063461E-002
   6.30899125000000       2.000000000000000E-003 -0.121278468540883     
   6.30899125000000       0.302332916666667      -0.122650977213678     
   6.30899125000000       0.602665833333333      -0.125586741001258     
   6.30899125000000       0.902998750000000      -0.128405191448548     
   6.30899125000000        1.20333166666667      -0.130467916110904     
   6.30899125000000        1.50366458333333      -0.131731989023349     
   6.30899125000000        1.80399750000000      -0.131966863752505     
   6.30899125000000        2.10433041666667      -0.130735083646322     
   6.30899125000000        2.40466333333333      -0.128150461674403     
   6.30899125000000        2.70499625000000      -0.124414006850112     
   6.30899125000000        3.00532916666667      -0.119828042411487     
   6.30899125000000        3.30566208333333      -0.115599322632403     
   6.30899125000000        3.60599500000000      -0.112727681510660     
   6.30899125000000        3.90632791666667      -0.110721324928287     
   6.30899125000000        4.20666083333333      -0.108094730546299     
   6.30899125000000        4.50699375000000      -0.104153585388977     
   6.30899125000000        4.80732666666667      -9.933709988639197E-002
   6.30899125000000        5.10765958333333      -9.419583305435589E-002
   6.30899125000000        5.40799250000000      -8.906963629721733E-002
   6.30899125000000        5.70832541666667      -8.430366049281765E-002
   6.30899125000000        6.00865833333333      -7.997415649742505E-002
   6.30899125000000        6.30899125000000      -7.612459977103223E-002
   6.30899125000000        6.60932416666667      -7.263621514700133E-002
   6.30899125000000        6.90965708333333      -6.906532424189665E-002
   6.30899125000000        7.20999000000000      -6.517933124240810E-002
   6.60932416666667       2.000000000000000E-003 -0.109967829535525     
   6.60932416666667       0.302332916666667      -0.113005745124909     
   6.60932416666667       0.602665833333333      -0.118831929593385     
   6.60932416666667       0.902998750000000      -0.122945171789376     
   6.60932416666667        1.20333166666667      -0.124709723038139     
   6.60932416666667        1.50366458333333      -0.125033044863381     
   6.60932416666667        1.80399750000000      -0.124304412736165     
   6.60932416666667        2.10433041666667      -0.122430059851001     
   6.60932416666667        2.40466333333333      -0.119373762221677     
   6.60932416666667        2.70499625000000      -0.115234603404320     
   6.60932416666667        3.00532916666667      -0.110585792619374     
   6.60932416666667        3.30566208333333      -0.107104773063794     
   6.60932416666667        3.60599500000000      -0.106171912148313     
   6.60932416666667        3.90632791666667      -0.106289205164947     
   6.60932416666667        4.20666083333333      -0.104525216714034     
   6.60932416666667        4.50699375000000      -0.100265494397443     
   6.60932416666667        4.80732666666667      -9.477030889750039E-002
   6.60932416666667        5.10765958333333      -8.918742626798111E-002
   6.60932416666667        5.40799250000000      -8.401565484781982E-002
   6.60932416666667        5.70832541666667      -7.941227569974074E-002
   6.60932416666667        6.00865833333333      -7.541839992382421E-002
   6.60932416666667        6.30899125000000      -7.212105939450729E-002
   6.60932416666667        6.60932416666667      -6.943801328963831E-002
   6.60932416666667        6.90965708333333      -6.647380575572244E-002
   6.60932416666667        7.20999000000000      -6.244938076207913E-002
   6.90965708333333       2.000000000000000E-003 -0.102653520596547     
   6.90965708333333       0.302332916666667      -0.107137399457223     
   6.90965708333333       0.602665833333333      -0.113918290988164     
   6.90965708333333       0.902998750000000      -0.118193376213476     
   6.90965708333333        1.20333166666667      -0.119172653661947     
   6.90965708333333        1.50366458333333      -0.118401835999169     
   6.90965708333333        1.80399750000000      -0.116719875401207     
   6.90965708333333        2.10433041666667      -0.114270229568096     
   6.90965708333333        2.40466333333333      -0.111023964871903     
   6.90965708333333        2.70499625000000      -0.106976807444821     
   6.90965708333333        3.00532916666667      -0.103085848944156     
   6.90965708333333        3.30566208333333      -0.101561111948677     
   6.90965708333333        3.60599500000000      -0.102921423257533     
   6.90965708333333        3.90632791666667      -0.104062316468447     
   6.90965708333333        4.20666083333333      -0.102214016052346     
   6.90965708333333        4.50699375000000      -9.696577263548947E-002
   6.90965708333333        4.80732666666667      -9.051346333612621E-002
   6.90965708333333        5.10765958333333      -8.437535430510307E-002
   6.90965708333333        5.40799250000000      -7.911992795593535E-002
   6.90965708333333        5.70832541666667      -7.466474153255719E-002
   6.90965708333333        6.00865833333333      -7.096571120718050E-002
   6.90965708333333        6.30899125000000      -6.813818945755142E-002
   6.90965708333333        6.60932416666667      -6.617232688538260E-002
   6.90965708333333        6.90965708333333      -6.387245326981510E-002
   6.90965708333333        7.20999000000000      -5.989888846371026E-002
   7.20999000000000       2.000000000000000E-003 -0.104699518299094     
   7.20999000000000       0.302332916666667      -0.109878737517316     
   7.20999000000000       0.602665833333333      -0.110965757608331     
   7.20999000000000       0.902998750000000      -0.112671866843070     
   7.20999000000000        1.20333166666667      -0.112595082717224     
   7.20999000000000        1.50366458333333      -0.111182485647810     
   7.20999000000000        1.80399750000000      -0.109049052421637     
   7.20999000000000        2.10433041666667      -0.106478685206783     
   7.20999000000000        2.40466333333333      -0.103501824714932     
   7.20999000000000        2.70499625000000      -0.100249706985737     
   7.20999000000000        3.00532916666667      -9.803513604315790E-002
   7.20999000000000        3.30566208333333      -9.913166142642604E-002
   7.20999000000000        3.60599500000000      -0.100714056995338     
   7.20999000000000        3.90632791666667      -0.100521331063398     
   7.20999000000000        4.20666083333333      -9.861754090754879E-002
   7.20999000000000        4.50699375000000      -9.274413791669830E-002
   7.20999000000000        4.80732666666667      -8.585849832197026E-002
   7.20999000000000        5.10765958333333      -7.956318472681477E-002
   7.20999000000000        5.40799250000000      -7.442626728229601E-002
   7.20999000000000        5.70832541666667      -7.020723512393079E-002
   7.20999000000000        6.00865833333333      -6.682511204522942E-002
   7.20999000000000        6.30899125000000      -6.432143094224640E-002
   7.20999000000000        6.60932416666667      -6.252523763372576E-002
   7.20999000000000        6.90965708333333      -5.979730527668597E-002
   7.20999000000000        7.20999000000000      -5.645878779097323E-002
