  2.000000000000000E-003  2.000000000000000E-003 -0.329219313036438     
  2.000000000000000E-003  0.302332916666667      -0.381746007255575     
  2.000000000000000E-003  0.602665833333333      -0.362018858898842     
  2.000000000000000E-003  0.902998750000000      -0.284853915464934     
  2.000000000000000E-003   1.20333166666667      -0.211705126727838     
  2.000000000000000E-003   1.50366458333333      -0.155796511069900     
  2.000000000000000E-003   1.80399750000000      -0.116552346294783     
  2.000000000000000E-003   2.10433041666667      -9.141694418115565E-002
  2.000000000000000E-003   2.40466333333333      -7.705915846322949E-002
  2.000000000000000E-003   2.70499625000000      -7.011735326536685E-002
  2.000000000000000E-003   3.00532916666667      -6.551553441091147E-002
  2.000000000000000E-003   3.30566208333333      -5.380705245441732E-002
  2.000000000000000E-003   3.60599500000000      -4.152349900987688E-002
  2.000000000000000E-003   3.90632791666667      -3.462390049040880E-002
  2.000000000000000E-003   4.20666083333333      -2.958747489695984E-002
  2.000000000000000E-003   4.50699375000000      -2.707389733974002E-002
  2.000000000000000E-003   4.80732666666667      -2.428113952769103E-002
  2.000000000000000E-003   5.10765958333333      -2.027010583127259E-002
  2.000000000000000E-003   5.40799250000000      -1.487178561531263E-002
  2.000000000000000E-003   5.70832541666667      -7.925015419997098E-003
  2.000000000000000E-003   6.00865833333333      -3.961388974863672E-005
  2.000000000000000E-003   6.30899125000000       7.269185166973492E-003
  2.000000000000000E-003   6.60932416666667       1.185668858382945E-002
  2.000000000000000E-003   6.90965708333333       1.356340554010609E-002
  2.000000000000000E-003   7.20999000000000       8.658724950469779E-003
  0.302332916666667       2.000000000000000E-003 -0.381755314018446     
  0.302332916666667       0.302332916666667      -0.305751192579719     
  0.302332916666667       0.602665833333333      -0.288009418640335     
  0.302332916666667       0.902998750000000      -0.247928387102440     
  0.302332916666667        1.20333166666667      -0.194751690037352     
  0.302332916666667        1.50366458333333      -0.147972283201955     
  0.302332916666667        1.80399750000000      -0.112916175602981     
  0.302332916666667        2.10433041666667      -8.953018173626558E-002
  0.302332916666667        2.40466333333333      -7.535341331304575E-002
  0.302332916666667        2.70499625000000      -6.745099669794972E-002
  0.302332916666667        3.00532916666667      -6.133129832401319E-002
  0.302332916666667        3.30566208333333      -4.937433440983929E-002
  0.302332916666667        3.60599500000000      -3.506478838373399E-002
  0.302332916666667        3.90632791666667      -2.983667885886004E-002
  0.302332916666667        4.20666083333333      -2.790242550888157E-002
  0.302332916666667        4.50699375000000      -2.648884378214560E-002
  0.302332916666667        4.80732666666667      -2.405401136176974E-002
  0.302332916666667        5.10765958333333      -2.035226729763539E-002
  0.302332916666667        5.40799250000000      -1.533418202764955E-002
  0.302332916666667        5.70832541666667      -8.997647531259749E-003
  0.302332916666667        6.00865833333333      -2.166776855246265E-003
  0.302332916666667        6.30899125000000       3.365687620441760E-003
  0.302332916666667        6.60932416666667       5.361702237763076E-003
  0.302332916666667        6.90965708333333       7.136356897852171E-003
  0.302332916666667        7.20999000000000       1.746571235900916E-002
  0.602665833333333       2.000000000000000E-003 -0.362041285640976     
  0.602665833333333       0.302332916666667      -0.288029908884457     
  0.602665833333333       0.602665833333333      -0.223024697413175     
  0.602665833333333       0.902998750000000      -0.192761391425010     
  0.602665833333333        1.20333166666667      -0.161996088705045     
  0.602665833333333        1.50366458333333      -0.130727595493037     
  0.602665833333333        1.80399750000000      -0.104166345995662     
  0.602665833333333        2.10433041666667      -8.463072262009026E-002
  0.602665833333333        2.40466333333333      -7.125186742573919E-002
  0.602665833333333        2.70499625000000      -6.185316590034236E-002
  0.602665833333333        3.00532916666667      -5.383593841674610E-002
  0.602665833333333        3.30566208333333      -4.323913735406692E-002
  0.602665833333333        3.60599500000000      -3.230785554910378E-002
  0.602665833333333        3.90632791666667      -2.724564103477952E-002
  0.602665833333333        4.20666083333333      -2.637960545409977E-002
  0.602665833333333        4.50699375000000      -2.574635761517875E-002
  0.602665833333333        4.80732666666667      -2.372652234097761E-002
  0.602665833333333        5.10765958333333      -2.062416536110009E-002
  0.602665833333333        5.40799250000000      -1.641683542384200E-002
  0.602665833333333        5.70832541666667      -1.139160679893895E-002
  0.602665833333333        6.00865833333333      -6.498731148770323E-003
  0.602665833333333        6.30899125000000      -2.937936385936354E-003
  0.602665833333333        6.60932416666667      -2.308582805454137E-004
  0.602665833333333        6.90965708333333       8.031366264132356E-003
  0.602665833333333        7.20999000000000       1.891987136384534E-002
  0.902998750000000       2.000000000000000E-003 -0.284918444253164     
  0.902998750000000       0.302332916666667      -0.247986462966799     
  0.902998750000000       0.602665833333333      -0.192795328840513     
  0.902998750000000       0.902998750000000      -0.158681730553493     
  0.902998750000000        1.20333166666667      -0.134839218138947     
  0.902998750000000        1.50366458333333      -0.113259402777946     
  0.902998750000000        1.80399750000000      -9.390736846963946E-002
  0.902998750000000        2.10433041666667      -7.831167682346282E-002
  0.902998750000000        2.40466333333333      -6.621726061543397E-002
  0.902998750000000        2.70499625000000      -5.659867711007240E-002
  0.902998750000000        3.00532916666667      -4.825511751218238E-002
  0.902998750000000        3.30566208333333      -3.988144930955766E-002
  0.902998750000000        3.60599500000000      -3.244653797210027E-002
  0.902998750000000        3.90632791666667      -2.820836131219516E-002
  0.902998750000000        4.20666083333333      -2.667940747344717E-002
  0.902998750000000        4.50699375000000      -2.557452148720668E-002
  0.902998750000000        4.80732666666667      -2.356425550825086E-002
  0.902998750000000        5.10765958333333      -2.077531867412763E-002
  0.902998750000000        5.40799250000000      -1.736614556211467E-002
  0.902998750000000        5.70832541666667      -1.352296284560235E-002
  0.902998750000000        6.00865833333333      -9.989975935818971E-003
  0.902998750000000        6.30899125000000      -7.098204945859159E-003
  0.902998750000000        6.60932416666667      -3.573527186864427E-003
  0.902998750000000        6.90965708333333       2.931992596134785E-003
  0.902998750000000        7.20999000000000       8.352103074398466E-003
   1.20333166666667       2.000000000000000E-003 -0.211799955926348     
   1.20333166666667       0.302332916666667      -0.194838965316018     
   1.20333166666667       0.602665833333333      -0.162058820135116     
   1.20333166666667       0.902998750000000      -0.134869103245537     
   1.20333166666667        1.20333166666667      -0.115136241354612     
   1.20333166666667        1.50366458333333      -9.871603087442994E-002
   1.20333166666667        1.80399750000000      -8.407162300579966E-002
   1.20333166666667        2.10433041666667      -7.155508863149700E-002
   1.20333166666667        2.40466333333333      -6.109729050774271E-002
   1.20333166666667        2.70499625000000      -5.238065880545566E-002
   1.20333166666667        3.00532916666667      -4.490494467852065E-002
   1.20333166666667        3.30566208333333      -3.831349133447391E-002
   1.20333166666667        3.60599500000000      -3.296718830501415E-002
   1.20333166666667        3.90632791666667      -2.943770100184626E-002
   1.20333166666667        4.20666083333333      -2.732769247785419E-002
   1.20333166666667        4.50699375000000      -2.548926524597124E-002
   1.20333166666667        4.80732666666667      -2.326414167744836E-002
   1.20333166666667        5.10765958333333      -2.056109415634396E-002
   1.20333166666667        5.40799250000000      -1.758912355197526E-002
   1.20333166666667        5.70832541666667      -1.450271870685851E-002
   1.20333166666667        6.00865833333333      -1.170481702563253E-002
   1.20333166666667        6.30899125000000      -9.245759303344613E-003
   1.20333166666667        6.60932416666667      -6.404111320664253E-003
   1.20333166666667        6.90965708333333      -2.709923679891700E-003
   1.20333166666667        7.20999000000000       4.635851631940371E-005
   1.50366458333333       2.000000000000000E-003 -0.155901040616156     
   1.50366458333333       0.302332916666667      -0.148069962706814     
   1.50366458333333       0.602665833333333      -0.130803350136618     
   1.50366458333333       0.902998750000000      -0.113305630730666     
   1.50366458333333        1.20333166666667      -9.873448742902169E-002
   1.50366458333333        1.50366458333333      -8.618639905854523E-002
   1.50366458333333        1.80399750000000      -7.491528390918845E-002
   1.50366458333333        2.10433041666667      -6.489947691938865E-002
   1.50366458333333        2.40466333333333      -5.616254395772273E-002
   1.50366458333333        2.70499625000000      -4.865049411481385E-002
   1.50366458333333        3.00532916666667      -4.225107968701970E-002
   1.50366458333333        3.30566208333333      -3.689966377622514E-002
   1.50366458333333        3.60599500000000      -3.264696800916324E-002
   1.50366458333333        3.90632791666667      -2.948306511275136E-002
   1.50366458333333        4.20666083333333      -2.707439008327588E-002
   1.50366458333333        4.50699375000000      -2.487488468224982E-002
   1.50366458333333        4.80732666666667      -2.247374370135008E-002
   1.50366458333333        5.10765958333333      -1.976560237020926E-002
   1.50366458333333        5.40799250000000      -1.691877789221555E-002
   1.50366458333333        5.70832541666667      -1.422362448601602E-002
   1.50366458333333        6.00865833333333      -1.183779026578632E-002
   1.50366458333333        6.30899125000000      -9.786630665336336E-003
   1.50366458333333        6.60932416666667      -7.770945089008875E-003
   1.50366458333333        6.90965708333333      -5.667387461126192E-003
   1.50366458333333        7.20999000000000      -4.009237899328335E-003
   1.80399750000000       2.000000000000000E-003 -0.116646131867679     
   1.80399750000000       0.302332916666667      -0.113004663781314     
   1.80399750000000       0.602665833333333      -0.104236388171032     
   1.80399750000000       0.902998750000000      -9.395261494521134E-002
   1.80399750000000        1.20333166666667      -8.409305893341651E-002
   1.80399750000000        1.50366458333333      -7.492074298949430E-002
   1.80399750000000        1.80399750000000      -6.638089883751251E-002
   1.80399750000000        2.10433041666667      -5.853041692119607E-002
   1.80399750000000        2.40466333333333      -5.142568810823206E-002
   1.80399750000000        2.70499625000000      -4.511610940396664E-002
   1.80399750000000        3.00532916666667      -3.964859677390144E-002
   1.80399750000000        3.30566208333333      -3.506402449267519E-002
   1.80399750000000        3.60599500000000      -3.136049670758097E-002
   1.80399750000000        3.90632791666667      -2.841556091640917E-002
   1.80399750000000        4.20666083333333      -2.594356020119553E-002
   1.80399750000000        4.50699375000000      -2.358406024504275E-002
   1.80399750000000        4.80732666666667      -2.107267348972400E-002
   1.80399750000000        5.10765958333333      -1.835588024585245E-002
   1.80399750000000        5.40799250000000      -1.558461241547383E-002
   1.80399750000000        5.70832541666667      -1.301140510902075E-002
   1.80399750000000        6.00865833333333      -1.083957457999352E-002
   1.80399750000000        6.30899125000000      -9.052128516492983E-003
   1.80399750000000        6.60932416666667      -7.504013499836502E-003
   1.80399750000000        6.90965708333333      -6.113440349191538E-003
   1.80399750000000        7.20999000000000      -4.960929880241178E-003
   2.10433041666667       2.000000000000000E-003 -9.148330433105330E-002
   2.10433041666667       0.302332916666667      -8.959196629364008E-002
   2.10433041666667       0.602665833333333      -8.467795270236045E-002
   2.10433041666667       0.902998750000000      -7.833932560237397E-002
   2.10433041666667        1.20333166666667      -7.156613812946765E-002
   2.10433041666667        1.50366458333333      -6.490054823887710E-002
   2.10433041666667        1.80399750000000      -5.852845151919997E-002
   2.10433041666667        2.10433041666667      -5.249434679377377E-002
   2.10433041666667        2.40466333333333      -4.682976311259512E-002
   2.10433041666667        2.70499625000000      -4.160533831107163E-002
   2.10433041666667        3.00532916666667      -3.692722717889564E-002
   2.10433041666667        3.30566208333333      -3.289065679009737E-002
   2.10433041666667        3.60599500000000      -2.951336992440164E-002
   2.10433041666667        3.90632791666667      -2.668523636293935E-002
   2.10433041666667        4.20666083333333      -2.417757767884457E-002
   2.10433041666667        4.50699375000000      -2.172984185456286E-002
   2.10433041666667        4.80732666666667      -1.917094394849225E-002
   2.10433041666667        5.10765958333333      -1.649579235603776E-002
   2.10433041666667        5.40799250000000      -1.384741689249787E-002
   2.10433041666667        5.70832541666667      -1.141930120525599E-002
   2.10433041666667        6.00865833333333      -9.338062755389126E-003
   2.10433041666667        6.30899125000000      -7.601555061398456E-003
   2.10433041666667        6.60932416666667      -6.127399740992408E-003
   2.10433041666667        6.90965708333333      -4.885844170581609E-003
   2.10433041666667        7.20999000000000      -3.982247067818434E-003
   2.40466333333333       2.000000000000000E-003 -7.709006966128475E-002
   2.40466333333333       0.302332916666667      -7.538068194793660E-002
   2.40466333333333       0.602665833333333      -7.126762598604679E-002
   2.40466333333333       0.902998750000000      -6.622148003464834E-002
   2.40466333333333        1.20333166666667      -6.109331551172539E-002
   2.40466333333333        1.50366458333333      -5.615480778745936E-002
   2.40466333333333        1.80399750000000      -5.141851295269003E-002
   2.40466333333333        2.10433041666667      -4.682599131795229E-002
   2.40466333333333        2.40466333333333      -4.235037752067882E-002
   2.40466333333333        2.70499625000000      -3.804475015820957E-002
   2.40466333333333        3.00532916666667      -3.402948454196169E-002
   2.40466333333333        3.30566208333333      -3.042777086939027E-002
   2.40466333333333        3.60599500000000      -2.728822168044160E-002
   2.40466333333333        3.90632791666667      -2.454180982421229E-002
   2.40466333333333        4.20666083333333      -2.202299582618802E-002
   2.40466333333333        4.50699375000000      -1.955054200145668E-002
   2.40466333333333        4.80732666666667      -1.702455601148955E-002
   2.40466333333333        5.10765958333333      -1.447689820368336E-002
   2.40466333333333        5.40799250000000      -1.203866819578649E-002
   2.40466333333333        5.70832541666667      -9.843230623515969E-003
   2.40466333333333        6.00865833333333      -7.919441396392259E-003
   2.40466333333333        6.30899125000000      -6.145327033342599E-003
   2.40466333333333        6.60932416666667      -4.357512774475060E-003
   2.40466333333333        6.90965708333333      -2.695264216119600E-003
   2.40466333333333        7.20999000000000      -1.786762898586265E-003
   2.70499625000000       2.000000000000000E-003 -7.010988826228554E-002
   2.70499625000000       0.302332916666667      -6.744215230526536E-002
   2.70499625000000       0.602665833333333      -6.183883234734174E-002
   2.70499625000000       0.902998750000000      -5.657997603254826E-002
   2.70499625000000        1.20333166666667      -5.236171167634074E-002
   2.70499625000000        1.50366458333333      -4.863432823105589E-002
   2.70499625000000        1.80399750000000      -4.510463649092636E-002
   2.70499625000000        2.10433041666667      -4.159929344315214E-002
   2.70499625000000        2.40466333333333      -3.804308425403688E-002
   2.70499625000000        2.70499625000000      -3.447016025290194E-002
   2.70499625000000        3.00532916666667      -3.100037260145264E-002
   2.70499625000000        3.30566208333333      -2.776854244386590E-002
   2.70499625000000        3.60599500000000      -2.484615069920188E-002
   2.70499625000000        3.90632791666667      -2.220287284896369E-002
   2.70499625000000        4.20666083333333      -1.973071559760988E-002
   2.70499625000000        4.50699375000000      -1.731689476171961E-002
   2.70499625000000        4.80732666666667      -1.492066616153564E-002
   2.70499625000000        5.10765958333333      -1.260116128069932E-002
   2.70499625000000        5.40799250000000      -1.047374671103142E-002
   2.70499625000000        5.70832541666667      -8.614783326171997E-003
   2.70499625000000        6.00865833333333      -6.945720766706269E-003
   2.70499625000000        6.30899125000000      -5.113059359546602E-003
   2.70499625000000        6.60932416666667      -2.784415033524593E-003
   2.70499625000000        6.90965708333333      -4.624018795649693E-004
   2.70499625000000        7.20999000000000       6.103096324976904E-004
   3.00532916666667       2.000000000000000E-003 -6.546942724528339E-002
   3.00532916666667       0.302332916666667      -6.128520297647663E-002
   3.00532916666667       0.602665833333333      -5.379130879546475E-002
   3.00532916666667       0.902998750000000      -4.821701814041393E-002
   3.00532916666667        1.20333166666667      -4.487583505885395E-002
   3.00532916666667        1.50366458333333      -4.223099908773777E-002
   3.00532916666667        1.80399750000000      -3.963684126072364E-002
   3.00532916666667        2.10433041666667      -3.692255040601280E-002
   3.00532916666667        2.40466333333333      -3.402957622945417E-002
   3.00532916666667        2.70499625000000      -3.100202136167270E-002
   3.00532916666667        3.00532916666667      -2.796385039810179E-002
   3.00532916666667        3.30566208333333      -2.505327573878605E-002
   3.00532916666667        3.60599500000000      -2.235280493223514E-002
   3.00532916666667        3.90632791666667      -1.985861040924238E-002
   3.00532916666667        4.20666083333333      -1.750646101319457E-002
   3.00532916666667        4.50699375000000      -1.523894965102446E-002
   3.00532916666667        4.80732666666667      -1.306342649049727E-002
   3.00532916666667        5.10765958333333      -1.105885645253903E-002
   3.00532916666667        5.40799250000000      -9.328450307735037E-003
   3.00532916666667        5.70832541666667      -7.919833799658053E-003
   3.00532916666667        6.00865833333333      -6.711197158349702E-003
   3.00532916666667        6.30899125000000      -5.253691240825661E-003
   3.00532916666667        6.60932416666667      -3.000812190763346E-003
   3.00532916666667        6.90965708333333       7.316967129057488E-005
   3.00532916666667        7.20999000000000       1.670771580652176E-003
   3.30566208333333       2.000000000000000E-003 -5.373967071487410E-002
   3.30566208333333       0.302332916666667      -4.930651304336160E-002
   3.30566208333333       0.602665833333333      -4.318066241779735E-002
   3.30566208333333       0.902998750000000      -3.983795595883441E-002
   3.30566208333333        1.20333166666667      -3.828416129242905E-002
   3.30566208333333        1.50366458333333      -3.688249787694729E-002
   3.30566208333333        1.80399750000000      -3.505681811626163E-002
   3.30566208333333        2.10433041666667      -3.289092675299297E-002
   3.30566208333333        2.40466333333333      -3.043241447542111E-002
   3.30566208333333        2.70499625000000      -2.777414408632061E-002
   3.30566208333333        3.00532916666667      -2.505687403666806E-002
   3.30566208333333        3.30566208333333      -2.241818032526013E-002
   3.30566208333333        3.60599500000000      -1.994085615534907E-002
   3.30566208333333        3.90632791666667      -1.763435057338967E-002
   3.30566208333333        4.20666083333333      -1.546193945368666E-002
   3.30566208333333        4.50699375000000      -1.340561874826243E-002
   3.30566208333333        4.80732666666667      -1.150782863089259E-002
   3.30566208333333        5.10765958333333      -9.859881542111839E-003
   3.30566208333333        5.40799250000000      -8.559559947652831E-003
   3.30566208333333        5.70832541666667      -7.672162309527159E-003
   3.30566208333333        6.00865833333333      -7.210143422935720E-003
   3.30566208333333        6.30899125000000      -6.913051683985685E-003
   3.30566208333333        6.60932416666667      -5.840656043962777E-003
   3.30566208333333        6.90965708333333      -2.953459971435494E-003
   3.30566208333333        7.20999000000000      -7.970754750140697E-004
   3.60599500000000       2.000000000000000E-003 -4.144766960309709E-002
   3.60599500000000       0.302332916666667      -3.500824714813747E-002
   3.60599500000000       0.602665833333333      -3.226883052543973E-002
   3.60599500000000       0.902998750000000      -3.241927930144836E-002
   3.60599500000000        1.20333166666667      -3.294922162458368E-002
   3.60599500000000        1.50366458333333      -3.263811986991386E-002
   3.60599500000000        1.80399750000000      -3.136037746231055E-002
   3.60599500000000        2.10433041666667      -2.951959098199544E-002
   3.60599500000000        2.40466333333333      -2.729760363555882E-002
   3.60599500000000        2.70499625000000      -2.485550148281058E-002
   3.60599500000000        3.00532916666667      -2.235962482286713E-002
   3.60599500000000        3.30566208333333      -1.994397001267582E-002
   3.60599500000000        3.60599500000000      -1.768033093572688E-002
   3.60599500000000        3.90632791666667      -1.557725451198387E-002
   3.60599500000000        4.20666083333333      -1.361132257695159E-002
   3.60599500000000        4.50699375000000      -1.178924125112608E-002
   3.60599500000000        4.80732666666667      -1.017399566536268E-002
   3.60599500000000        5.10765958333333      -8.858697227473128E-003
   3.60599500000000        5.40799250000000      -7.932050983863570E-003
   3.60599500000000        5.70832541666667      -7.486899356358850E-003
   3.60599500000000        6.00865833333333      -7.735003075038772E-003
   3.60599500000000        6.30899125000000      -8.570919563966691E-003
   3.60599500000000        6.60932416666667      -9.016113817479507E-003
   3.60599500000000        6.90965708333333      -7.349506506502141E-003
   3.60599500000000        7.20999000000000      -4.943076677064381E-003
   3.90632791666667       2.000000000000000E-003 -3.463940592207786E-002
   3.90632791666667       0.302332916666667      -2.984743771996299E-002
   3.90632791666667       0.602665833333333      -2.725093412590050E-002
   3.90632791666667       0.902998750000000      -2.820726845957072E-002
   3.90632791666667        1.20333166666667      -2.943367125272064E-002
   3.90632791666667        1.50366458333333      -2.948187620874291E-002
   3.90632791666667        1.80399750000000      -2.842011366163236E-002
   3.90632791666667        2.10433041666667      -2.669406958429099E-002
   3.90632791666667        2.40466333333333      -2.455227918369081E-002
   3.90632791666667        2.70499625000000      -2.221241740330061E-002
   3.90632791666667        3.00532916666667      -1.986539974988563E-002
   3.90632791666667        3.30566208333333      -1.763768458175462E-002
   3.90632791666667        3.60599500000000      -1.557781675166808E-002
   3.90632791666667        3.90632791666667      -1.367697021879826E-002
   3.90632791666667        4.20666083333333      -1.191405084014672E-002
   3.90632791666667        4.50699375000000      -1.030844316250562E-002
   3.90632791666667        4.80732666666667      -8.929708576713730E-003
   3.90632791666667        5.10765958333333      -7.860807294488058E-003
   3.90632791666667        5.40799250000000      -7.165189576118302E-003
   3.90632791666667        5.70832541666667      -6.910815185855193E-003
   3.90632791666667        6.00865833333333      -7.308747417510539E-003
   3.90632791666667        6.30899125000000      -8.234846804750857E-003
   3.90632791666667        6.60932416666667      -8.436239522598921E-003
   3.90632791666667        6.90965708333333      -5.867119710560680E-003
   3.90632791666667        7.20999000000000      -1.454488638201414E-003
   4.20666083333333       2.000000000000000E-003 -2.965759219114375E-002
   4.20666083333333       0.302332916666667      -2.795387203879666E-002
   4.20666083333333       0.602665833333333      -2.640744397860883E-002
   4.20666083333333       0.902998750000000      -2.668870551494877E-002
   4.20666083333333        1.20333166666667      -2.732615645518188E-002
   4.20666083333333        1.50366458333333      -2.707258974181297E-002
   4.20666083333333        1.80399750000000      -2.594489185971468E-002
   4.20666083333333        2.10433041666667      -2.418124605482370E-002
   4.20666083333333        2.40466333333333      -2.202715108986182E-002
   4.20666083333333        2.70499625000000      -1.973370682537269E-002
   4.20666083333333        3.00532916666667      -1.750728260134889E-002
   4.20666083333333        3.30566208333333      -1.546038579881413E-002
   4.20666083333333        3.60599500000000      -1.360810380581539E-002
   4.20666083333333        3.90632791666667      -1.191096586158892E-002
   4.20666083333333        4.20666083333333      -1.033706586379613E-002
   4.20666083333333        4.50699375000000      -8.906358921750332E-003
   4.20666083333333        4.80732666666667      -7.685298206010882E-003
   4.20666083333333        5.10765958333333      -6.740888592468486E-003
   4.20666083333333        5.40799250000000      -6.101246617946615E-003
   4.20666083333333        5.70832541666667      -5.763993264641846E-003
   4.20666083333333        6.00865833333333      -5.752988475057248E-003
   4.20666083333333        6.30899125000000      -5.921009993668465E-003
   4.20666083333333        6.60932416666667      -5.051314806700643E-003
   4.20666083333333        6.90965708333333      -2.076600682186653E-003
   4.20666083333333        7.20999000000000       1.501860347146527E-003
   4.50699375000000       2.000000000000000E-003 -2.711205445849046E-002
   4.50699375000000       0.302332916666667      -2.651391652134464E-002
   4.50699375000000       0.602665833333333      -2.575316883430765E-002
   4.50699375000000       0.902998750000000      -2.556572401697686E-002
   4.50699375000000        1.20333166666667      -2.547389381770878E-002
   4.50699375000000        1.50366458333333      -2.485989141005093E-002
   4.50699375000000        1.80399750000000      -2.357098592520031E-002
   4.50699375000000        2.10433041666667      -2.171794632836790E-002
   4.50699375000000        2.40466333333333      -1.953877478798444E-002
   4.50699375000000        2.70499625000000      -1.730467261564483E-002
   4.50699375000000        3.00532916666667      -1.522621671109695E-002
   4.50699375000000        3.30566208333333      -1.339269086580987E-002
   4.50699375000000        3.60599500000000      -1.177678517049745E-002
   4.50699375000000        3.90632791666667      -1.029772546822478E-002
   4.50699375000000        4.20666083333333      -8.899536792572231E-003
   4.50699375000000        4.50699375000000      -7.592885476106710E-003
   4.50699375000000        4.80732666666667      -6.438910614306598E-003
   4.50699375000000        5.10765958333333      -5.494015085515606E-003
   4.50699375000000        5.40799250000000      -4.760698001646124E-003
   4.50699375000000        5.70832541666667      -4.179085438621278E-003
   4.50699375000000        6.00865833333333      -3.644202705229671E-003
   4.50699375000000        6.30899125000000      -2.956714705468439E-003
   4.50699375000000        6.60932416666667      -1.535512226637782E-003
   4.50699375000000        6.90965708333333       9.556383758791544E-004
   4.50699375000000        7.20999000000000       3.378121630446800E-003
   4.80732666666667       2.000000000000000E-003 -2.425024574421377E-002
   4.80732666666667       0.302332916666667      -2.401750451799299E-002
   4.80732666666667       0.602665833333333      -2.368427823629438E-002
   4.80732666666667       0.902998750000000      -2.351999752967312E-002
   4.80732666666667        1.20333166666667      -2.322141932900051E-002
   4.80732666666667        1.50366458333333      -2.243363252814953E-002
   4.80732666666667        1.80399750000000      -2.103440207547511E-002
   4.80732666666667        2.10433041666667      -1.913344793371356E-002
   4.80732666666667        2.40466333333333      -1.698751945075305E-002
   4.80732666666667        2.70499625000000      -1.488468556809306E-002
   4.80732666666667        3.00532916666667      -1.302955848880068E-002
   4.80732666666667        3.30566208333333      -1.147702700577444E-002
   4.80732666666667        3.60599500000000      -1.014688950677908E-002
   4.80732666666667        3.90632791666667      -8.906913815460736E-003
   4.80732666666667        4.20666083333333      -7.667992393823739E-003
   4.80732666666667        4.50699375000000      -6.429074479026908E-003
   4.80732666666667        4.80732666666667      -5.252887733940590E-003
   4.80732666666667        5.10765958333333      -4.200021604417018E-003
   4.80732666666667        5.40799250000000      -3.269863939568640E-003
   4.80732666666667        5.70832541666667      -2.383982647571467E-003
   4.80732666666667        6.00865833333333      -1.407836083217450E-003
   4.80732666666667        6.30899125000000      -1.777747372443909E-004
   4.80732666666667        6.60932416666667       1.463467049782713E-003
   4.80732666666667        6.90965708333333       3.460854993070602E-003
   4.80732666666667        7.20999000000000       5.117273381903023E-003
   5.10765958333333       2.000000000000000E-003 -2.016501831886435E-002
   5.10765958333333       0.302332916666667      -2.024784658575306E-002
   5.10765958333333       0.602665833333333      -2.052649739248784E-002
   5.10765958333333       0.902998750000000      -2.068813279081809E-002
   5.10765958333333        1.20333166666667      -2.048287607961255E-002
   5.10765958333333        1.50366458333333      -1.969286167833265E-002
   5.10765958333333        1.80399750000000      -1.828540216742464E-002
   5.10765958333333        2.10433041666667      -1.642592389636848E-002
   5.10765958333333        2.40466333333333      -1.440797444221550E-002
   5.10765958333333        2.70499625000000      -1.253507545892734E-002
   5.10765958333333        3.00532916666667      -1.099803858974751E-002
   5.10765958333333        3.30566208333333      -9.806208861764795E-003
   5.10765958333333        3.60599500000000      -8.812911646965854E-003
   5.10765958333333        3.90632791666667      -7.822792596329143E-003
   5.10765958333333        4.20666083333333      -6.710588375572571E-003
   5.10765958333333        4.50699375000000      -5.472214522330241E-003
   5.10765958333333        4.80732666666667      -4.188322737790256E-003
   5.10765958333333        5.10765958333333      -2.942799370030790E-003
   5.10765958333333        5.40799250000000      -1.753625431150463E-003
   5.10765958333333        5.70832541666667      -5.496064446137172E-004
   5.10765958333333        6.00865833333333       8.065217403523672E-004
   5.10765958333333        6.30899125000000       2.452718143065279E-003
   5.10765958333333        6.60932416666667       4.394097119875241E-003
   5.10765958333333        6.90965708333333       6.298409361955597E-003
   5.10765958333333        7.20999000000000       7.597807454257182E-003
   5.40799250000000       2.000000000000000E-003 -1.470963239340685E-002
   5.40799250000000       0.302332916666667      -1.517511792589565E-002
   5.40799250000000       0.602665833333333      -1.627105021752638E-002
   5.40799250000000       0.902998750000000      -1.723686984779425E-002
   5.40799250000000        1.20333166666667      -1.747397423526909E-002
   5.40799250000000        1.50366458333333      -1.681214295643589E-002
   5.40799250000000        1.80399750000000      -1.548055502318590E-002
   5.40799250000000        2.10433041666667      -1.374340810311002E-002
   5.40799250000000        2.40466333333333      -1.193556699601181E-002
   5.40799250000000        2.70499625000000      -1.037482487555016E-002
   5.40799250000000        3.00532916666667      -9.237869575130130E-003
   5.40799250000000        3.30566208333333      -8.480657647034087E-003
   5.40799250000000        3.60599500000000      -7.866052635191403E-003
   5.40799250000000        3.90632791666667      -7.111159135866532E-003
   5.40799250000000        4.20666083333333      -6.057491835599157E-003
   5.40799250000000        4.50699375000000      -4.726472649341999E-003
   5.40799250000000        4.80732666666667      -3.245904027316104E-003
   5.40799250000000        5.10765958333333      -1.741305408692829E-003
   5.40799250000000        5.40799250000000      -2.625567716947209E-004
   5.40799250000000        5.70832541666667       1.244503855251740E-003
   5.40799250000000        6.00865833333333       2.948059501352006E-003
   5.40799250000000        6.30899125000000       5.070610972039535E-003
   5.40799250000000        6.60932416666667       7.580003396011980E-003
   5.40799250000000        6.90965708333333       9.979160407339073E-003
   5.40799250000000        7.20999000000000       1.134349199097924E-002
   5.70832541666667       2.000000000000000E-003 -7.729444412800084E-003
   5.70832541666667       0.302332916666667      -8.806312934292768E-003
   5.70832541666667       0.602665833333333      -1.121625269104229E-002
   5.70832541666667       0.902998750000000      -1.336643734751827E-002
   5.70832541666667        1.20333166666667      -1.436041750550028E-002
   5.70832541666667        1.50366458333333      -1.408848136666993E-002
   5.70832541666667        1.80399750000000      -1.287790158451715E-002
   5.70832541666667        2.10433041666667      -1.128444246767556E-002
   5.70832541666667        2.40466333333333      -9.708165764416417E-003
   5.70832541666667        2.70499625000000      -8.483997124105823E-003
   5.70832541666667        3.00532916666667      -7.799589148092242E-003
   5.70832541666667        3.30566208333333      -7.568337050581009E-003
   5.70832541666667        3.60599500000000      -7.402134994633132E-003
   5.70832541666667        3.90632791666667      -6.843027263665568E-003
   5.70832541666667        4.20666083333333      -5.708800149951833E-003
   5.70832541666667        4.50699375000000      -4.133719166601049E-003
   5.70832541666667        4.80732666666667      -2.348531596166708E-003
   5.70832541666667        5.10765958333333      -5.256268786376136E-004
   5.70832541666667        5.40799250000000       1.255994056160814E-003
   5.70832541666667        5.70832541666667       3.032096793076525E-003
   5.70832541666667        6.00865833333333       5.040720060968687E-003
   5.70832541666667        6.30899125000000       7.620376733673468E-003
   5.70832541666667        6.60932416666667       1.104762451388159E-002
   5.70832541666667        6.90965708333333       1.468000863790585E-002
   5.70832541666667        7.20999000000000       1.659138766087109E-002
   6.00865833333333       2.000000000000000E-003  1.499779479934901E-004
   6.00865833333333       0.302332916666667      -1.978223104015768E-003
   6.00865833333333       0.602665833333333      -6.320793033113642E-003
   6.00865833333333       0.902998750000000      -9.825725536720139E-003
   6.00865833333333        1.20333166666667      -1.154996148956021E-002
   6.00865833333333        1.50366458333333      -1.168524318222421E-002
   6.00865833333333        1.80399750000000      -1.068450311119221E-002
   6.00865833333333        2.10433041666667      -9.179274750710410E-003
   6.00865833333333        2.40466333333333      -7.757910066887912E-003
   6.00865833333333        2.70499625000000      -6.786040677843188E-003
   6.00865833333333        3.00532916666667      -6.561636801421390E-003
   6.00865833333333        3.30566208333333      -7.081974414954569E-003
   6.00865833333333        3.60599500000000      -7.635764529439048E-003
   6.00865833333333        3.90632791666667      -7.233648234244570E-003
   6.00865833333333        4.20666083333333      -5.690991872877977E-003
   6.00865833333333        4.50699375000000      -3.589776309832618E-003
   6.00865833333333        4.80732666666667      -1.361862593805662E-003
   6.00865833333333        5.10765958333333       8.410208494920635E-004
   6.00865833333333        5.40799250000000       2.969023435869121E-003
   6.00865833333333        5.70832541666667       5.049702119689314E-003
   6.00865833333333        6.00865833333333       7.198190312787071E-003
   6.00865833333333        6.30899125000000       9.970438439125163E-003
   6.00865833333333        6.60932416666667       1.445228132565501E-002
   6.00865833333333        6.90965708333333       2.047555611258690E-002
   6.00865833333333        7.20999000000000       2.383248953709987E-002
   6.30899125000000       2.000000000000000E-003  7.395607559979596E-003
   6.30899125000000       0.302332916666667       3.506218969952620E-003
   6.30899125000000       0.602665833333333      -2.782210788638488E-003
   6.30899125000000       0.902998750000000      -6.940325135723791E-003
   6.30899125000000        1.20333166666667      -9.088982194784007E-003
   6.30899125000000        1.50366458333333      -9.626586599649468E-003
   6.30899125000000        1.80399750000000      -8.885072983563053E-003
   6.30899125000000        2.10433041666667      -7.427444292705922E-003
   6.30899125000000        2.40466333333333      -5.964451796776942E-003
   6.30899125000000        2.70499625000000      -4.926224057783757E-003
   6.30899125000000        3.00532916666667      -5.071595727499933E-003
   6.30899125000000        3.30566208333333      -6.760226854586898E-003
   6.30899125000000        3.60599500000000      -8.463931966070933E-003
   6.30899125000000        3.90632791666667      -8.161580591443889E-003
   6.30899125000000        4.20666083333333      -5.857508562676043E-003
   6.30899125000000        4.50699375000000      -2.893639868111029E-003
   6.30899125000000        4.80732666666667      -1.201668955384061E-004
   6.30899125000000        5.10765958333333       2.497808425197134E-003
   6.30899125000000        5.40799250000000       5.100224736106202E-003
   6.30899125000000        5.70832541666667       7.637061145666995E-003
   6.30899125000000        6.00865833333333       9.978364802345700E-003
   6.30899125000000        6.30899125000000       1.242976950142514E-002
   6.30899125000000        6.60932416666667       1.702886812496138E-002
   6.30899125000000        6.90965708333333       2.651739056301253E-002
   6.30899125000000        7.20999000000000       3.339871790957513E-002
   6.60932416666667       2.000000000000000E-003  1.187927539623050E-002
   6.60932416666667       0.302332916666667       5.439725785467486E-003
   6.60932416666667       0.602665833333333      -8.717463521952518E-005
   6.60932416666667       0.902998750000000      -3.415018751555969E-003
   6.60932416666667        1.20333166666667      -6.245613612472589E-003
   6.60932416666667        1.50366458333333      -7.608233998282501E-003
   6.60932416666667        1.80399750000000      -7.333002084960686E-003
   6.60932416666667        2.10433041666667      -5.947237084608771E-003
   6.60932416666667        2.40466333333333      -4.166175654876335E-003
   6.60932416666667        2.70499625000000      -2.576296176729141E-003
   6.60932416666667        3.00532916666667      -2.789918811923814E-003
   6.60932416666667        3.30566208333333      -5.662418690074476E-003
   6.60932416666667        3.60599500000000      -8.905857197315436E-003
   6.60932416666667        3.90632791666667      -8.366447161772936E-003
   6.60932416666667        4.20666083333333      -4.977725316280641E-003
   6.60932416666667        4.50699375000000      -1.454493694289770E-003
   6.60932416666667        4.80732666666667       1.538721746853671E-003
   6.60932416666667        5.10765958333333       4.452710878208551E-003
   6.60932416666667        5.40799250000000       7.620136320671662E-003
   6.60932416666667        5.70832541666667       1.107332028115797E-002
   6.60932416666667        6.00865833333333       1.447121952058453E-002
   6.60932416666667        6.30899125000000       1.704648519597462E-002
   6.60932416666667        6.60932416666667       1.927847952692296E-002
   6.60932416666667        6.90965708333333       2.916220302681863E-002
   6.60932416666667        7.20999000000000       4.279608264915902E-002
   6.90965708333333       2.000000000000000E-003  1.359973143751444E-002
   6.90965708333333       0.302332916666667       7.251310413639901E-003
   6.90965708333333       0.602665833333333       8.224756635997844E-003
   6.90965708333333       0.902998750000000       3.113130894498734E-003
   6.90965708333333        1.20333166666667      -2.543954965782316E-003
   6.90965708333333        1.50366458333333      -5.503322453880292E-003
   6.90965708333333        1.80399750000000      -5.944492571584938E-003
   6.90965708333333        2.10433041666667      -4.710144638726106E-003
   6.90965708333333        2.40466333333333      -2.507902072582635E-003
   6.90965708333333        2.70499625000000      -2.582469968703477E-004
   6.90965708333333        3.00532916666667       2.874113427409689E-004
   6.90965708333333        3.30566208333333      -2.760504893596172E-003
   6.90965708333333        3.60599500000000      -7.235407508126106E-003
   6.90965708333333        3.90632791666667      -5.777122733966288E-003
   6.90965708333333        4.20666083333333      -1.960799179618560E-003
   6.90965708333333        4.50699375000000       1.076572079579964E-003
   6.90965708333333        4.80732666666667       3.564718511591812E-003
   6.90965708333333        5.10765958333333       6.376199453634384E-003
   6.90965708333333        5.40799250000000       1.003352038130447E-002
   6.90965708333333        5.70832541666667       1.471776120466883E-002
   6.90965708333333        6.00865833333333       2.050954720112192E-002
   6.90965708333333        6.30899125000000       2.656605624244218E-002
   6.90965708333333        6.60932416666667       2.922588368082775E-002
   6.90965708333333        6.90965708333333       2.690229184710747E-002
   6.90965708333333        7.20999000000000       3.927489269895577E-002
   7.20999000000000       2.000000000000000E-003  8.778896883037277E-003
   7.20999000000000       0.302332916666667       1.765261860372495E-002
   7.20999000000000       0.602665833333333       1.914408218146823E-002
   7.20999000000000       0.902998750000000       8.544111255467095E-003
   7.20999000000000        1.20333166666667       2.160142226354314E-004
   7.20999000000000        1.50366458333333      -3.846721237062532E-003
   7.20999000000000        1.80399750000000      -4.799286581371550E-003
   7.20999000000000        2.10433041666667      -3.820539174223102E-003
   7.20999000000000        2.40466333333333      -1.623674312266525E-003
   7.20999000000000        2.70499625000000       7.730890085585608E-004
   7.20999000000000        3.00532916666667       1.826832112643181E-003
   7.20999000000000        3.30566208333333      -6.572117055480896E-004
   7.20999000000000        3.60599500000000      -4.828086778461110E-003
   7.20999000000000        3.90632791666667      -1.290741170390055E-003
   7.20999000000000        4.20666083333333       1.692252534841066E-003
   7.20999000000000        4.50699375000000       3.552089081103354E-003
   7.20999000000000        4.80732666666667       5.255603559393843E-003
   7.20999000000000        5.10765958333333       7.698420506028482E-003
   7.20999000000000        5.40799250000000       1.141566045509089E-002
   7.20999000000000        5.70832541666667       1.664395296332659E-002
   7.20999000000000        6.00865833333333       2.388053209074483E-002
   7.20999000000000        6.30899125000000       3.346747459647031E-002
   7.20999000000000        6.60932416666667       4.290482333010855E-002
   7.20999000000000        6.90965708333333       3.935493429355364E-002
   7.20999000000000        7.20999000000000       2.535254906842278E-002
