  2.000000000000000E-003  2.000000000000000E-003  -2.22278912071119     
  2.000000000000000E-003  0.302332916666667       -2.23370192468269     
  2.000000000000000E-003  0.602665833333333       -1.89147606066792     
  2.000000000000000E-003  0.902998750000000       -1.43794351572423     
  2.000000000000000E-003   1.20333166666667       -1.06869978424802     
  2.000000000000000E-003   1.50366458333333      -0.796769285588699     
  2.000000000000000E-003   1.80399750000000      -0.598701822231348     
  2.000000000000000E-003   2.10433041666667      -0.453103883187279     
  2.000000000000000E-003   2.40466333333333      -0.341491653070358     
  2.000000000000000E-003   2.70499625000000      -0.257198709760064     
  2.000000000000000E-003   3.00532916666667      -0.204908705786974     
  2.000000000000000E-003   3.30566208333333      -0.192446750664595     
  2.000000000000000E-003   3.60599500000000      -0.204629464921400     
  2.000000000000000E-003   3.90632791666667      -0.150521266651883     
  2.000000000000000E-003   4.20666083333333      -0.114120285049231     
  2.000000000000000E-003   4.50699375000000      -9.804152590825158E-002
  2.000000000000000E-003   4.80732666666667      -9.249268413831707E-002
  2.000000000000000E-003   5.10765958333333      -8.988239562995201E-002
  2.000000000000000E-003   5.40799250000000      -8.750071924608036E-002
  2.000000000000000E-003   5.70832541666667      -8.654004360994041E-002
  2.000000000000000E-003   6.00865833333333      -8.473164585644538E-002
  2.000000000000000E-003   6.30899125000000      -7.789363920152834E-002
  2.000000000000000E-003   6.60932416666667      -6.445482069361207E-002
  2.000000000000000E-003   6.90965708333333      -6.113271786369321E-002
  2.000000000000000E-003   7.20999000000000      -6.446840035403123E-002
  0.302332916666667       2.000000000000000E-003  -2.23378640981727     
  0.302332916666667       0.302332916666667       -2.00151033276373     
  0.302332916666667       0.602665833333333       -1.69035248116652     
  0.302332916666667       0.902998750000000       -1.33243865281892     
  0.302332916666667        1.20333166666667       -1.01567895551658     
  0.302332916666667        1.50366458333333      -0.769251796101792     
  0.302332916666667        1.80399750000000      -0.584590775846958     
  0.302332916666667        2.10433041666667      -0.447153571855738     
  0.302332916666667        2.40466333333333      -0.342384856120954     
  0.302332916666667        2.70499625000000      -0.263797796572525     
  0.302332916666667        3.00532916666667      -0.218124443399976     
  0.302332916666667        3.30566208333333      -0.209078964958575     
  0.302332916666667        3.60599500000000      -0.209215945368882     
  0.302332916666667        3.90632791666667      -0.166281747749779     
  0.302332916666667        4.20666083333333      -0.125200494849859     
  0.302332916666667        4.50699375000000      -0.104131291998722     
  0.302332916666667        4.80732666666667      -9.581428175309277E-002
  0.302332916666667        5.10765958333333      -9.124517949408724E-002
  0.302332916666667        5.40799250000000      -8.789816624020845E-002
  0.302332916666667        5.70832541666667      -8.632938189305144E-002
  0.302332916666667        6.00865833333333      -8.411623783059179E-002
  0.302332916666667        6.30899125000000      -7.768178003173337E-002
  0.302332916666667        6.60932416666667      -6.622545678127015E-002
  0.302332916666667        6.90965708333333      -6.214879740747277E-002
  0.302332916666667        7.20999000000000      -7.025366509768141E-002
  0.602665833333333       2.000000000000000E-003  -1.89160570269169     
  0.602665833333333       0.302332916666667       -1.69044433033783     
  0.602665833333333       0.602665833333333       -1.39092893048205     
  0.602665833333333       0.902998750000000       -1.12797095593774     
  0.602665833333333        1.20333166666667      -0.895118460671083     
  0.602665833333333        1.50366458333333      -0.701172292915062     
  0.602665833333333        1.80399750000000      -0.547544712701084     
  0.602665833333333        2.10433041666667      -0.429812783871395     
  0.602665833333333        2.40466333333333      -0.341055003911236     
  0.602665833333333        2.70499625000000      -0.274754117345219     
  0.602665833333333        3.00532916666667      -0.237719167703202     
  0.602665833333333        3.30566208333333      -0.226051848364372     
  0.602665833333333        3.60599500000000      -0.215311763905559     
  0.602665833333333        3.90632791666667      -0.181448899136023     
  0.602665833333333        4.20666083333333      -0.142324365523797     
  0.602665833333333        4.50699375000000      -0.116244218925789     
  0.602665833333333        4.80732666666667      -0.102984522468155     
  0.602665833333333        5.10765958333333      -9.437795890767862E-002
  0.602665833333333        5.40799250000000      -8.908549152208342E-002
  0.602665833333333        5.70832541666667      -8.603531887578200E-002
  0.602665833333333        6.00865833333333      -8.290776818671028E-002
  0.602665833333333        6.30899125000000      -7.754315630950351E-002
  0.602665833333333        6.60932416666667      -7.084246786025636E-002
  0.602665833333333        6.90965708333333      -6.988975033817348E-002
  0.602665833333333        7.20999000000000      -7.265478073842775E-002
  0.902998750000000       2.000000000000000E-003  -1.43810486993755     
  0.902998750000000       0.302332916666667       -1.33257931621214     
  0.902998750000000       0.602665833333333       -1.12804537932494     
  0.902998750000000       0.902998750000000      -0.932893640358959     
  0.902998750000000        1.20333166666667      -0.763043177775378     
  0.902998750000000        1.50366458333333      -0.618107835843299     
  0.902998750000000        1.80399750000000      -0.498579292037752     
  0.902998750000000        2.10433041666667      -0.404125795997364     
  0.902998750000000        2.40466333333333      -0.331748444843770     
  0.902998750000000        2.70499625000000      -0.278470707260547     
  0.902998750000000        3.00532916666667      -0.245069642152450     
  0.902998750000000        3.30566208333333      -0.227109834653895     
  0.902998750000000        3.60599500000000      -0.209531798394210     
  0.902998750000000        3.90632791666667      -0.181652370815368     
  0.902998750000000        4.20666083333333      -0.149921873156888     
  0.902998750000000        4.50699375000000      -0.125048056582471     
  0.902998750000000        4.80732666666667      -0.108753325422158     
  0.902998750000000        5.10765958333333      -9.788836920801462E-002
  0.902998750000000        5.40799250000000      -9.080141169706400E-002
  0.902998750000000        5.70832541666667      -8.622622337744229E-002
  0.902998750000000        6.00865833333333      -8.211833472009292E-002
  0.902998750000000        6.30899125000000      -7.732508007059759E-002
  0.902998750000000        6.60932416666667      -7.278138219284001E-002
  0.902998750000000        6.90965708333333      -7.082834296639566E-002
  0.902998750000000        7.20999000000000      -6.940044936158071E-002
   1.20333166666667       2.000000000000000E-003  -1.06890077711255     
   1.20333166666667       0.302332916666667       -1.01586282479403     
   1.20333166666667       0.602665833333333      -0.895250492344198     
   1.20333166666667       0.902998750000000      -0.763108273202887     
   1.20333166666667        1.20333166666667      -0.642100783395859     
   1.20333166666667        1.50366458333333      -0.536380770640461     
   1.20333166666667        1.80399750000000      -0.446664209476529     
   1.20333166666667        2.10433041666667      -0.373200640020707     
   1.20333166666667        2.40466333333333      -0.315168816353843     
   1.20333166666667        2.70499625000000      -0.271566688129869     
   1.20333166666667        3.00532916666667      -0.240719990081015     
   1.20333166666667        3.30566208333333      -0.218785796220029     
   1.20333166666667        3.60599500000000      -0.198384449426558     
   1.20333166666667        3.90632791666667      -0.174513315598806     
   1.20333166666667        4.20666083333333      -0.149479852337484     
   1.20333166666667        4.50699375000000      -0.128051424114279     
   1.20333166666667        4.80732666666667      -0.111921303284509     
   1.20333166666667        5.10765958333333      -0.100600416387921     
   1.20333166666667        5.40799250000000      -9.275272703974792E-002
   1.20333166666667        5.70832541666667      -8.707382496144971E-002
   1.20333166666667        6.00865833333333      -8.210815077178837E-002
   1.20333166666667        6.30899125000000      -7.712446749543697E-002
   1.20333166666667        6.60932416666667      -7.257006067563702E-002
   1.20333166666667        6.90965708333333      -6.914834625717987E-002
   1.20333166666667        7.20999000000000      -6.606036737478579E-002
   1.50366458333333       2.000000000000000E-003 -0.797009525195866     
   1.50366458333333       0.302332916666667      -0.769473750912639     
   1.50366458333333       0.602665833333333      -0.701348288674908     
   1.50366458333333       0.902998750000000      -0.618223073674121     
   1.50366458333333        1.20333166666667      -0.536433942456005     
   1.50366458333333        1.50366458333333      -0.461931367863862     
   1.50366458333333        1.80399750000000      -0.396300095238994     
   1.50366458333333        2.10433041666667      -0.340337721592106     
   1.50366458333333        2.40466333333333      -0.294527726486524     
   1.50366458333333        2.70499625000000      -0.258444254776002     
   1.50366458333333        3.00532916666667      -0.230531441820894     
   1.50366458333333        3.30566208333333      -0.207983192143906     
   1.50366458333333        3.60599500000000      -0.187359393005465     
   1.50366458333333        3.90632791666667      -0.166543653912645     
   1.50366458333333        4.20666083333333      -0.146073402307065     
   1.50366458333333        4.50699375000000      -0.127856024672918     
   1.50366458333333        4.80732666666667      -0.113246580935427     
   1.50366458333333        5.10765958333333      -0.102392155106549     
   1.50366458333333        5.40799250000000      -9.447246112407684E-002
   1.50366458333333        5.70832541666667      -8.826209110943041E-002
   1.50366458333333        6.00865833333333      -8.267084686989871E-002
   1.50366458333333        6.30899125000000      -7.720928461482912E-002
   1.50366458333333        6.60932416666667      -7.208842214527725E-002
   1.50366458333333        6.90965708333333      -6.765610252698652E-002
   1.50366458333333        7.20999000000000      -6.374269930564551E-002
   1.80399750000000       2.000000000000000E-003 -0.598969284275457     
   1.80399750000000       0.302332916666667      -0.584837145979878     
   1.80399750000000       0.602665833333333      -0.547746365347720     
   1.80399750000000       0.902998750000000      -0.498724486214824     
   1.80399750000000        1.20333166666667      -0.446751632647843     
   1.80399750000000        1.50366458333333      -0.396337479280229     
   1.80399750000000        1.80399750000000      -0.349565887855473     
   1.80399750000000        2.10433041666667      -0.307998154333487     
   1.80399750000000        2.40466333333333      -0.272429447733444     
   1.80399750000000        2.70499625000000      -0.242822145111043     
   1.80399750000000        3.00532916666667      -0.218283895475396     
   1.80399750000000        3.30566208333333      -0.197234226302583     
   1.80399750000000        3.60599500000000      -0.177965015208150     
   1.80399750000000        3.90632791666667      -0.159486089416853     
   1.80399750000000        4.20666083333333      -0.141977851284891     
   1.80399750000000        4.50699375000000      -0.126364091308130     
   1.80399750000000        4.80732666666667      -0.113460435044346     
   1.80399750000000        5.10765958333333      -0.103411489538650     
   1.80399750000000        5.40799250000000      -9.564915029821631E-002
   1.80399750000000        5.70832541666667      -8.923699447667796E-002
   1.80399750000000        6.00865833333333      -8.331932341591559E-002
   1.80399750000000        6.30899125000000      -7.744481792310805E-002
   1.80399750000000        6.60932416666667      -7.177486053537938E-002
   1.80399750000000        6.90965708333333      -6.663508265275282E-002
   1.80399750000000        7.20999000000000      -6.216117480051048E-002
   2.10433041666667       2.000000000000000E-003 -0.453381516513744     
   2.10433041666667       0.302332916666667      -0.447403602957801     
   2.10433041666667       0.602665833333333      -0.430016115361447     
   2.10433041666667       0.902998750000000      -0.404275309666579     
   2.10433041666667        1.20333166666667      -0.373301064239980     
   2.10433041666667        1.50366458333333      -0.340396910682348     
   2.10433041666667        1.80399750000000      -0.308024046193387     
   2.10433041666667        2.10433041666667      -0.277754081849086     
   2.10433041666667        2.40466333333333      -0.250447698541594     
   2.10433041666667        2.70499625000000      -0.226366952732085     
   2.10433041666667        3.00532916666667      -0.205232851726471     
   2.10433041666667        3.30566208333333      -0.186364863834541     
   2.10433041666667        3.60599500000000      -0.169003007366382     
   2.10433041666667        3.90632791666667      -0.152717996744564     
   2.10433041666667        4.20666083333333      -0.137625538304638     
   2.10433041666667        4.50699375000000      -0.124211867648474     
   2.10433041666667        4.80732666666667      -0.112909462431470     
   2.10433041666667        5.10765958333333      -0.103743392234809     
   2.10433041666667        5.40799250000000      -9.626426886652135E-002
   2.10433041666667        5.70832541666667      -8.976733905057972E-002
   2.10433041666667        6.00865833333333      -8.362256166878689E-002
   2.10433041666667        6.30899125000000      -7.750517005059625E-002
   2.10433041666667        6.60932416666667      -7.144516065970537E-002
   2.10433041666667        6.90965708333333      -6.578906628285057E-002
   2.10433041666667        7.20999000000000      -6.089511232612783E-002
   2.40466333333333       2.000000000000000E-003 -0.341772050907773     
   2.40466333333333       0.302332916666667      -0.342624854338992     
   2.40466333333333       0.602665833333333      -0.341238727269908     
   2.40466333333333       0.902998750000000      -0.331884662322543     
   2.40466333333333        1.20333166666667      -0.315268018241099     
   2.40466333333333        1.50366458333333      -0.294596334702903     
   2.40466333333333        1.80399750000000      -0.272471659205237     
   2.40466333333333        2.10433041666667      -0.250467092307496     
   2.40466333333333        2.40466333333333      -0.229465211777622     
   2.40466333333333        2.70499625000000      -0.209922948091975     
   2.40466333333333        3.00532916666667      -0.191972559928193     
   2.40466333333333        3.30566208333333      -0.175489702723221     
   2.40466333333333        3.60599500000000      -0.160239412459760     
   2.40466333333333        3.90632791666667      -0.146084580858453     
   2.40466333333333        4.20666083333333      -0.133116507935807     
   2.40466333333333        4.50699375000000      -0.121588321770977     
   2.40466333333333        4.80732666666667      -0.111695832845595     
   2.40466333333333        5.10765958333333      -0.103372133979260     
   2.40466333333333        5.40799250000000      -9.624546222092768E-002
   2.40466333333333        5.70832541666667      -8.978784372923819E-002
   2.40466333333333        6.00865833333333      -8.354001034646968E-002
   2.40466333333333        6.30899125000000      -7.724989312138114E-002
   2.40466333333333        6.60932416666667      -7.087728864338587E-002
   2.40466333333333        6.90965708333333      -6.467527546081092E-002
   2.40466333333333        7.20999000000000      -5.943243119412565E-002
   2.70499625000000       2.000000000000000E-003 -0.257474643009626     
   2.70499625000000       0.302332916666667      -0.264013264267500     
   2.70499625000000       0.602665833333333      -0.274901108007816     
   2.70499625000000       0.902998750000000      -0.278577413519212     
   2.70499625000000        1.20333166666667      -0.271653361417774     
   2.70499625000000        1.50366458333333      -0.258514097215332     
   2.70499625000000        1.80399750000000      -0.242874378180170     
   2.70499625000000        2.10433041666667      -0.226401068308319     
   2.70499625000000        2.40466333333333      -0.209939393010062     
   2.70499625000000        2.70499625000000      -0.194009147722465     
   2.70499625000000        3.00532916666667      -0.178930355697106     
   2.70499625000000        3.30566208333333      -0.164836943622479     
   2.70499625000000        3.60599500000000      -0.151729149418111     
   2.70499625000000        3.90632791666667      -0.139589700404504     
   2.70499625000000        4.20666083333333      -0.128481732046842     
   2.70499625000000        4.50699375000000      -0.118533337919850     
   2.70499625000000        4.80732666666667      -0.109818806210695     
   2.70499625000000        5.10765958333333      -0.102236230210367     
   2.70499625000000        5.40799250000000      -9.548707488452807E-002
   2.70499625000000        5.70832541666667      -8.918681608527439E-002
   2.70499625000000        6.00865833333333      -8.301692081131677E-002
   2.70499625000000        6.30899125000000      -7.674763051412423E-002
   2.70499625000000        6.60932416666667      -7.005124270394748E-002
   2.70499625000000        6.90965708333333      -6.323239640059905E-002
   2.70499625000000        7.20999000000000      -5.773386833863739E-002
   3.00532916666667       2.000000000000000E-003 -0.205163763034358     
   3.00532916666667       0.302332916666667      -0.218285513322132     
   3.00532916666667       0.602665833333333      -0.237800529032388     
   3.00532916666667       0.902998750000000      -0.245132006656390     
   3.00532916666667        1.20333166666667      -0.240790345719151     
   3.00532916666667        1.50366458333333      -0.230601774602654     
   3.00532916666667        1.80399750000000      -0.218344981273501     
   3.00532916666667        2.10433041666667      -0.205279913994473     
   3.00532916666667        2.40466333333333      -0.192003584843820     
   3.00532916666667        2.70499625000000      -0.178945252805068     
   3.00532916666667        3.00532916666667      -0.166422747064186     
   3.00532916666667        3.30566208333333      -0.154608846224806     
   3.00532916666667        3.60599500000000      -0.143546218802586     
   3.00532916666667        3.90632791666667      -0.133231906715936     
   3.00532916666667        4.20666083333333      -0.123701454370721     
   3.00532916666667        4.50699375000000      -0.115030434179381     
   3.00532916666667        4.80732666666667      -0.107254728503472     
   3.00532916666667        5.10765958333333      -0.100284577259994     
   3.00532916666667        5.40799250000000      -9.389725394171924E-002
   3.00532916666667        5.70832541666667      -8.783598170771890E-002
   3.00532916666667        6.00865833333333      -8.194833497724226E-002
   3.00532916666667        6.30899125000000      -7.605172328525545E-002
   3.00532916666667        6.60932416666667      -6.956491977619485E-002
   3.00532916666667        6.90965708333333      -6.251625973242918E-002
   3.00532916666667        7.20999000000000      -5.683954111209596E-002
   3.30566208333333       2.000000000000000E-003 -0.192675590999357     
   3.30566208333333       0.302332916666667      -0.209178540988461     
   3.30566208333333       0.602665833333333      -0.226082506461420     
   3.30566208333333       0.902998750000000      -0.227151246185474     
   3.30566208333333        1.20333166666667      -0.218854535637174     
   3.30566208333333        1.50366458333333      -0.208063243771312     
   3.30566208333333        1.80399750000000      -0.197308549299853     
   3.30566208333333        2.10433041666667      -0.186426096112333     
   3.30566208333333        2.40466333333333      -0.175534705763803     
   3.30566208333333        2.70499625000000      -0.164865211024726     
   3.30566208333333        3.00532916666667      -0.154621728343009     
   3.30566208333333        3.30566208333333      -0.144898114441813     
   3.30566208333333        3.60599500000000      -0.135685019896547     
   3.30566208333333        3.90632791666667      -0.126950147795068     
   3.30566208333333        4.20666083333333      -0.118716075077806     
   3.30566208333333        4.50699375000000      -0.111053746146583     
   3.30566208333333        4.80732666666667      -0.104007229175242     
   3.30566208333333        5.10765958333333      -9.752104791340128E-002
   3.30566208333333        5.40799250000000      -9.144006067166242E-002
   3.30566208333333        5.70832541666667      -8.560965400812409E-002
   3.30566208333333        6.00865833333333      -8.005167187213533E-002
   3.30566208333333        6.30899125000000      -7.466352248010404E-002
   3.30566208333333        6.60932416666667      -6.926331206379165E-002
   3.30566208333333        6.90965708333333      -6.355553001643133E-002
   3.30566208333333        7.20999000000000      -5.797394357384671E-002
   3.60599500000000       2.000000000000000E-003 -0.204798291844411     
   3.60599500000000       0.302332916666667      -0.209351070802769     
   3.60599500000000       0.602665833333333      -0.215404195617321     
   3.60599500000000       0.902998750000000      -0.209623782483785     
   3.60599500000000        1.20333166666667      -0.198487880250158     
   3.60599500000000        1.50366458333333      -0.187464740122095     
   3.60599500000000        1.80399750000000      -0.178059551400916     
   3.60599500000000        2.10433041666667      -0.169080849995890     
   3.60599500000000        2.40466333333333      -0.160298187926942     
   3.60599500000000        2.70499625000000      -0.151769056663484     
   3.60599500000000        3.00532916666667      -0.143569409849158     
   3.60599500000000        3.30566208333333      -0.135694803467588     
   3.60599500000000        3.60599500000000      -0.128075394554524     
   3.60599500000000        3.90632791666667      -0.120658334805609     
   3.60599500000000        4.20666083333333      -0.113474940818513     
   3.60599500000000        4.50699375000000      -0.106614965426621     
   3.60599500000000        4.80732666666667      -0.100144112569300     
   3.60599500000000        5.10765958333333      -9.403811348803456E-002
   3.60599500000000        5.40799250000000      -8.818599881035459E-002
   3.60599500000000        5.70832541666667      -8.247827554966752E-002
   3.60599500000000        6.00865833333333      -7.694746632578565E-002
   3.60599500000000        6.30899125000000      -7.157863256279873E-002
   3.60599500000000        6.60932416666667      -6.671552421227361E-002
   3.60599500000000        6.90965708333333      -6.304968500957855E-002
   3.60599500000000        7.20999000000000      -5.923736891049516E-002
   3.90632791666667       2.000000000000000E-003 -0.150915039800298     
   3.90632791666667       0.302332916666667      -0.166655419199760     
   3.90632791666667       0.602665833333333      -0.181717339182075     
   3.90632791666667       0.902998750000000      -0.181851252723820     
   3.90632791666667        1.20333166666667      -0.174676761082662     
   3.90632791666667        1.50366458333333      -0.166684172479140     
   3.90632791666667        1.80399750000000      -0.159604526544097     
   3.90632791666667        2.10433041666667      -0.152812846348820     
   3.90632791666667        2.40466333333333      -0.146155489137383     
   3.90632791666667        2.70499625000000      -0.139638392178300     
   3.90632791666667        3.00532916666667      -0.133261982893734     
   3.90632791666667        3.30566208333333      -0.126966196477143     
   3.90632791666667        3.60599500000000      -0.120664753428061     
   3.90632791666667        3.90632791666667      -0.114321415344224     
   3.90632791666667        4.20666083333333      -0.107994677171920     
   3.90632791666667        4.50699375000000      -0.101797088953949     
   3.90632791666667        4.80732666666667      -9.580910192095582E-002
   3.90632791666667        5.10765958333333      -9.002116199274512E-002
   3.90632791666667        5.40799250000000      -8.434128342776064E-002
   3.90632791666667        5.70832541666667      -7.865802186152625E-002
   3.90632791666667        6.00865833333333      -7.287562374863660E-002
   3.90632791666667        6.30899125000000      -6.684219747559395E-002
   3.90632791666667        6.60932416666667      -6.073768369473970E-002
   3.90632791666667        6.90965708333333      -5.535271410231325E-002
   3.90632791666667        7.20999000000000      -5.312480817370290E-002
   4.20666083333333       2.000000000000000E-003 -0.114632540074668     
   4.20666083333333       0.302332916666667      -0.125697502432032     
   4.20666083333333       0.602665833333333      -0.142706610654914     
   4.20666083333333       0.902998750000000      -0.150199912708939     
   4.20666083333333        1.20333166666667      -0.149690188639659     
   4.20666083333333        1.50366458333333      -0.146243468012475     
   4.20666083333333        1.80399750000000      -0.142115863437085     
   4.20666083333333        2.10433041666667      -0.137732956536736     
   4.20666083333333        2.40466333333333      -0.133194715200762     
   4.20666083333333        2.70499625000000      -0.128534151518344     
   4.20666083333333        3.00532916666667      -0.123733573849110     
   4.20666083333333        3.30566208333333      -0.118734285022443     
   4.20666083333333        3.60599500000000      -0.113484845535138     
   4.20666083333333        3.90632791666667      -0.107999559005586     
   4.20666083333333        4.20666083333333      -0.102376134731238     
   4.20666083333333        4.50699375000000      -9.674578937824133E-002
   4.20666083333333        4.80732666666667      -9.119145519547282E-002
   4.20666083333333        5.10765958333333      -8.570211113514835E-002
   4.20666083333333        5.40799250000000      -8.019282979780584E-002
   4.20666083333333        5.70832541666667      -7.455928504155845E-002
   4.20666083333333        6.00865833333333      -6.866681612891121E-002
   4.20666083333333        6.30899125000000      -6.223062606356610E-002
   4.20666083333333        6.60932416666667      -5.549287774277983E-002
   4.20666083333333        6.90965708333333      -4.970634705610062E-002
   4.20666083333333        7.20999000000000      -4.768969166006411E-002
   4.50699375000000       2.000000000000000E-003 -9.848594053717799E-002
   4.50699375000000       0.302332916666667      -0.104571297347914     
   4.50699375000000       0.602665833333333      -0.116610219662907     
   4.50699375000000       0.902998750000000      -0.125329686392509     
   4.50699375000000        1.20333166666667      -0.128273763940524     
   4.50699375000000        1.50366458333333      -0.128037426971574     
   4.50699375000000        1.80399750000000      -0.126509616672350     
   4.50699375000000        2.10433041666667      -0.124322339468144     
   4.50699375000000        2.40466333333333      -0.121665487096169     
   4.50699375000000        2.70499625000000      -0.118581953010743     
   4.50699375000000        3.00532916666667      -0.115058126088206     
   4.50699375000000        3.30566208333333      -0.111069288329936     
   4.50699375000000        3.60599500000000      -0.106625772327339     
   4.50699375000000        3.90632791666667      -0.101806897813594     
   4.50699375000000        4.20666083333333      -9.675345394006106E-002
   4.50699375000000        4.50699375000000      -9.161125369000965E-002
   4.50699375000000        4.80732666666667      -8.645791513549074E-002
   4.50699375000000        5.10765958333333      -8.127336668359715E-002
   4.50699375000000        5.40799250000000      -7.597976137729798E-002
   4.50699375000000        5.70832541666667      -7.051027608253649E-002
   4.50699375000000        6.00865833333333      -6.482758070402390E-002
   4.50699375000000        6.30899125000000      -5.883308166899221E-002
   4.50699375000000        6.60932416666667      -5.269477905148745E-002
   4.50699375000000        6.90965708333333      -4.770581697232857E-002
   4.50699375000000        7.20999000000000      -4.538667103785755E-002
   4.80732666666667       2.000000000000000E-003 -9.279809429149555E-002
   4.80732666666667       0.302332916666667      -9.612146096645043E-002
   4.80732666666667       0.602665833333333      -0.103259563626992     
   4.80732666666667       0.902998750000000      -0.108990313763268     
   4.80732666666667        1.20333166666667      -0.112124920734736     
   4.80732666666667        1.50366458333333      -0.113418552191665     
   4.80732666666667        1.80399750000000      -0.113598542123943     
   4.80732666666667        2.10433041666667      -0.113011198011173     
   4.80732666666667        2.40466333333333      -0.111761873837749     
   4.80732666666667        2.70499625000000      -0.109854732814898     
   4.80732666666667        3.00532916666667      -0.107270544528217     
   4.80732666666667        3.30566208333333      -0.104014821415388     
   4.80732666666667        3.60599500000000      -0.100153504969703     
   4.80732666666667        3.90632791666667      -9.582494804506482E-002
   4.80732666666667        4.20666083333333      -9.121133816150576E-002
   4.80732666666667        4.50699375000000      -8.647339023626359E-002
   4.80732666666667        4.80732666666667      -8.168395380177432E-002
   4.80732666666667        5.10765958333333      -7.681476162634304E-002
   4.80732666666667        5.40799250000000      -7.179555731797008E-002
   4.80732666666667        5.70832541666667      -6.660071152901736E-002
   4.80732666666667        6.00865833333333      -6.129678881543507E-002
   4.80732666666667        6.30899125000000      -5.603068561642487E-002
   4.80732666666667        6.60932416666667      -5.104968798657507E-002
   4.80732666666667        6.90965708333333      -4.688939424029782E-002
   4.80732666666667        7.20999000000000      -4.434016637166028E-002
   5.10765958333333       2.000000000000000E-003 -9.005020999508766E-002
   5.10765958333333       0.302332916666667      -9.142122704577528E-002
   5.10765958333333       0.602665833333333      -9.455589320463617E-002
   5.10765958333333       0.902998750000000      -9.806417735675849E-002
   5.10765958333333        1.20333166666667      -0.100767073306307     
   5.10765958333333        1.50366458333333      -0.102540102647005     
   5.10765958333333        1.80399750000000      -0.103530794404469     
   5.10765958333333        2.10433041666667      -0.103826908489498     
   5.10765958333333        2.40466333333333      -0.103418493425115     
   5.10765958333333        2.70499625000000      -0.102251475185046     
   5.10765958333333        3.00532916666667      -0.100281466656856     
   5.10765958333333        3.30566208333333      -9.751559575200955E-002
   5.10765958333333        3.60599500000000      -9.404406665686796E-002
   5.10765958333333        3.90632791666667      -9.004460921446680E-002
   5.10765958333333        4.20666083333333      -8.573905890387341E-002
   5.10765958333333        4.50699375000000      -8.131173343801271E-002
   5.10765958333333        4.80732666666667      -7.683970818231903E-002
   5.10765958333333        5.10765958333333      -7.228983747119852E-002
   5.10765958333333        5.40799250000000      -6.759120597251739E-002
   5.10765958333333        5.70832541666667      -6.273419342611336E-002
   5.10765958333333        6.00865833333333      -5.783123050025993E-002
   5.10765958333333        6.30899125000000      -5.311044197289412E-002
   5.10765958333333        6.60932416666667      -4.886858022783297E-002
   5.10765958333333        6.90965708333333      -4.542533969549552E-002
   5.10765958333333        7.20999000000000      -4.296483415372040E-002
   5.40799250000000       2.000000000000000E-003 -8.757355351951067E-002
   5.40799250000000       0.302332916666667      -8.797994822518945E-002
   5.40799250000000       0.602665833333333      -8.918434766568586E-002
   5.40799250000000       0.902998750000000      -9.091793538508740E-002
   5.40799250000000        1.20333166666667      -9.287916085152256E-002
   5.40799250000000        1.50366458333333      -9.459355557673862E-002
   5.40799250000000        1.80399750000000      -9.574709693956421E-002
   5.40799250000000        2.10433041666667      -9.632667661448195E-002
   5.40799250000000        2.40466333333333      -9.626836392073081E-002
   5.40799250000000        2.70499625000000      -9.547665980053521E-002
   5.40799250000000        3.00532916666667      -9.386949518219249E-002
   5.40799250000000        3.30566208333333      -9.141671659005532E-002
   5.40799250000000        3.60599500000000      -8.818658499279261E-002
   5.40799250000000        3.90632791666667      -8.437412724027880E-002
   5.40799250000000        4.20666083333333      -8.025127367604450E-002
   5.40799250000000        4.50699375000000      -7.604626210765923E-002
   5.40799250000000        4.80732666666667      -7.185023575490453E-002
   5.40799250000000        5.10765958333333      -6.762003021206309E-002
   5.40799250000000        5.40799250000000      -6.326344761793491E-002
   5.40799250000000        5.70832541666667      -5.874877699151817E-002
   5.40799250000000        6.00865833333333      -5.417450735412020E-002
   5.40799250000000        6.30899125000000      -4.976606063975403E-002
   5.40799250000000        6.60932416666667      -4.586126110602470E-002
   5.40799250000000        6.90965708333333      -4.272726351060911E-002
   5.40799250000000        7.20999000000000      -4.044075234403025E-002
   5.70832541666667       2.000000000000000E-003 -8.656589350053276E-002
   5.70832541666667       0.302332916666667      -8.636254089745930E-002
   5.70832541666667       0.602665833333333      -8.609044009684394E-002
   5.70832541666667       0.902998750000000      -8.630995881448027E-002
   5.70832541666667        1.20333166666667      -8.717852392186937E-002
   5.70832541666667        1.50366458333333      -8.836847745954800E-002
   5.70832541666667        1.80399750000000      -8.932239052398253E-002
   5.70832541666667        2.10433041666667      -8.981449352225009E-002
   5.70832541666667        2.40466333333333      -8.978990491925694E-002
   5.70832541666667        2.70499625000000      -8.914912577412627E-002
   5.70832541666667        3.00532916666667      -8.777755690451761E-002
   5.70832541666667        3.30566208333333      -8.556108709566382E-002
   5.70832541666667        3.60599500000000      -8.247037885577869E-002
   5.70832541666667        3.90632791666667      -7.870347271399603E-002
   5.70832541666667        4.20666083333333      -7.464508617158661E-002
   5.70832541666667        4.50699375000000      -7.060872460178480E-002
   5.70832541666667        4.80732666666667      -6.668471571555398E-002
   5.70832541666667        5.10765958333333      -6.278686920656694E-002
   5.70832541666667        5.40799250000000      -5.876799000926335E-002
   5.70832541666667        5.70832541666667      -5.452463575262786E-002
   5.70832541666667        6.00865833333333      -5.007786007860544E-002
   5.70832541666667        6.30899125000000      -4.571559292030154E-002
   5.70832541666667        6.60932416666667      -4.183251500691825E-002
   5.70832541666667        6.90965708333333      -3.876242105890933E-002
   5.70832541666667        7.20999000000000      -3.665193499227432E-002
   6.00865833333333       2.000000000000000E-003 -8.478507707853009E-002
   6.00865833333333       0.302332916666667      -8.416698100994938E-002
   6.00865833333333       0.602665833333333      -8.296729807921496E-002
   6.00865833333333       0.902998750000000      -8.220451935556251E-002
   6.00865833333333        1.20333166666667      -8.221945924273626E-002
   6.00865833333333        1.50366458333333      -8.278617965340675E-002
   6.00865833333333        1.80399750000000      -8.341114494218625E-002
   6.00865833333333        2.10433041666667      -8.366830787786501E-002
   6.00865833333333        2.40466333333333      -8.352977827336903E-002
   6.00865833333333        2.70499625000000      -8.295162978134263E-002
   6.00865833333333        3.00532916666667      -8.184577450138403E-002
   6.00865833333333        3.30566208333333      -7.995705400279027E-002
   6.00865833333333        3.60599500000000      -7.692259806523746E-002
   6.00865833333333        3.90632791666667      -7.294460137742818E-002
   6.00865833333333        4.20666083333333      -6.879556357356603E-002
   6.00865833333333        4.50699375000000      -6.496502582878956E-002
   6.00865833333333        4.80732666666667      -6.140676701054365E-002
   6.00865833333333        5.10765958333333      -5.789581471101961E-002
   6.00865833333333        5.40799250000000      -5.419292280414135E-002
   6.00865833333333        5.70832541666667      -5.007087973765610E-002
   6.00865833333333        6.00865833333333      -4.554258699093994E-002
   6.00865833333333        6.30899125000000      -4.088929554040031E-002
   6.00865833333333        6.60932416666667      -3.656824573112361E-002
   6.00865833333333        6.90965708333333      -3.309698216383725E-002
   6.00865833333333        7.20999000000000      -3.096307621647179E-002
   6.30899125000000       2.000000000000000E-003 -7.808208511983131E-002
   6.30899125000000       0.302332916666667      -7.783230170254085E-002
   6.30899125000000       0.602665833333333      -7.764903253864246E-002
   6.30899125000000       0.902998750000000      -7.744079051015938E-002
   6.30899125000000        1.20333166666667      -7.726541849025330E-002
   6.30899125000000        1.50366458333333      -7.735427683422760E-002
   6.30899125000000        1.80399750000000      -7.756303307924929E-002
   6.30899125000000        2.10433041666667      -7.756817819115931E-002
   6.30899125000000        2.40466333333333      -7.724129560048597E-002
   6.30899125000000        2.70499625000000      -7.665481616501356E-002
   6.30899125000000        3.00532916666667      -7.588390713935329E-002
   6.30899125000000        3.30566208333333      -7.449879088477078E-002
   6.30899125000000        3.60599500000000      -7.153260820097970E-002
   6.30899125000000        3.90632791666667      -6.696027076577843E-002
   6.30899125000000        4.20666083333333      -6.243949738610370E-002
   6.30899125000000        4.50699375000000      -5.902792489536246E-002
   6.30899125000000        4.80732666666667      -5.616305026801374E-002
   6.30899125000000        5.10765958333333      -5.317153488764936E-002
   6.30899125000000        5.40799250000000      -4.976256535692748E-002
   6.30899125000000        5.70832541666667      -4.567669260288893E-002
   6.30899125000000        6.00865833333333      -4.085359652869516E-002
   6.30899125000000        6.30899125000000      -3.548862831070311E-002
   6.30899125000000        6.60932416666667      -3.004976108318793E-002
   6.30899125000000        6.90965708333333      -2.527592690777119E-002
   6.30899125000000        7.20999000000000      -2.249303451518528E-002
   6.60932416666667       2.000000000000000E-003 -6.484358137872236E-002
   6.60932416666667       0.302332916666667      -6.648858606677538E-002
   6.60932416666667       0.602665833333333      -7.097712289169404E-002
   6.60932416666667       0.902998750000000      -7.292412710275158E-002
   6.60932416666667        1.20333166666667      -7.274656482004044E-002
   6.60932416666667        1.50366458333333      -7.227129527454949E-002
   6.60932416666667        1.80399750000000      -7.193065223264906E-002
   6.60932416666667        2.10433041666667      -7.154384493519764E-002
   6.60932416666667        2.40466333333333      -7.089246981695338E-002
   6.60932416666667        2.70499625000000      -6.995723149946763E-002
   6.60932416666667        3.00532916666667      -6.936269434263546E-002
   6.60932416666667        3.30566208333333      -6.903995052952498E-002
   6.60932416666667        3.60599500000000      -6.666209945746893E-002
   6.60932416666667        3.90632791666667      -6.093836077388703E-002
   6.60932416666667        4.20666083333333      -5.580334265094340E-002
   6.60932416666667        4.50699375000000      -5.295731768469709E-002
   6.60932416666667        4.80732666666667      -5.119756503147769E-002
   6.60932416666667        5.10765958333333      -4.891075233567321E-002
   6.60932416666667        5.40799250000000      -4.582260019106054E-002
   6.60932416666667        5.70832541666667      -4.174945677845997E-002
   6.60932416666667        6.00865833333333      -3.648725452638838E-002
   6.60932416666667        6.30899125000000      -3.001405294387291E-002
   6.60932416666667        6.60932416666667      -2.280175480067249E-002
   6.60932416666667        6.90965708333333      -1.581541586169758E-002
   6.60932416666667        7.20999000000000      -1.147382386346033E-002
   6.90965708333333       2.000000000000000E-003 -6.142821145667327E-002
   6.90965708333333       0.302332916666667      -6.230535827355074E-002
   6.90965708333333       0.602665833333333      -6.997311139417062E-002
   6.90965708333333       0.902998750000000      -7.097627178276467E-002
   6.90965708333333        1.20333166666667      -6.934847065380632E-002
   6.90965708333333        1.50366458333333      -6.786897279318871E-002
   6.90965708333333        1.80399750000000      -6.682761114081981E-002
   6.90965708333333        2.10433041666667      -6.593299686549248E-002
   6.90965708333333        2.40466333333333      -6.474596504206108E-002
   6.90965708333333        2.70499625000000      -6.320770635446182E-002
   6.90965708333333        3.00532916666667      -6.238392639173961E-002
   6.90965708333333        3.30566208333333      -6.337315157567751E-002
   6.90965708333333        3.60599500000000      -6.302809529133316E-002
   6.90965708333333        3.90632791666667      -5.562926368718614E-002
   6.90965708333333        4.20666083333333      -5.007452496566452E-002
   6.90965708333333        4.50699375000000      -4.798762929917988E-002
   6.90965708333333        4.80732666666667      -4.702887733691705E-002
   6.90965708333333        5.10765958333333      -4.543681520391793E-002
   6.90965708333333        5.40799250000000      -4.265121118707787E-002
   6.90965708333333        5.70832541666667      -3.864111304627649E-002
   6.90965708333333        6.00865833333333      -3.298449297218009E-002
   6.90965708333333        6.30899125000000      -2.523866891805636E-002
   6.90965708333333        6.60932416666667      -1.587584118817123E-002
   6.90965708333333        6.90965708333333      -7.723502215040215E-003
   6.90965708333333        7.20999000000000      -4.077962583595031E-003
   7.20999000000000       2.000000000000000E-003 -6.453204144283199E-002
   7.20999000000000       0.302332916666667      -7.031032838134366E-002
   7.20999000000000       0.602665833333333      -7.273543135427800E-002
   7.20999000000000       0.902998750000000      -6.955250955461215E-002
   7.20999000000000        1.20333166666667      -6.626334368639193E-002
   7.20999000000000        1.50366458333333      -6.396579200375534E-002
   7.20999000000000        1.80399750000000      -6.237707475919035E-002
   7.20999000000000        2.10433041666667      -6.108179796597146E-002
   7.20999000000000        2.40466333333333      -5.957709513264733E-002
   7.20999000000000        2.70499625000000      -5.783228119480212E-002
   7.20999000000000        3.00532916666667      -5.689270849401976E-002
   7.20999000000000        3.30566208333333      -5.800842052305041E-002
   7.20999000000000        3.60599500000000      -5.926061575903436E-002
   7.20999000000000        3.90632791666667      -5.330417676251974E-002
   7.20999000000000        4.20666083333333      -4.795901766925934E-002
   7.20999000000000        4.50699375000000      -4.559271752826941E-002
   7.20999000000000        4.80732666666667      -4.442730697575166E-002
   7.20999000000000        5.10765958333333      -4.293706150332421E-002
   7.20999000000000        5.40799250000000      -4.033651206342326E-002
   7.20999000000000        5.70832541666667      -3.651177524690878E-002
   7.20999000000000        6.00865833333333      -3.084098705680504E-002
   7.20999000000000        6.30899125000000      -2.245936029141649E-002
   7.20999000000000        6.60932416666667      -1.157300506077972E-002
   7.20999000000000        6.90965708333333      -4.154886909445238E-003
   7.20999000000000        7.20999000000000      -4.311848037407119E-003
