  2.000000000000000E-003  2.000000000000000E-003 -4.145212146969512E-002
  2.000000000000000E-003  0.302332916666667      -3.082778517549147E-002
  2.000000000000000E-003  0.602665833333333      -2.352546832313821E-002
  2.000000000000000E-003  0.902998750000000      -2.164451604167338E-002
  2.000000000000000E-003   1.20333166666667      -2.131898173753367E-002
  2.000000000000000E-003   1.50366458333333      -2.119792129204412E-002
  2.000000000000000E-003   1.80399750000000      -2.096318443997494E-002
  2.000000000000000E-003   2.10433041666667      -2.060486243148998E-002
  2.000000000000000E-003   2.40466333333333      -2.035754615131084E-002
  2.000000000000000E-003   2.70499625000000      -2.019426353691529E-002
  2.000000000000000E-003   3.00532916666667      -1.947712513963800E-002
  2.000000000000000E-003   3.30566208333333      -1.698791484851248E-002
  2.000000000000000E-003   3.60599500000000      -1.425444886839767E-002
  2.000000000000000E-003   3.90632791666667      -1.397777420117609E-002
  2.000000000000000E-003   4.20666083333333      -1.364166747356881E-002
  2.000000000000000E-003   4.50699375000000      -1.282020595868786E-002
  2.000000000000000E-003   4.80732666666667      -1.156755970782240E-002
  2.000000000000000E-003   5.10765958333333      -1.013197014839817E-002
  2.000000000000000E-003   5.40799250000000      -8.701001774429291E-003
  2.000000000000000E-003   5.70832541666667      -7.259332937727694E-003
  2.000000000000000E-003   6.00865833333333      -5.961624181688528E-003
  2.000000000000000E-003   6.30899125000000      -5.113418950838125E-003
  2.000000000000000E-003   6.60932416666667      -5.035948156218824E-003
  2.000000000000000E-003   6.90965708333333      -5.308469966949211E-003
  2.000000000000000E-003   7.20999000000000      -5.469106379557636E-003
  0.302332916666667       2.000000000000000E-003 -5.106612900818416E-002
  0.302332916666667       0.302332916666667      -4.639156695817367E-002
  0.302332916666667       0.602665833333333      -3.383157124983890E-002
  0.302332916666667       0.902998750000000      -2.784305317891832E-002
  0.302332916666667        1.20333166666667      -2.552595624303849E-002
  0.302332916666667        1.50366458333333      -2.412362887836243E-002
  0.302332916666667        1.80399750000000      -2.284662179391460E-002
  0.302332916666667        2.10433041666667      -2.165650962457511E-002
  0.302332916666667        2.40466333333333      -2.065817233214395E-002
  0.302332916666667        2.70499625000000      -1.980299015959750E-002
  0.302332916666667        3.00532916666667      -1.868442746621815E-002
  0.302332916666667        3.30566208333333      -1.644736189597293E-002
  0.302332916666667        3.60599500000000      -1.474532307061676E-002
  0.302332916666667        3.90632791666667      -1.582613392548736E-002
  0.302332916666667        4.20666083333333      -1.565916731874352E-002
  0.302332916666667        4.50699375000000      -1.428818088892540E-002
  0.302332916666667        4.80732666666667      -1.251324071767332E-002
  0.302332916666667        5.10765958333333      -1.080288872980891E-002
  0.302332916666667        5.40799250000000      -9.247030003031866E-003
  0.302332916666667        5.70832541666667      -7.794037414199553E-003
  0.302332916666667        6.00865833333333      -6.628655730110747E-003
  0.302332916666667        6.30899125000000      -6.154130015570591E-003
  0.302332916666667        6.60932416666667      -6.804387513705658E-003
  0.302332916666667        6.90965708333333      -7.244440728755377E-003
  0.302332916666667        7.20999000000000      -3.843683848651124E-003
  0.602665833333333       2.000000000000000E-003 -5.258478795387455E-002
  0.602665833333333       0.302332916666667      -4.999536156790228E-002
  0.602665833333333       0.602665833333333      -4.227672369630085E-002
  0.602665833333333       0.902998750000000      -3.567489671723966E-002
  0.602665833333333        1.20333166666667      -3.149238897026675E-002
  0.602665833333333        1.50366458333333      -2.837210500568134E-002
  0.602665833333333        1.80399750000000      -2.566037527655626E-002
  0.602665833333333        2.10433041666667      -2.330986337571101E-002
  0.602665833333333        2.40466333333333      -2.129973896956663E-002
  0.602665833333333        2.70499625000000      -1.940469849465124E-002
  0.602665833333333        3.00532916666667      -1.771476964456154E-002
  0.602665833333333        3.30566208333333      -1.612254929083405E-002
  0.602665833333333        3.60599500000000      -1.546284358814507E-002
  0.602665833333333        3.90632791666667      -1.594055915058091E-002
  0.602665833333333        4.20666083333333      -1.578097145582472E-002
  0.602665833333333        4.50699375000000      -1.456507117645448E-002
  0.602665833333333        4.80732666666667      -1.284482817439656E-002
  0.602665833333333        5.10765958333333      -1.124195301494404E-002
  0.602665833333333        5.40799250000000      -9.746894675406200E-003
  0.602665833333333        5.70832541666667      -8.419513347041691E-003
  0.602665833333333        6.00865833333333      -7.452820510206835E-003
  0.602665833333333        6.30899125000000      -7.076490539729476E-003
  0.602665833333333        6.60932416666667      -7.082461033125443E-003
  0.602665833333333        6.90965708333333      -5.671701878276893E-003
  0.602665833333333        7.20999000000000      -2.767934354363505E-003
  0.902998750000000       2.000000000000000E-003 -4.945785679887572E-002
  0.902998750000000       0.302332916666667      -4.868345745630974E-002
  0.902998750000000       0.602665833333333      -4.584500356044744E-002
  0.902998750000000       0.902998750000000      -4.171178296568818E-002
  0.902998750000000        1.20333166666667      -3.739699551719528E-002
  0.902998750000000        1.50366458333333      -3.317155914138025E-002
  0.902998750000000        1.80399750000000      -2.918748283838183E-002
  0.902998750000000        2.10433041666667      -2.573523576771703E-002
  0.902998750000000        2.40466333333333      -2.269747790297371E-002
  0.902998750000000        2.70499625000000      -1.995860733311412E-002
  0.902998750000000        3.00532916666667      -1.768815982025669E-002
  0.902998750000000        3.30566208333333      -1.615948024502894E-002
  0.902998750000000        3.60599500000000      -1.552280020524140E-002
  0.902998750000000        3.90632791666667      -1.546136614516125E-002
  0.902998750000000        4.20666083333333      -1.512157576277710E-002
  0.902998750000000        4.50699375000000      -1.411772445384638E-002
  0.902998750000000        4.80732666666667      -1.278482393917821E-002
  0.902998750000000        5.10765958333333      -1.141646944193066E-002
  0.902998750000000        5.40799250000000      -1.007715643983405E-002
  0.902998750000000        5.70832541666667      -8.888792535055413E-003
  0.902998750000000        6.00865833333333      -7.989590044437958E-003
  0.902998750000000        6.30899125000000      -7.376154128339233E-003
  0.902998750000000        6.60932416666667      -6.644743238021823E-003
  0.902998750000000        6.90965708333333      -5.094594238510510E-003
  0.902998750000000        7.20999000000000      -3.486956114622166E-003
   1.20333166666667       2.000000000000000E-003 -5.203953572041779E-002
   1.20333166666667       0.302332916666667      -5.174695969954828E-002
   1.20333166666667       0.602665833333333      -5.038972634806728E-002
   1.20333166666667       0.902998750000000      -4.745572799091804E-002
   1.20333166666667        1.20333166666667      -4.324135498131723E-002
   1.20333166666667        1.50366458333333      -3.834589369260229E-002
   1.20333166666667        1.80399750000000      -3.340991971781928E-002
   1.20333166666667        2.10433041666667      -2.894914104190242E-002
   1.20333166666667        2.40466333333333      -2.495217798532617E-002
   1.20333166666667        2.70499625000000      -2.153415633155800E-002
   1.20333166666667        3.00532916666667      -1.879951135891857E-002
   1.20333166666667        3.30566208333333      -1.685604181797039E-002
   1.20333166666667        3.60599500000000      -1.575213813058661E-002
   1.20333166666667        3.90632791666667      -1.514691630782272E-002
   1.20333166666667        4.20666083333333      -1.452649246987790E-002
   1.20333166666667        4.50699375000000      -1.365407971668874E-002
   1.20333166666667        4.80732666666667      -1.257913048602107E-002
   1.20333166666667        5.10765958333333      -1.140240449938600E-002
   1.20333166666667        5.40799250000000      -1.022093801635565E-002
   1.20333166666667        5.70832541666667      -9.146472216958147E-003
   1.20333166666667        6.00865833333333      -8.265756786173615E-003
   1.20333166666667        6.30899125000000      -7.511729182794493E-003
   1.20333166666667        6.60932416666667      -6.638429239279457E-003
   1.20333166666667        6.90965708333333      -5.495577620714628E-003
   1.20333166666667        7.20999000000000      -4.535005538478572E-003
   1.50366458333333       2.000000000000000E-003 -5.949688831782729E-002
   1.50366458333333       0.302332916666667      -5.903378957542496E-002
   1.50366458333333       0.602665833333333      -5.739969541847822E-002
   1.50366458333333       0.902998750000000      -5.422362641364360E-002
   1.50366458333333        1.20333166666667      -4.959853213214437E-002
   1.50366458333333        1.50366458333333      -4.406050627777230E-002
   1.50366458333333        1.80399750000000      -3.836332857540532E-002
   1.50366458333333        2.10433041666667      -3.294680675480263E-002
   1.50366458333333        2.40466333333333      -2.803810150355793E-002
   1.50366458333333        2.70499625000000      -2.385758176192630E-002
   1.50366458333333        3.00532916666667      -2.053841860157615E-002
   1.50366458333333        3.30566208333333      -1.809887804432249E-002
   1.50366458333333        3.60599500000000      -1.642731389825447E-002
   1.50366458333333        3.90632791666667      -1.527047797866523E-002
   1.50366458333333        4.20666083333333      -1.432348386069706E-002
   1.50366458333333        4.50699375000000      -1.337764217050171E-002
   1.50366458333333        4.80732666666667      -1.236209388268994E-002
   1.50366458333333        5.10765958333333      -1.129724152083684E-002
   1.50366458333333        5.40799250000000      -1.024603846240420E-002
   1.50366458333333        5.70832541666667      -9.277319393362689E-003
   1.50366458333333        6.00865833333333      -8.445730735600478E-003
   1.50366458333333        6.30899125000000      -7.708646944959280E-003
   1.50366458333333        6.60932416666667      -6.949261060578016E-003
   1.50366458333333        6.90965708333333      -6.142915299232246E-003
   1.50366458333333        7.20999000000000      -5.477673560895319E-003
   1.80399750000000       2.000000000000000E-003 -6.975459094421688E-002
   1.80399750000000       0.302332916666667      -6.884980768516789E-002
   1.80399750000000       0.602665833333333      -6.618418660309439E-002
   1.80399750000000       0.902998750000000      -6.194508592514476E-002
   1.80399750000000        1.20333166666667      -5.643059130628555E-002
   1.80399750000000        1.50366458333333      -5.018042176027313E-002
   1.80399750000000        1.80399750000000      -4.375470863030759E-002
   1.80399750000000        2.10433041666667      -3.749690500567364E-002
   1.80399750000000        2.40466333333333      -3.174216320332555E-002
   1.80399750000000        2.70499625000000      -2.677243252774739E-002
   1.80399750000000        3.00532916666667      -2.274317670483737E-002
   1.80399750000000        3.30566208333333      -1.965872485374631E-002
   1.80399750000000        3.60599500000000      -1.739036761127797E-002
   1.80399750000000        3.90632791666667      -1.572083800836873E-002
   1.80399750000000        4.20666083333333      -1.441235817566103E-002
   1.80399750000000        4.50699375000000      -1.327661285924073E-002
   1.80399750000000        4.80732666666667      -1.220985169531621E-002
   1.80399750000000        5.10765958333333      -1.118681606454729E-002
   1.80399750000000        5.40799250000000      -1.023115919348405E-002
   1.80399750000000        5.70832541666667      -9.376496268976258E-003
   1.80399750000000        6.00865833333333      -8.632610334381605E-003
   1.80399750000000        6.30899125000000      -7.983716169633623E-003
   1.80399750000000        6.60932416666667      -7.371395281089866E-003
   1.80399750000000        6.90965708333333      -6.772564815189090E-003
   1.80399750000000        7.20999000000000      -6.249426111061619E-003
   2.10433041666667       2.000000000000000E-003 -8.212029356164323E-002
   2.10433041666667       0.302332916666667      -8.031572661070263E-002
   2.10433041666667       0.602665833333333      -7.576576813182809E-002
   2.10433041666667       0.902998750000000      -6.966489010039283E-002
   2.10433041666667        1.20333166666667      -6.298055421647129E-002
   2.10433041666667        1.50366458333333      -5.602066206435773E-002
   2.10433041666667        1.80399750000000      -4.895548575715038E-002
   2.10433041666667        2.10433041666667      -4.204031288389205E-002
   2.10433041666667        2.40466333333333      -3.560364032599272E-002
   2.10433041666667        2.70499625000000      -2.994152617941842E-002
   2.10433041666667        3.00532916666667      -2.522799435165570E-002
   2.10433041666667        3.30566208333333      -2.148576695761839E-002
   2.10433041666667        3.60599500000000      -1.861077946485952E-002
   2.10433041666667        3.90632791666667      -1.642330099173887E-002
   2.10433041666667        4.20666083333333      -1.472363170204839E-002
   2.10433041666667        4.50699375000000      -1.333960071861585E-002
   2.10433041666667        4.80732666666667      -1.215621246887631E-002
   2.10433041666667        5.10765958333333      -1.112098664427566E-002
   2.10433041666667        5.40799250000000      -1.022593739365975E-002
   2.10433041666667        5.70832541666667      -9.475783015023380E-003
   2.10433041666667        6.00865833333333      -8.857608925585073E-003
   2.10433041666667        6.30899125000000      -8.328971445735123E-003
   2.10433041666667        6.60932416666667      -7.835616622751226E-003
   2.10433041666667        6.90965708333333      -7.347987558453421E-003
   2.10433041666667        7.20999000000000      -6.870867733826386E-003
   2.40466333333333       2.000000000000000E-003 -9.818936961463981E-002
   2.40466333333333       0.302332916666667      -9.432232500898162E-002
   2.40466333333333       0.602665833333333      -8.547721303973629E-002
   2.40466333333333       0.902998750000000      -7.634177779969484E-002
   2.40466333333333        1.20333166666667      -6.816941011662984E-002
   2.40466333333333        1.50366458333333      -6.055044747761185E-002
   2.40466333333333        1.80399750000000      -5.311466329944477E-002
   2.40466333333333        2.10433041666667      -4.586594828434820E-002
   2.40466333333333        2.40466333333333      -3.903877068812212E-002
   2.40466333333333        2.70499625000000      -3.290752352122266E-002
   2.40466333333333        3.00532916666667      -2.766070344696974E-002
   2.40466333333333        3.30566208333333      -2.335541298888138E-002
   2.40466333333333        3.60599500000000      -1.993265738166607E-002
   2.40466333333333        3.90632791666667      -1.725978509751239E-002
   2.40466333333333        4.20666083333333      -1.517474032180486E-002
   2.40466333333333        4.50699375000000      -1.352395956945156E-002
   2.40466333333333        4.80732666666667      -1.219096809253829E-002
   2.40466333333333        5.10765958333333      -1.110778260627749E-002
   2.40466333333333        5.40799250000000      -1.024436486218135E-002
   2.40466333333333        5.70832541666667      -9.583330163946208E-003
   2.40466333333333        6.00865833333333      -9.093167287066172E-003
   2.40466333333333        6.30899125000000      -8.713617777348887E-003
   2.40466333333333        6.60932416666667      -8.359259852830665E-003
   2.40466333333333        6.90965708333333      -7.941695525294147E-003
   2.40466333333333        7.20999000000000      -7.420829622509981E-003
   2.70499625000000       2.000000000000000E-003 -0.115109305496040     
   2.70499625000000       0.302332916666667      -0.108272991698975     
   2.70499625000000       0.602665833333333      -9.382091186180209E-002
   2.70499625000000       0.902998750000000      -8.041492878276341E-002
   2.70499625000000        1.20333166666667      -7.074857286195474E-002
   2.70499625000000        1.50366458333333      -6.294932149643236E-002
   2.70499625000000        1.80399750000000      -5.562181018903146E-002
   2.70499625000000        2.10433041666667      -4.845760213852294E-002
   2.70499625000000        2.40466333333333      -4.159159402644393E-002
   2.70499625000000        2.70499625000000      -3.527423876515673E-002
   2.70499625000000        3.00532916666667      -2.971189386999480E-002
   2.70499625000000        3.30566208333333      -2.500639385439655E-002
   2.70499625000000        3.60599500000000      -2.115539549055185E-002
   2.70499625000000        3.90632791666667      -1.808001991570498E-002
   2.70499625000000        4.20666083333333      -1.565832893950930E-002
   2.70499625000000        4.50699375000000      -1.375951400679714E-002
   2.70499625000000        4.80732666666667      -1.227381212519509E-002
   2.70499625000000        5.10765958333333      -1.112729190101050E-002
   2.70499625000000        5.40799250000000      -1.027733143578350E-002
   2.70499625000000        5.70832541666667      -9.694402251982941E-003
   2.70499625000000        6.00865833333333      -9.339564927764178E-003
   2.70499625000000        6.30899125000000      -9.146812905615786E-003
   2.70499625000000        6.60932416666667      -8.972636034322089E-003
   2.70499625000000        6.90965708333333      -8.568502398761968E-003
   2.70499625000000        7.20999000000000      -7.859286547327028E-003
   3.00532916666667       2.000000000000000E-003 -0.125782412057171     
   3.00532916666667       0.302332916666667      -0.114020104465344     
   3.00532916666667       0.602665833333333      -9.362890429282179E-002
   3.00532916666667       0.902998750000000      -7.900782784639679E-002
   3.00532916666667        1.20333166666667      -7.007432022500795E-002
   3.00532916666667        1.50366458333333      -6.317154393284137E-002
   3.00532916666667        1.80399750000000      -5.649479226900369E-002
   3.00532916666667        2.10433041666667      -4.976322251076052E-002
   3.00532916666667        2.40466333333333      -4.313082837957887E-002
   3.00532916666667        2.70499625000000      -3.685872419492647E-002
   3.00532916666667        3.00532916666667      -3.118035107498214E-002
   3.00532916666667        3.30566208333333      -2.624545220013608E-002
   3.00532916666667        3.60599500000000      -2.210965988712045E-002
   3.00532916666667        3.90632791666667      -1.874644184274670E-002
   3.00532916666667        4.20666083333333      -1.607075682630398E-002
   3.00532916666667        4.50699375000000      -1.397463091030964E-002
   3.00532916666667        4.80732666666667      -1.236001844938090E-002
   3.00532916666667        5.10765958333333      -1.115410573500586E-002
   3.00532916666667        5.40799250000000      -1.030988857063240E-002
   3.00532916666667        5.70832541666667      -9.797124210599729E-003
   3.00532916666667        6.00865833333333      -9.590583827330268E-003
   3.00532916666667        6.30899125000000      -9.639520645678600E-003
   3.00532916666667        6.60932416666667      -9.655871521218204E-003
   3.00532916666667        6.90965708333333      -9.208245566250977E-003
   3.00532916666667        7.20999000000000      -8.167693314635127E-003
   3.30566208333333       2.000000000000000E-003 -0.120252927880951     
   3.30566208333333       0.302332916666667      -0.103647066213072     
   3.30566208333333       0.602665833333333      -8.306540764298888E-002
   3.30566208333333       0.902998750000000      -7.255028835270413E-002
   3.30566208333333        1.20333166666667      -6.715329910786572E-002
   3.30566208333333        1.50366458333333      -6.219650201364260E-002
   3.30566208333333        1.80399750000000      -5.640370955509091E-002
   3.30566208333333        2.10433041666667      -5.017972660613704E-002
   3.30566208333333        2.40466333333333      -4.384491159701543E-002
   3.30566208333333        2.70499625000000      -3.770524506617891E-002
   3.30566208333333        3.00532916666667      -3.202336355386652E-002
   3.30566208333333        3.30566208333333      -2.698703093868790E-002
   3.30566208333333        3.60599500000000      -2.269712043972743E-002
   3.30566208333333        3.90632791666667      -1.916745434612404E-002
   3.30566208333333        4.20666083333333      -1.633851561727918E-002
   3.30566208333333        4.50699375000000      -1.411827411689346E-002
   3.30566208333333        4.80732666666667      -1.241908561536860E-002
   3.30566208333333        5.10765958333333      -1.117204996996666E-002
   3.30566208333333        5.40799250000000      -1.033105798235361E-002
   3.30566208333333        5.70832541666667      -9.872598841991057E-003
   3.30566208333333        6.00865833333333      -9.803009535797732E-003
   3.30566208333333        6.30899125000000      -1.006528033553674E-002
   3.30566208333333        6.60932416666667      -1.024066216860028E-002
   3.30566208333333        6.90965708333333      -9.653574051001944E-003
   3.30566208333333        7.20999000000000      -8.357655251634306E-003
   3.60599500000000       2.000000000000000E-003 -0.101901044423367     
   3.60599500000000       0.302332916666667      -8.925899540776669E-002
   3.60599500000000       0.602665833333333      -7.476943878056296E-002
   3.60599500000000       0.902998750000000      -6.853202523110863E-002
   3.60599500000000        1.20333166666667      -6.542752271502945E-002
   3.60599500000000        1.50366458333333      -6.158995306259132E-002
   3.60599500000000        1.80399750000000      -5.623022296154310E-002
   3.60599500000000        2.10433041666667      -5.023359813808431E-002
   3.60599500000000        2.40466333333333      -4.403170066346371E-002
   3.60599500000000        2.70499625000000      -3.795780319007992E-002
   3.60599500000000        3.00532916666667      -3.228796703173742E-002
   3.60599500000000        3.30566208333333      -2.722474810828459E-002
   3.60599500000000        3.60599500000000      -2.288677101580274E-002
   3.60599500000000        3.90632791666667      -1.930384342325247E-002
   3.60599500000000        4.20666083333333      -1.642512878121925E-002
   3.60599500000000        4.50699375000000      -1.416379056585422E-002
   3.60599500000000        4.80732666666667      -1.243597215362170E-002
   3.60599500000000        5.10765958333333      -1.117454594707296E-002
   3.60599500000000        5.40799250000000      -1.033445901681311E-002
   3.60599500000000        5.70832541666667      -9.896367880164306E-003
   3.60599500000000        6.00865833333333      -9.883239729609311E-003
   3.60599500000000        6.30899125000000      -1.022707587071123E-002
   3.60599500000000        6.60932416666667      -1.044383296889423E-002
   3.60599500000000        6.90965708333333      -9.630470570112626E-003
   3.60599500000000        7.20999000000000      -8.405997960311197E-003
   3.90632791666667       2.000000000000000E-003 -0.120252483747646     
   3.90632791666667       0.302332916666667      -0.103565185112158     
   3.90632791666667       0.602665833333333      -8.298102522931165E-002
   3.90632791666667       0.902998750000000      -7.248862249290756E-002
   3.90632791666667        1.20333166666667      -6.711396301676978E-002
   3.90632791666667        1.50366458333333      -6.217161480165426E-002
   3.90632791666667        1.80399750000000      -5.638619549887278E-002
   3.90632791666667        2.10433041666667      -5.016592429880900E-002
   3.90632791666667        2.40466333333333      -4.383195010011209E-002
   3.90632791666667        2.70499625000000      -3.769104742187736E-002
   3.90632791666667        3.00532916666667      -3.200695503079901E-002
   3.90632791666667        3.30566208333333      -2.696856730246461E-002
   3.90632791666667        3.60599500000000      -2.267762950629818E-002
   3.90632791666667        3.90632791666667      -1.914834343510339E-002
   3.90632791666667        4.20666083333333      -1.632104884308242E-002
   3.90632791666667        4.50699375000000      -1.410310956664642E-002
   3.90632791666667        4.80732666666667      -1.240594733916690E-002
   3.90632791666667        5.10765958333333      -1.115964183876546E-002
   3.90632791666667        5.40799250000000      -1.031727210971990E-002
   3.90632791666667        5.70832541666667      -9.855073277822122E-003
   3.90632791666667        6.00865833333333      -9.779665864131381E-003
   3.90632791666667        6.30899125000000      -1.003427939175450E-002
   3.90632791666667        6.60932416666667      -1.020433525566839E-002
   3.90632791666667        6.90965708333333      -9.633334871034186E-003
   3.90632791666667        7.20999000000000      -8.442590625450882E-003
   4.20666083333333       2.000000000000000E-003 -0.125783300704255     
   4.20666083333333       0.302332916666667      -0.113937183537422     
   4.20666083333333       0.602665833333333      -9.352463424585049E-002
   4.20666083333333       0.902998750000000      -7.892202678413403E-002
   4.20666083333333        1.20333166666667      -7.001668128026334E-002
   4.20666083333333        1.50366458333333      -6.313238990392114E-002
   4.20666083333333        1.80399750000000      -5.646659749329754E-002
   4.20666083333333        2.10433041666667      -4.974035832833940E-002
   4.20666083333333        2.40466333333333      -4.310816195870348E-002
   4.20666083333333        2.70499625000000      -3.683241792189669E-002
   4.20666083333333        3.00532916666667      -3.114872071208019E-002
   4.20666083333333        3.30566208333333      -2.620916307439585E-002
   4.20666083333333        3.60599500000000      -2.207112197493499E-002
   4.20666083333333        3.90632791666667      -1.870868777438299E-002
   4.20666083333333        4.20666083333333      -1.603631240043922E-002
   4.20666083333333        4.50699375000000      -1.394462824128296E-002
   4.20666083333333        4.80732666666667      -1.233365900040707E-002
   4.20666083333333        5.10765958333333      -1.112855886105390E-002
   4.20666083333333        5.40799250000000      -1.028080312316412E-002
   4.20666083333333        5.70832541666667      -9.759835021869155E-003
   4.20666083333333        6.00865833333333      -9.541835704003422E-003
   4.20666083333333        6.30899125000000      -9.579950668930698E-003
   4.20666083333333        6.60932416666667      -9.600805079168339E-003
   4.20666083333333        6.90965708333333      -9.205831017435700E-003
   4.20666083333333        7.20999000000000      -8.284366039320590E-003
   4.50699375000000       2.000000000000000E-003 -0.115109859293386     
   4.50699375000000       0.302332916666667      -0.108215238450251     
   4.50699375000000       0.602665833333333      -9.373940469486196E-002
   4.50699375000000       0.902998750000000      -8.034303247709207E-002
   4.50699375000000        1.20333166666667      -7.069547088753921E-002
   4.50699375000000        1.50366458333333      -6.291148224581761E-002
   4.50699375000000        1.80399750000000      -5.559426771566926E-002
   4.50699375000000        2.10433041666667      -4.843399177497525E-002
   4.50699375000000        2.40466333333333      -4.156520490393702E-002
   4.50699375000000        2.70499625000000      -3.523994610815560E-002
   4.50699375000000        3.00532916666667      -2.966775845769379E-002
   4.50699375000000        3.30566208333333      -2.495408274624875E-002
   4.50699375000000        3.60599500000000      -2.109919628749315E-002
   4.50699375000000        3.90632791666667      -1.802492421161272E-002
   4.50699375000000        4.20666083333333      -1.560816851433616E-002
   4.50699375000000        4.50699375000000      -1.371565223375722E-002
   4.50699375000000        4.80732666666667      -1.223452122392734E-002
   4.50699375000000        5.10765958333333      -1.108784304946469E-002
   4.50699375000000        5.40799250000000      -1.023088167958115E-002
   4.50699375000000        5.70832541666667      -9.633760835888461E-003
   4.50699375000000        6.00865833333333      -9.259828086312047E-003
   4.50699375000000        6.30899125000000      -9.049101775049164E-003
   4.50699375000000        6.60932416666667      -8.872787245804255E-003
   4.50699375000000        6.90965708333333      -8.504393944180840E-003
   4.50699375000000        7.20999000000000      -7.863990998802757E-003
   4.80732666666667       2.000000000000000E-003 -9.818878940929020E-002
   4.80732666666667       0.302332916666667      -9.429125578929543E-002
   4.80732666666667       0.602665833333333      -8.543259847711637E-002
   4.80732666666667       0.902998750000000      -7.629974258000999E-002
   4.80732666666667        1.20333166666667      -6.813746073322237E-002
   4.80732666666667        1.50366458333333      -6.052937195151958E-002
   4.80732666666667        1.80399750000000      -5.310053547547167E-002
   4.80732666666667        2.10433041666667      -4.585166107422421E-002
   4.80732666666667        2.40466333333333      -3.901638779063243E-002
   4.80732666666667        2.70499625000000      -3.287107291048344E-002
   4.80732666666667        3.00532916666667      -2.760841917315566E-002
   4.80732666666667        3.30566208333333      -2.329037947950445E-002
   4.80732666666667        3.60599500000000      -1.986143236459625E-002
   4.80732666666667        3.90632791666667      -1.718966414549081E-002
   4.80732666666667        4.20666083333333      -1.511098348194987E-002
   4.80732666666667        4.50699375000000      -1.346796570445760E-002
   4.80732666666667        4.80732666666667      -1.213970279454837E-002
   4.80732666666667        5.10765958333333      -1.105427786722781E-002
   4.80732666666667        5.40799250000000      -1.017909642810889E-002
   4.80732666666667        5.70832541666667      -9.496152061716726E-003
   4.80732666666667        6.00865833333333      -8.975851776080172E-003
   4.80732666666667        6.30899125000000      -8.563468647071044E-003
   4.80732666666667        6.60932416666667      -8.184060871705895E-003
   4.80732666666667        6.90965708333333      -7.762753693022678E-003
   4.80732666666667        7.20999000000000      -7.262347705343406E-003
   5.10765958333333       2.000000000000000E-003 -8.211815761965656E-002
   5.10765958333333       0.302332916666667      -8.030705739207279E-002
   5.10765958333333       0.602665833333333      -7.575552118112332E-002
   5.10765958333333       0.902998750000000      -6.965872797921743E-002
   5.10765958333333        1.20333166666667      -6.298218514975691E-002
   5.10765958333333        1.50366458333333      -5.602955641603030E-002
   5.10765958333333        1.80399750000000      -4.896651989893504E-002
   5.10765958333333        2.10433041666667      -4.204513266221711E-002
   5.10765958333333        2.40466333333333      -3.559319932694553E-002
   5.10765958333333        2.70499625000000      -2.990927726510159E-002
   5.10765958333333        3.00532916666667      -2.517260055859996E-002
   5.10765958333333        3.30566208333333      -2.141198819696983E-002
   5.10765958333333        3.60599500000000      -1.852777424130876E-002
   5.10765958333333        3.90632791666667      -1.634097670486806E-002
   5.10765958333333        4.20666083333333      -1.464879120085407E-002
   5.10765958333333        4.50699375000000      -1.327351123995870E-002
   5.10765958333333        4.80732666666667      -1.209421567159339E-002
   5.10765958333333        5.10765958333333      -1.105376312504604E-002
   5.10765958333333        5.40799250000000      -1.014140825367485E-002
   5.10765958333333        5.70832541666667      -9.360728533731294E-003
   5.10765958333333        6.00865833333333      -8.698739864852355E-003
   5.10765958333333        6.30899125000000      -8.114842532670337E-003
   5.10765958333333        6.60932416666667      -7.562663374117715E-003
   5.10765958333333        6.90965708333333      -7.031930054363370E-003
   5.10765958333333        7.20999000000000      -6.542478418469498E-003
   5.40799250000000       2.000000000000000E-003 -6.975058709934390E-002
   5.40799250000000       0.302332916666667      -6.885891423996690E-002
   5.40799250000000       0.602665833333333      -6.620738630553960E-002
   5.40799250000000       0.902998750000000      -6.198156506618831E-002
   5.40799250000000        1.20333166666667      -5.647675251734150E-002
   5.40799250000000        1.50366458333333      -5.023048706930826E-002
   5.40799250000000        1.80399750000000      -4.380063829501074E-002
   5.40799250000000        2.10433041666667      -3.752866482461804E-002
   5.40799250000000        2.40466333333333      -3.174983191448544E-002
   5.40799250000000        2.70499625000000      -2.674913777101688E-002
   5.40799250000000        3.00532916666667      -2.268816795497129E-002
   5.40799250000000        3.30566208333333      -1.957870761137722E-002
   5.40799250000000        3.60599500000000      -1.729761862521499E-002
   5.40799250000000        3.90632791666667      -1.562834907044651E-002
   5.40799250000000        4.20666083333333      -1.432847514034407E-002
   5.40799250000000        4.50699375000000      -1.320202545213266E-002
   5.40799250000000        4.80732666666667      -1.213784378330727E-002
   5.40799250000000        5.10765958333333      -1.110573847384797E-002
   5.40799250000000        5.40799250000000      -1.012713195802167E-002
   5.40799250000000        5.70832541666667      -9.234345431280572E-003
   5.40799250000000        6.00865833333333      -8.432972040509416E-003
   5.40799250000000        6.30899125000000      -7.701240800649559E-003
   5.40799250000000        6.60932416666667      -6.992668553543002E-003
   5.40799250000000        6.90965708333333      -6.312833474992452E-003
   5.40799250000000        7.20999000000000      -5.759167828626461E-003
   5.70832541666667       2.000000000000000E-003 -5.949060673850477E-002
   5.70832541666667       0.302332916666667      -5.905938470175677E-002
   5.70832541666667       0.602665833333333      -5.745841232507366E-002
   5.70832541666667       0.902998750000000      -5.431014991700384E-002
   5.70832541666667        1.20333166666667      -4.970073220635507E-002
   5.70832541666667        1.50366458333333      -4.416381498869616E-002
   5.70832541666667        1.80399750000000      -3.845300350691583E-002
   5.70832541666667        2.10433041666667      -3.301080536643492E-002
   5.70832541666667        2.40466333333333      -2.806656390140625E-002
   5.70832541666667        2.70499625000000      -2.384388186791638E-002
   5.70832541666667        3.00532916666667      -2.048254439510606E-002
   5.70832541666667        3.30566208333333      -1.801008494388423E-002
   5.70832541666667        3.60599500000000      -1.632255278357953E-002
   5.70832541666667        3.90632791666667      -1.516724525917947E-002
   5.70832541666667        4.20666083333333      -1.423150657802773E-002
   5.70832541666667        4.50699375000000      -1.329560067486655E-002
   5.70832541666667        4.80732666666667      -1.227987489911181E-002
   5.70832541666667        5.10765958333333      -1.120052709752091E-002
   5.70832541666667        5.40799250000000      -1.012049951915065E-002
   5.70832541666667        5.70832541666667      -9.107930864407830E-003
   5.70832541666667        6.00865833333333      -8.205644608641583E-003
   5.70832541666667        6.30899125000000      -7.365262823794854E-003
   5.70832541666667        6.60932416666667      -6.474296530670326E-003
   5.70832541666667        6.90965708333333      -5.544908911769861E-003
   5.70832541666667        7.20999000000000      -4.834111966352995E-003
   6.00865833333333       2.000000000000000E-003 -5.203067351567344E-002
   6.00865833333333       0.302332916666667      -5.178888598936056E-002
   6.00865833333333       0.602665833333333      -5.049019843984381E-002
   6.00865833333333       0.902998750000000      -4.760463076697335E-002
   6.00865833333333        1.20333166666667      -4.341389501468652E-002
   6.00865833333333        1.50366458333333      -3.851590431388871E-002
   6.00865833333333        1.80399750000000      -3.355393641256668E-002
   6.00865833333333        2.10433041666667      -2.904866073029696E-002
   6.00865833333333        2.40466333333333      -2.499980469022070E-002
   6.00865833333333        2.70499625000000      -2.152457153955907E-002
   6.00865833333333        3.00532916666667      -1.873292589563894E-002
   6.00865833333333        3.30566208333333      -1.674496831753116E-002
   6.00865833333333        3.60599500000000      -1.562353346258199E-002
   6.00865833333333        3.90632791666667      -1.502734182976210E-002
   6.00865833333333        4.20666083333333      -1.442691211637569E-002
   6.00865833333333        4.50699375000000      -1.356665717039858E-002
   6.00865833333333        4.80732666666667      -1.248656425612263E-002
   6.00865833333333        5.10765958333333      -1.128601765383427E-002
   6.00865833333333        5.40799250000000      -1.006590795220410E-002
   6.00865833333333        5.70832541666667      -8.935271547385768E-003
   6.00865833333333        6.00865833333333      -7.978863912804463E-003
   6.00865833333333        6.30899125000000      -7.121491534081246E-003
   6.00865833333333        6.60932416666667      -6.096243209964092E-003
   6.00865833333333        6.90965708333333      -4.774125943473919E-003
   6.00865833333333        7.20999000000000      -3.745698287256558E-003
   6.30899125000000       2.000000000000000E-003 -4.944639022904367E-002
   6.30899125000000       0.302332916666667      -4.874008772005763E-002
   6.30899125000000       0.602665833333333      -4.599528959876122E-002
   6.30899125000000       0.902998750000000      -4.193440205334160E-002
   6.30899125000000        1.20333166666667      -3.764958100110923E-002
   6.30899125000000        1.50366458333333      -3.341545304095433E-002
   6.30899125000000        1.80399750000000      -2.939124963451731E-002
   6.30899125000000        2.10433041666667      -2.587153651956638E-002
   6.30899125000000        2.40466333333333      -2.275830502033361E-002
   6.30899125000000        2.70499625000000      -1.994117512037315E-002
   6.30899125000000        3.00532916666667      -1.759368980250547E-002
   6.30899125000000        3.30566208333333      -1.601268704456801E-002
   6.30899125000000        3.60599500000000      -1.536297490451635E-002
   6.30899125000000        3.90632791666667      -1.532475896921063E-002
   6.30899125000000        4.20666083333333      -1.502023006039265E-002
   6.30899125000000        4.50699375000000      -1.403252001768631E-002
   6.30899125000000        4.80732666666667      -1.268476493517327E-002
   6.30899125000000        5.10765958333333      -1.127512241911035E-002
   6.30899125000000        5.40799250000000      -9.873388375495592E-003
   6.30899125000000        5.70832541666667      -8.605804937985583E-003
   6.30899125000000        6.00865833333333      -7.625412943868627E-003
   6.30899125000000        6.30899125000000      -6.937369929389934E-003
   6.30899125000000        6.60932416666667      -6.091126903558548E-003
   6.30899125000000        6.90965708333333      -4.303887335189263E-003
   6.30899125000000        7.20999000000000      -2.563117259593576E-003
   6.60932416666667       2.000000000000000E-003 -5.257205063042376E-002
   6.60932416666667       0.302332916666667      -5.006200592439849E-002
   6.60932416666667       0.602665833333333      -4.246626329462336E-002
   6.60932416666667       0.902998750000000      -3.595047189874512E-002
   6.60932416666667        1.20333166666667      -3.180505112265293E-002
   6.60932416666667        1.50366458333333      -2.867472462805683E-002
   6.60932416666667        1.80399750000000      -2.591258900980876E-002
   6.60932416666667        2.10433041666667      -2.347787154093673E-002
   6.60932416666667        2.40466333333333      -2.136385041941004E-002
   6.60932416666667        2.70499625000000      -1.936601261679049E-002
   6.60932416666667        3.00532916666667      -1.758462537428764E-002
   6.60932416666667        3.30566208333333      -1.594330317576708E-002
   6.60932416666667        3.60599500000000      -1.528316671427030E-002
   6.60932416666667        3.90632791666667      -1.580493277809597E-002
   6.60932416666667        4.20666083333333      -1.570241852475655E-002
   6.60932416666667        4.50699375000000      -1.450249311137733E-002
   6.60932416666667        4.80732666666667      -1.274697881524731E-002
   6.60932416666667        5.10765958333333      -1.107338859887441E-002
   6.60932416666667        5.40799250000000      -9.477500079115110E-003
   6.60932416666667        5.70832541666667      -8.025278228388690E-003
   6.60932416666667        6.00865833333333      -6.936497481246423E-003
   6.60932416666667        6.30899125000000      -6.498609702126259E-003
   6.60932416666667        6.60932416666667      -6.531351093259207E-003
   6.60932416666667        6.90965708333333      -4.963191141123745E-003
   6.60932416666667        7.20999000000000      -1.767378958682536E-003
   6.90965708333333       2.000000000000000E-003 -5.105773436004295E-002
   6.90965708333333       0.302332916666667      -4.646095763771311E-002
   6.90965708333333       0.602665833333333      -3.393500924432596E-002
   6.90965708333333       0.902998750000000      -2.805422484393376E-002
   6.90965708333333        1.20333166666667      -2.582148834160318E-002
   6.90965708333333        1.50366458333333      -2.443511031703095E-002
   6.90965708333333        1.80399750000000      -2.311502191186220E-002
   6.90965708333333        2.10433041666667      -2.183361557070850E-002
   6.90965708333333        2.40466333333333      -2.071204508806408E-002
   6.90965708333333        2.70499625000000      -1.973147449353505E-002
   6.90965708333333        3.00532916666667      -1.851412765922444E-002
   6.90965708333333        3.30566208333333      -1.626233760027491E-002
   6.90965708333333        3.60599500000000      -1.459408016768322E-002
   6.90965708333333        3.90632791666667      -1.573284100084969E-002
   6.90965708333333        4.20666083333333      -1.564646955823678E-002
   6.90965708333333        4.50699375000000      -1.427679961283468E-002
   6.90965708333333        4.80732666666667      -1.243355984744088E-002
   6.90965708333333        5.10765958333333      -1.061478606967963E-002
   6.90965708333333        5.40799250000000      -8.915886140203633E-003
   6.90965708333333        5.70832541666667      -7.277016293674903E-003
   6.90965708333333        6.00865833333333      -5.891916937280882E-003
   6.90965708333333        6.30899125000000      -5.226025013520262E-003
   6.90965708333333        6.60932416666667      -5.903121264994432E-003
   6.90965708333333        6.90965708333333      -6.658241539556779E-003
   6.90965708333333        7.20999000000000      -2.991869015067583E-003
   7.20999000000000       2.000000000000000E-003 -4.145242991428385E-002
   7.20999000000000       0.302332916666667      -3.061368939402160E-002
   7.20999000000000       0.602665833333333      -2.325342013500531E-002
   7.20999000000000       0.902998750000000      -2.163152902858664E-002
   7.20999000000000        1.20333166666667      -2.149862133915611E-002
   7.20999000000000        1.50366458333333      -2.145166303754465E-002
   7.20999000000000        1.80399750000000      -2.120070935060672E-002
   7.20999000000000        2.10433041666667      -2.076179894139309E-002
   7.20999000000000        2.40466333333333      -2.038628845367255E-002
   7.20999000000000        2.70499625000000      -2.008622524217388E-002
   7.20999000000000        3.00532916666667      -1.926474199177539E-002
   7.20999000000000        3.30566208333333      -1.679666325191927E-002
   7.20999000000000        3.60599500000000      -1.418158985134168E-002
   7.20999000000000        3.90632791666667      -1.398147530114920E-002
   7.20999000000000        4.20666083333333      -1.373050264789241E-002
   7.20999000000000        4.50699375000000      -1.287252051853472E-002
   7.20999000000000        4.80732666666667      -1.151461650111336E-002
   7.20999000000000        5.10765958333333      -9.941773809795044E-003
   7.20999000000000        5.40799250000000      -8.344566329081765E-003
   7.20999000000000        5.70832541666667      -6.685610210658988E-003
   7.20999000000000        6.00865833333333      -5.108234979360676E-003
   7.20999000000000        6.30899125000000      -3.927642041680010E-003
   7.20999000000000        6.60932416666667      -3.592012275661050E-003
   7.20999000000000        6.90965708333333      -4.170495904653620E-003
   7.20999000000000        7.20999000000000      -4.943076948467400E-003
