  2.000000000000000E-003  2.000000000000000E-003  -1.02470226320134     
  2.000000000000000E-003  0.302332916666667      -0.815156091445796     
  2.000000000000000E-003  0.602665833333333      -0.568182172895947     
  2.000000000000000E-003  0.902998750000000      -0.445762452908484     
  2.000000000000000E-003   1.20333166666667      -0.389693369907070     
  2.000000000000000E-003   1.50366458333333      -0.358728210623883     
  2.000000000000000E-003   1.80399750000000      -0.333470455683173     
  2.000000000000000E-003   2.10433041666667      -0.305605251227797     
  2.000000000000000E-003   2.40466333333333      -0.274771461675106     
  2.000000000000000E-003   2.70499625000000      -0.244125038426309     
  2.000000000000000E-003   3.00532916666667      -0.219113151911906     
  2.000000000000000E-003   3.30566208333333      -0.216184908498925     
  2.000000000000000E-003   3.60599500000000      -0.214550241829806     
  2.000000000000000E-003   3.90632791666667      -0.214155575256181     
  2.000000000000000E-003   4.20666083333333      -0.203782637468453     
  2.000000000000000E-003   4.50699375000000      -0.180274367305718     
  2.000000000000000E-003   4.80732666666667      -0.153304404348776     
  2.000000000000000E-003   5.10765958333333      -0.127502232438610     
  2.000000000000000E-003   5.40799250000000      -0.104612984450952     
  2.000000000000000E-003   5.70832541666667      -8.438975200260423E-002
  2.000000000000000E-003   6.00865833333333      -6.737923599617895E-002
  2.000000000000000E-003   6.30899125000000      -5.448862448325385E-002
  2.000000000000000E-003   6.60932416666667      -4.488683097822206E-002
  2.000000000000000E-003   6.90965708333333      -3.005066718243250E-002
  2.000000000000000E-003   7.20999000000000      -2.589005529741615E-002
  0.302332916666667       2.000000000000000E-003 -0.814998162012440     
  0.302332916666667       0.302332916666667      -0.861940723642767     
  0.302332916666667       0.602665833333333      -0.647089545929843     
  0.302332916666667       0.902998750000000      -0.482136045375935     
  0.302332916666667        1.20333166666667      -0.402560894491599     
  0.302332916666667        1.50366458333333      -0.361304847229383     
  0.302332916666667        1.80399750000000      -0.331947637026343     
  0.302332916666667        2.10433041666667      -0.302842464938072     
  0.302332916666667        2.40466333333333      -0.272941480577522     
  0.302332916666667        2.70499625000000      -0.244469778961806     
  0.302332916666667        3.00532916666667      -0.221120728169797     
  0.302332916666667        3.30566208333333      -0.215368086834811     
  0.302332916666667        3.60599500000000      -0.219515121995527     
  0.302332916666667        3.90632791666667      -0.215061827213800     
  0.302332916666667        4.20666083333333      -0.200899981463375     
  0.302332916666667        4.50699375000000      -0.177829969730800     
  0.302332916666667        4.80732666666667      -0.152044949640862     
  0.302332916666667        5.10765958333333      -0.127433127457647     
  0.302332916666667        5.40799250000000      -0.105362513901679     
  0.302332916666667        5.70832541666667      -8.605327332502413E-002
  0.302332916666667        6.00865833333333      -7.004008051561528E-002
  0.302332916666667        6.30899125000000      -5.821094552738121E-002
  0.302332916666667        6.60932416666667      -4.960351180244176E-002
  0.302332916666667        6.90965708333333      -3.741533910593338E-002
  0.302332916666667        7.20999000000000      -2.384996012955458E-002
  0.602665833333333       2.000000000000000E-003 -0.567982146958594     
  0.602665833333333       0.302332916666667      -0.646976450307722     
  0.602665833333333       0.602665833333333      -0.614091460933799     
  0.602665833333333       0.902998750000000      -0.498651715449227     
  0.602665833333333        1.20333166666667      -0.412389669369851     
  0.602665833333333        1.50366458333333      -0.360169843495419     
  0.602665833333333        1.80399750000000      -0.324923785680548     
  0.602665833333333        2.10433041666667      -0.294839930932926     
  0.602665833333333        2.40466333333333      -0.267218229599800     
  0.602665833333333        2.70499625000000      -0.243394559573852     
  0.602665833333333        3.00532916666667      -0.223471175857012     
  0.602665833333333        3.30566208333333      -0.213950243491576     
  0.602665833333333        3.60599500000000      -0.212300711077171     
  0.602665833333333        3.90632791666667      -0.206516841311402     
  0.602665833333333        4.20666083333333      -0.191982297402397     
  0.602665833333333        4.50699375000000      -0.171354295608331     
  0.602665833333333        4.80732666666667      -0.148807455707443     
  0.602665833333333        5.10765958333333      -0.127152602638989     
  0.602665833333333        5.40799250000000      -0.107255341063259     
  0.602665833333333        5.70832541666667      -9.001094797346608E-002
  0.602665833333333        6.00865833333333      -7.610861988547628E-002
  0.602665833333333        6.30899125000000      -6.578468620259026E-002
  0.602665833333333        6.60932416666667      -5.684134663326065E-002
  0.602665833333333        6.90965708333333      -4.313971960130369E-002
  0.602665833333333        7.20999000000000      -3.032952543131547E-002
  0.902998750000000       2.000000000000000E-003 -0.445628788187893     
  0.902998750000000       0.302332916666667      -0.482039177559093     
  0.902998750000000       0.602665833333333      -0.498614840618100     
  0.902998750000000       0.902998750000000      -0.452726672177395     
  0.902998750000000        1.20333166666667      -0.393069492871564     
  0.902998750000000        1.50366458333333      -0.345574279686303     
  0.902998750000000        1.80399750000000      -0.310590052953244     
  0.902998750000000        2.10433041666667      -0.281956871121621     
  0.902998750000000        2.40466333333333      -0.258192968263562     
  0.902998750000000        2.70499625000000      -0.238383702175586     
  0.902998750000000        3.00532916666667      -0.221704416256714     
  0.902998750000000        3.30566208333333      -0.210091551787892     
  0.902998750000000        3.60599500000000      -0.202624300541768     
  0.902998750000000        3.90632791666667      -0.193934859775673     
  0.902998750000000        4.20666083333333      -0.180536673176844     
  0.902998750000000        4.50699375000000      -0.163199485527568     
  0.902998750000000        4.80732666666667      -0.144846589774306     
  0.902998750000000        5.10765958333333      -0.126726490846901     
  0.902998750000000        5.40799250000000      -0.109417538114091     
  0.902998750000000        5.70832541666667      -9.452678512560676E-002
  0.902998750000000        6.00865833333333      -8.262660427642660E-002
  0.902998750000000        6.30899125000000      -7.345081381853134E-002
  0.902998750000000        6.60932416666667      -6.503759996242307E-002
  0.902998750000000        6.90965708333333      -5.490398399640194E-002
  0.902998750000000        7.20999000000000      -4.638228364935881E-002
   1.20333166666667       2.000000000000000E-003 -0.389597820519755     
   1.20333166666667       0.302332916666667      -0.402484543058971     
   1.20333166666667       0.602665833333333      -0.412345513483484     
   1.20333166666667       0.902998750000000      -0.393052975115257     
   1.20333166666667        1.20333166666667      -0.356686968940804     
   1.20333166666667        1.50366458333333      -0.320699115081780     
   1.20333166666667        1.80399750000000      -0.291038816111654     
   1.20333166666667        2.10433041666667      -0.266674253474270     
   1.20333166666667        2.40466333333333      -0.246835835894714     
   1.20333166666667        2.70499625000000      -0.230095628354322     
   1.20333166666667        3.00532916666667      -0.215731766441227     
   1.20333166666667        3.30566208333333      -0.203682907834368     
   1.20333166666667        3.60599500000000      -0.193412120751411     
   1.20333166666667        3.90632791666667      -0.182854339506556     
   1.20333166666667        4.20666083333333      -0.170299337363069     
   1.20333166666667        4.50699375000000      -0.156040149193762     
   1.20333166666667        4.80732666666667      -0.141034529428332     
   1.20333166666667        5.10765958333333      -0.125930616352476     
   1.20333166666667        5.40799250000000      -0.111252715846378     
   1.20333166666667        5.70832541666667      -9.836267571302749E-002
   1.20333166666667        6.00865833333333      -8.795379388894288E-002
   1.20333166666667        6.30899125000000      -7.966805796494790E-002
   1.20333166666667        6.60932416666667      -7.232330837643286E-002
   1.20333166666667        6.90965708333333      -6.490104804989200E-002
   1.20333166666667        7.20999000000000      -5.834882829921736E-002
   1.50366458333333       2.000000000000000E-003 -0.358638693178008     
   1.50366458333333       0.302332916666667      -0.361229940017152     
   1.50366458333333       0.602665833333333      -0.360121141208768     
   1.50366458333333       0.902998750000000      -0.345552359706644     
   1.50366458333333        1.20333166666667      -0.320695451397474     
   1.50366458333333        1.50366458333333      -0.294159661845806     
   1.50366458333333        1.80399750000000      -0.270572136004576     
   1.50366458333333        2.10433041666667      -0.250900863129444     
   1.50366458333333        2.40466333333333      -0.234447036138698     
   1.50366458333333        2.70499625000000      -0.220256172360790     
   1.50366458333333        3.00532916666667      -0.207629613669193     
   1.50366458333333        3.30566208333333      -0.196136506980015     
   1.50366458333333        3.60599500000000      -0.185293248173928     
   1.50366458333333        3.90632791666667      -0.174369352835432     
   1.50366458333333        4.20666083333333      -0.162771644311078     
   1.50366458333333        4.50699375000000      -0.150425936717239     
   1.50366458333333        4.80732666666667      -0.137627241139626     
   1.50366458333333        5.10765958333333      -0.124795022930741     
   1.50366458333333        5.40799250000000      -0.112412955346694     
   1.50366458333333        5.70832541666667      -0.101113027830611     
   1.50366458333333        6.00865833333333      -9.170044092946220E-002
   1.50366458333333        6.30899125000000      -8.400648075144847E-002
   1.50366458333333        6.60932416666667      -7.732435958440924E-002
   1.50366458333333        6.90965708333333      -7.105625701944966E-002
   1.50366458333333        7.20999000000000      -6.526954099203454E-002
   1.80399750000000       2.000000000000000E-003 -0.333375150045977     
   1.80399750000000       0.302332916666667      -0.331867557730976     
   1.80399750000000       0.602665833333333      -0.324875350964256     
   1.80399750000000       0.902998750000000      -0.310575538946087     
   1.80399750000000        1.20333166666667      -0.291048231769666     
   1.80399750000000        1.50366458333333      -0.270587042935892     
   1.80399750000000        1.80399750000000      -0.252041448573868     
   1.80399750000000        2.10433041666667      -0.236006459835354     
   1.80399750000000        2.40466333333333      -0.222227641736164     
   1.80399750000000        2.70499625000000      -0.210095979785052     
   1.80399750000000        3.00532916666667      -0.198986059334475     
   1.80399750000000        3.30566208333333      -0.188423384826407     
   1.80399750000000        3.60599500000000      -0.178061225317905     
   1.80399750000000        3.90632791666667      -0.167612853923486     
   1.80399750000000        4.20666083333333      -0.156882642570962     
   1.80399750000000        4.50699375000000      -0.145834904797427     
   1.80399750000000        4.80732666666667      -0.134598032395266     
   1.80399750000000        5.10765958333333      -0.123433737750712     
   1.80399750000000        5.40799250000000      -0.112704945862828     
   1.80399750000000        5.70832541666667      -0.102813043858959     
   1.80399750000000        6.00865833333333      -9.410556125585554E-002
   1.80399750000000        6.30899125000000      -8.674063498077253E-002
   1.80399750000000        6.60932416666667      -8.033737583456374E-002
   1.80399750000000        6.90965708333333      -7.447237696274188E-002
   1.80399750000000        7.20999000000000      -6.898293834403738E-002
   2.10433041666667       2.000000000000000E-003 -0.305502806509853     
   2.10433041666667       0.302332916666667      -0.302762111189825     
   2.10433041666667       0.602665833333333      -0.294806074880263     
   2.10433041666667       0.902998750000000      -0.281970578430340     
   2.10433041666667        1.20333166666667      -0.266716217279893     
   2.10433041666667        1.50366458333333      -0.250946401490550     
   2.10433041666667        1.80399750000000      -0.236035050492375     
   2.10433041666667        2.10433041666667      -0.222679829827105     
   2.10433041666667        2.40466333333333      -0.210931165889501     
   2.10433041666667        2.70499625000000      -0.200406764291993     
   2.10433041666667        3.00532916666667      -0.190581440127181     
   2.10433041666667        3.30566208333333      -0.181016230228060     
   2.10433041666667        3.60599500000000      -0.171445045046345     
   2.10433041666667        3.90632791666667      -0.161746171305986     
   2.10433041666667        4.20666083333333      -0.151886016736788     
   2.10433041666667        4.50699375000000      -0.141889720183727     
   2.10433041666667        4.80732666666667      -0.131843981310657     
   2.10433041666667        5.10765958333333      -0.121916864305098     
   2.10433041666667        5.40799250000000      -0.112360609851964     
   2.10433041666667        5.70832541666667      -0.103461516560458     
   2.10433041666667        6.00865833333333      -9.544187463680455E-002
   2.10433041666667        6.30899125000000      -8.836219529773676E-002
   2.10433041666667        6.60932416666667      -8.208762879116857E-002
   2.10433041666667        6.90965708333333      -7.636626146014711E-002
   2.10433041666667        7.20999000000000      -7.098705106506706E-002
   2.40466333333333       2.000000000000000E-003 -0.274644757417226     
   2.40466333333333       0.302332916666667      -0.272856158004162     
   2.40466333333333       0.602665833333333      -0.267214422121033     
   2.40466333333333       0.902998750000000      -0.258252819285077     
   2.40466333333333        1.20333166666667      -0.246924138861601     
   2.40466333333333        1.50366458333333      -0.234533030290196     
   2.40466333333333        1.80399750000000      -0.222290510028627     
   2.40466333333333        2.10433041666667      -0.210961744636792     
   2.40466333333333        2.40466333333333      -0.200765471225104     
   2.40466333333333        2.70499625000000      -0.191486340830497     
   2.40466333333333        3.00532916666667      -0.182711073548105     
   2.40466333333333        3.30566208333333      -0.174062708849920     
   2.40466333333333        3.60599500000000      -0.165324261983851     
   2.40466333333333        3.90632791666667      -0.156434146692524     
   2.40466333333333        4.20666083333333      -0.147416344405990     
   2.40466333333333        4.50699375000000      -0.138321300282942     
   2.40466333333333        4.80732666666667      -0.129215899618438     
   2.40466333333333        5.10765958333333      -0.120214430749149     
   2.40466333333333        5.40799250000000      -0.111502475839698     
   2.40466333333333        5.70832541666667      -0.103306651039515     
   2.40466333333333        6.00865833333333      -9.581564257247385E-002
   2.40466333333333        6.30899125000000      -8.909828437781683E-002
   2.40466333333333        6.60932416666667      -8.306206049519606E-002
   2.40466333333333        6.90965708333333      -7.747652241906984E-002
   2.40466333333333        7.20999000000000      -7.210780318569322E-002
   2.70499625000000       2.000000000000000E-003 -0.243968266406676     
   2.70499625000000       0.302332916666667      -0.244388124154008     
   2.70499625000000       0.602665833333333      -0.243444243165848     
   2.70499625000000       0.902998750000000      -0.238516268436693     
   2.70499625000000        1.20333166666667      -0.230245309898805     
   2.70499625000000        1.50366458333333      -0.220387482202841     
   2.70499625000000        1.80399750000000      -0.210191728877583     
   2.70499625000000        2.10433041666667      -0.200462445468248     
   2.70499625000000        2.40466333333333      -0.191508047413325     
   2.70499625000000        2.70499625000000      -0.183234678450756     
   2.70499625000000        3.00532916666667      -0.175337436256138     
   2.70499625000000        3.30566208333333      -0.167508146200125     
   2.70499625000000        3.60599500000000      -0.159562385012576     
   2.70499625000000        3.90632791666667      -0.151453288144953     
   2.70499625000000        4.20666083333333      -0.143212677530675     
   2.70499625000000        4.50699375000000      -0.134887046450108     
   2.70499625000000        4.80732666666667      -0.126524330552151     
   2.70499625000000        5.10765958333333      -0.118214314062478     
   2.70499625000000        5.40799250000000      -0.110120771192979     
   2.70499625000000        5.70832541666667      -0.102456225965320     
   2.70499625000000        6.00865833333333      -9.541357013106143E-002
   2.70499625000000        6.30899125000000      -8.909503817827970E-002
   2.70499625000000        6.60932416666667      -8.347155779753117E-002
   2.70499625000000        6.90965708333333      -7.822365201539674E-002
   2.70499625000000        7.20999000000000      -7.285315761666146E-002
   3.00532916666667       2.000000000000000E-003 -0.218989705287977     
   3.00532916666667       0.302332916666667      -0.221130709159909     
   3.00532916666667       0.602665833333333      -0.223661099910438     
   3.00532916666667       0.902998750000000      -0.221959699274663     
   3.00532916666667        1.20333166666667      -0.215958201505501     
   3.00532916666667        1.50366458333333      -0.207804614701299     
   3.00532916666667        1.80399750000000      -0.199107402968927     
   3.00532916666667        2.10433041666667      -0.190652824946426     
   3.00532916666667        2.40466333333333      -0.182743673986007     
   3.00532916666667        2.70499625000000      -0.175346763910456     
   3.00532916666667        3.00532916666667      -0.168239943113609     
   3.00532916666667        3.30566208333333      -0.161172853678757     
   3.00532916666667        3.60599500000000      -0.153976005418162     
   3.00532916666667        3.90632791666667      -0.146592099595001     
   3.00532916666667        4.20666083333333      -0.139042430153988     
   3.00532916666667        4.50699375000000      -0.131360779589481     
   3.00532916666667        4.80732666666667      -0.123581281724454     
   3.00532916666667        5.10765958333333      -0.115792741944350     
   3.00532916666667        5.40799250000000      -0.108169635422434     
   3.00532916666667        5.70832541666667      -0.100935259073496     
   3.00532916666667        6.00865833333333      -9.429271891623844E-002
   3.00532916666667        6.30899125000000      -8.840486493109864E-002
   3.00532916666667        6.60932416666667      -8.334274157315130E-002
   3.00532916666667        6.90965708333333      -7.868867700221042E-002
   3.00532916666667        7.20999000000000      -7.342205248224239E-002
   3.30566208333333       2.000000000000000E-003 -0.216233432065222     
   3.30566208333333       0.302332916666667      -0.215612592767392     
   3.30566208333333       0.602665833333333      -0.214354761979833     
   3.30566208333333       0.902998750000000      -0.210484293229377     
   3.30566208333333        1.20333166666667      -0.203982212666840     
   3.30566208333333        1.50366458333333      -0.196341949955386     
   3.30566208333333        1.80399750000000      -0.188558124852458     
   3.30566208333333        2.10433041666667      -0.181093418082608     
   3.30566208333333        2.40466333333333      -0.174097917626840     
   3.30566208333333        2.70499625000000      -0.167519134612345     
   3.30566208333333        3.00532916666667      -0.161174490436966     
   3.30566208333333        3.30566208333333      -0.154849698013751     
   3.30566208333333        3.60599500000000      -0.148371338079106     
   3.30566208333333        3.90632791666667      -0.141654677688740     
   3.30566208333333        4.20666083333333      -0.134709984043534     
   3.30566208333333        4.50699375000000      -0.127566530582029     
   3.30566208333333        4.80732666666667      -0.120257625768625     
   3.30566208333333        5.10765958333333      -0.112887647129616     
   3.30566208333333        5.40799250000000      -0.105655343359079     
   3.30566208333333        5.70832541666667      -9.879754850122240E-002
   3.30566208333333        6.00865833333333      -9.249913756845739E-002
   3.30566208333333        6.30899125000000      -8.698162816678005E-002
   3.30566208333333        6.60932416666667      -8.233703737214589E-002
   3.30566208333333        6.90965708333333      -7.835265169773470E-002
   3.30566208333333        7.20999000000000      -7.379540490201511E-002
   3.60599500000000       2.000000000000000E-003 -0.214785014850981     
   3.60599500000000       0.302332916666667      -0.219934467108938     
   3.60599500000000       0.602665833333333      -0.212803752544756     
   3.60599500000000       0.902998750000000      -0.203061535307977     
   3.60599500000000        1.20333166666667      -0.193729568297387     
   3.60599500000000        1.50366458333333      -0.185501866566728     
   3.60599500000000        1.80399750000000      -0.178194640316204     
   3.60599500000000        2.10433041666667      -0.171520361493218     
   3.60599500000000        2.40466333333333      -0.165358514824784     
   3.60599500000000        2.70499625000000      -0.159573608301728     
   3.60599500000000        3.00532916666667      -0.153978759079680     
   3.60599500000000        3.30566208333333      -0.148372858457391     
   3.60599500000000        3.60599500000000      -0.142575029288740     
   3.60599500000000        3.90632791666667      -0.136476502403119     
   3.60599500000000        4.20666083333333      -0.130077941967285     
   3.60599500000000        4.50699375000000      -0.123409832529058     
   3.60599500000000        4.80732666666667      -0.116517442070073     
   3.60599500000000        5.10765958333333      -0.109528907623495     
   3.60599500000000        5.40799250000000      -0.102666451010688     
   3.60599500000000        5.70832541666667      -9.617398479321090E-002
   3.60599500000000        6.00865833333333      -9.020606715617831E-002
   3.60599500000000        6.30899125000000      -8.500441410616319E-002
   3.60599500000000        6.60932416666667      -8.061276306122715E-002
   3.60599500000000        6.90965708333333      -7.685652837051325E-002
   3.60599500000000        7.20999000000000      -7.397312300817382E-002
   3.90632791666667       2.000000000000000E-003 -0.214168630956156     
   3.90632791666667       0.302332916666667      -0.215234721711039     
   3.90632791666667       0.602665833333333      -0.206847998923631     
   3.90632791666667       0.902998750000000      -0.194271339028473     
   3.90632791666667        1.20333166666667      -0.183117254250879     
   3.90632791666667        1.50366458333333      -0.174552105855951     
   3.90632791666667        1.80399750000000      -0.167733104716953     
   3.90632791666667        2.10433041666667      -0.161816099080299     
   3.90632791666667        2.40466333333333      -0.156468353574103     
   3.90632791666667        2.70499625000000      -0.151467824417567     
   3.90632791666667        3.00532916666667      -0.146599904249297     
   3.90632791666667        3.30566208333333      -0.141661947501144     
   3.90632791666667        3.60599500000000      -0.136482471226607     
   3.90632791666667        3.90632791666667      -0.130958311656411     
   3.90632791666667        4.20666083333333      -0.125077651913618     
   3.90632791666667        4.50699375000000      -0.118868888050639     
   3.90632791666667        4.80732666666667      -0.112394863920994     
   3.90632791666667        5.10765958333333      -0.105805059114848     
   3.90632791666667        5.40799250000000      -9.933423903126126E-002
   3.90632791666667        5.70832541666667      -9.322814869567946E-002
   3.90632791666667        6.00865833333333      -8.764114053787990E-002
   3.90632791666667        6.30899125000000      -8.282950137435686E-002
   3.90632791666667        6.60932416666667      -7.899194633750910E-002
   3.90632791666667        6.90965708333333      -7.596386268892048E-002
   3.90632791666667        7.20999000000000      -7.273579895367560E-002
   4.20666083333333       2.000000000000000E-003 -0.203621541639450     
   4.20666083333333       0.302332916666667      -0.200842270216062     
   4.20666083333333       0.602665833333333      -0.192094122417297     
   4.20666083333333       0.902998750000000      -0.180725445357773     
   4.20666083333333        1.20333166666667      -0.170480812559957     
   4.20666083333333        1.50366458333333      -0.162916541381943     
   4.20666083333333        1.80399750000000      -0.156986127083903     
   4.20666083333333        2.10433041666667      -0.151951646487163     
   4.20666083333333        2.40466333333333      -0.147453875877288     
   4.20666083333333        2.70499625000000      -0.143234618578839     
   4.20666083333333        3.00532916666667      -0.139059298209948     
   4.20666083333333        3.30566208333333      -0.134726781329592     
   4.20666083333333        3.60599500000000      -0.130093692833356     
   4.20666083333333        3.90632791666667      -0.125087795753312     
   4.20666083333333        4.20666083333333      -0.119699197566769     
   4.20666083333333        4.50699375000000      -0.113958161308382     
   4.20666083333333        4.80732666666667      -0.107941470890671     
   4.20666083333333        5.10765958333333      -0.101802899387578     
   4.20666083333333        5.40799250000000      -9.576605973770898E-002
   4.20666083333333        5.70832541666667      -9.006493776873423E-002
   4.20666083333333        6.00865833333333      -8.488099153053395E-002
   4.20666083333333        6.30899125000000      -8.041490092195688E-002
   4.20666083333333        6.60932416666667      -7.698176839618059E-002
   4.20666083333333        6.90965708333333      -7.429261553909400E-002
   4.20666083333333        7.20999000000000      -7.103142020465242E-002
   4.50699375000000       2.000000000000000E-003 -0.180130844593709     
   4.50699375000000       0.302332916666667      -0.177738681263065     
   4.50699375000000       0.602665833333333      -0.171375380920989     
   4.50699375000000       0.902998750000000      -0.163300462682422     
   4.50699375000000        1.20333166666667      -0.156164481695553     
   4.50699375000000        1.50366458333333      -0.150540684715072     
   4.50699375000000        1.80399750000000      -0.145926233283404     
   4.50699375000000        2.10433041666667      -0.141954898439916     
   4.50699375000000        2.40466333333333      -0.138365096147659     
   4.50699375000000        2.70499625000000      -0.134918013448723     
   4.50699375000000        3.00532916666667      -0.131386993039517     
   4.50699375000000        3.30566208333333      -0.127592282591907     
   4.50699375000000        3.60599500000000      -0.123434748046655     
   4.50699375000000        3.90632791666667      -0.118889310860446     
   4.50699375000000        4.20666083333333      -0.113969652171862     
   4.50699375000000        4.50699375000000      -0.108716524052608     
   4.50699375000000        4.80732666666667      -0.103208742066428     
   4.50699375000000        5.10765958333333      -9.757969038819030E-002
   4.50699375000000        5.40799250000000      -9.201424040380263E-002
   4.50699375000000        5.70832541666667      -8.671209558059688E-002
   4.50699375000000        6.00865833333333      -8.184707515253754E-002
   4.50699375000000        6.30899125000000      -7.756765207403964E-002
   4.50699375000000        6.60932416666667      -7.404718089380272E-002
   4.50699375000000        6.90965708333333      -7.102678636299903E-002
   4.50699375000000        7.20999000000000      -6.760857217839646E-002
   4.80732666666667       2.000000000000000E-003 -0.153254003473687     
   4.80732666666667       0.302332916666667      -0.152017683968821     
   4.80732666666667       0.602665833333333      -0.148838530128773     
   4.80732666666667       0.902998750000000      -0.144925113279019     
   4.80732666666667        1.20333166666667      -0.141134513836872     
   4.80732666666667        1.50366458333333      -0.137727171106630     
   4.80732666666667        1.80399750000000      -0.134684648484823     
   4.80732666666667        2.10433041666667      -0.131911763685879     
   4.80732666666667        2.40466333333333      -0.129265746666711     
   4.80732666666667        2.70499625000000      -0.126561318860432     
   4.80732666666667        3.00532916666667      -0.123611653556458     
   4.80732666666667        3.30566208333333      -0.120285973090924     
   4.80732666666667        3.60599500000000      -0.116545224160214     
   4.80732666666667        3.90632791666667      -0.112420434017131     
   4.80732666666667        4.20666083333333      -0.107961256124477     
   4.80732666666667        4.50699375000000      -0.103219314489683     
   4.80732666666667        4.80732666666667      -9.825901500237945E-002
   4.80732666666667        5.10765958333333      -9.317361577610496E-002
   4.80732666666667        5.40799250000000      -8.809377150185102E-002
   4.80732666666667        5.70832541666667      -8.317083442805731E-002
   4.80732666666667        6.00865833333333      -7.854574417559042E-002
   4.80732666666667        6.30899125000000      -7.432624972316218E-002
   4.80732666666667        6.60932416666667      -7.056219022151800E-002
   4.80732666666667        6.90965708333333      -6.713987831816104E-002
   4.80732666666667        7.20999000000000      -6.363286384747691E-002
   5.10765958333333       2.000000000000000E-003 -0.127536797290363     
   5.10765958333333       0.302332916666667      -0.127474653274394     
   5.10765958333333       0.602665833333333      -0.127217317708710     
   5.10765958333333       0.902998750000000      -0.126813104088788     
   5.10765958333333        1.20333166666667      -0.126028456469288     
   5.10765958333333        1.50366458333333      -0.124891962155132     
   5.10765958333333        1.80399750000000      -0.123519964400475     
   5.10765958333333        2.10433041666667      -0.121986360646671     
   5.10765958333333        2.40466333333333      -0.120265542153731     
   5.10765958333333        2.70499625000000      -0.118249467076035     
   5.10765958333333        3.00532916666667      -0.115817176627695     
   5.10765958333333        3.30566208333333      -0.112907410884374     
   5.10765958333333        3.60599500000000      -0.109548681626644     
   5.10765958333333        3.90632791666667      -0.105826446288230     
   5.10765958333333        4.20666083333333      -0.101824016272323     
   5.10765958333333        4.50699375000000      -9.759660776776558E-002
   5.10765958333333        4.80732666666667      -9.318277091570958E-002
   5.10765958333333        5.10765958333333      -8.863083658430909E-002
   5.10765958333333        5.40799250000000      -8.401961011563856E-002
   5.10765958333333        5.70832541666667      -7.945492807683600E-002
   5.10765958333333        6.00865833333333      -7.504533649718570E-002
   5.10765958333333        6.30899125000000      -7.087594578956871E-002
   5.10765958333333        6.60932416666667      -6.699053595931467E-002
   5.10765958333333        6.90965708333333      -6.336539843686761E-002
   5.10765958333333        7.20999000000000      -5.987087282656004E-002
   5.40799250000000       2.000000000000000E-003 -0.104695508192711     
   5.40799250000000       0.302332916666667      -0.105447210763203     
   5.40799250000000       0.602665833333333      -0.107349661778103     
   5.40799250000000       0.902998750000000      -0.109521152066313     
   5.40799250000000        1.20333166666667      -0.111358171531243     
   5.40799250000000        1.50366458333333      -0.112510745468955     
   5.40799250000000        1.80399750000000      -0.112789179321036     
   5.40799250000000        2.10433041666667      -0.112426170115509     
   5.40799250000000        2.40466333333333      -0.111546089701530     
   5.40799250000000        2.70499625000000      -0.110142695323464     
   5.40799250000000        3.00532916666667      -0.108174545566215     
   5.40799250000000        3.30566208333333      -0.105651750139436     
   5.40799250000000        3.60599500000000      -0.102663993998633     
   5.40799250000000        3.90632791666667      -9.933945200486548E-002
   5.40799250000000        4.20666083333333      -9.577949252420347E-002
   5.40799250000000        4.50699375000000      -9.203136785980390E-002
   5.40799250000000        4.80732666666667      -8.810854740127071E-002
   5.40799250000000        5.10765958333333      -8.402771479040679E-002
   5.40799250000000        5.40799250000000      -7.983509245847868E-002
   5.40799250000000        5.70832541666667      -7.560692484448678E-002
   5.40799250000000        6.00865833333333      -7.142536700569108E-002
   5.40799250000000        6.30899125000000      -6.735976218487183E-002
   5.40799250000000        6.60932416666667      -6.348379399021234E-002
   5.40799250000000        6.90965708333333      -5.985865938539470E-002
   5.40799250000000        7.20999000000000      -5.647548488793205E-002
   5.70832541666667       2.000000000000000E-003 -8.449797132643351E-002
   5.70832541666667       0.302332916666667      -8.616125545681973E-002
   5.70832541666667       0.602665833333333      -9.011980256610862E-002
   5.70832541666667       0.902998750000000      -9.463515968859285E-002
   5.70832541666667        1.20333166666667      -9.846684145075736E-002
   5.70832541666667        1.50366458333333      -0.101206588806415     
   5.70832541666667        1.80399750000000      -0.102888693891852     
   5.70832541666667        2.10433041666667      -0.103514799601561     
   5.70832541666667        2.40466333333333      -0.103332597365157     
   5.70832541666667        2.70499625000000      -0.102451977550180     
   5.70832541666667        3.00532916666667      -0.100903810140665     
   5.70832541666667        3.30566208333333      -9.875062179448374E-002
   5.70832541666667        3.60599500000000      -9.612996204853053E-002
   5.70832541666667        3.90632791666667      -9.320242614719951E-002
   5.70832541666667        4.20666083333333      -9.006113894046656E-002
   5.70832541666667        4.50699375000000      -8.672341868815121E-002
   5.70832541666667        4.80732666666667      -8.318729761751134E-002
   5.70832541666667        5.10765958333333      -7.946885030310910E-002
   5.70832541666667        5.40799250000000      -7.561451535409758E-002
   5.70832541666667        5.70832541666667      -7.169321855125194E-002
   5.70832541666667        6.00865833333333      -6.773697564822870E-002
   5.70832541666667        6.30899125000000      -6.377876100893229E-002
   5.70832541666667        6.60932416666667      -5.993610141491822E-002
   5.70832541666667        6.90965708333333      -5.635882432062738E-002
   5.70832541666667        7.20999000000000      -5.310458877326910E-002
   6.00865833333333       2.000000000000000E-003 -6.750146228256737E-002
   6.00865833333333       0.302332916666667      -7.015836713284963E-002
   6.00865833333333       0.602665833333333      -7.621657600726596E-002
   6.00865833333333       0.902998750000000      -8.272227822713571E-002
   6.00865833333333        1.20333166666667      -8.803906677055083E-002
   6.00865833333333        1.50366458333333      -9.177512250193982E-002
   6.00865833333333        1.80399750000000      -9.416409452673961E-002
   6.00865833333333        2.10433041666667      -9.547593204208618E-002
   6.00865833333333        2.40466333333333      -9.581635295640951E-002
   6.00865833333333        2.70499625000000      -9.537092567035634E-002
   6.00865833333333        3.00532916666667      -9.420203193574250E-002
   6.00865833333333        3.30566208333333      -9.237432509175147E-002
   6.00865833333333        3.60599500000000      -9.008691948667609E-002
   6.00865833333333        3.90632791666667      -8.756371278482909E-002
   6.00865833333333        4.20666083333333      -8.485179313004526E-002
   6.00865833333333        4.50699375000000      -8.184961587297972E-002
   6.00865833333333        4.80732666666667      -7.856191027434699E-002
   6.00865833333333        5.10765958333333      -7.506339355853085E-002
   6.00865833333333        5.40799250000000      -7.143989932035801E-002
   6.00865833333333        5.70832541666667      -6.774591155207696E-002
   6.00865833333333        6.00865833333333      -6.392851888052689E-002
   6.00865833333333        6.30899125000000      -5.998984317770168E-002
   6.00865833333333        6.60932416666667      -5.610037109522857E-002
   6.00865833333333        6.90965708333333      -5.255020213586873E-002
   6.00865833333333        7.20999000000000      -4.945699082552162E-002
   6.30899125000000       2.000000000000000E-003 -5.463169598800856E-002
   6.30899125000000       0.302332916666667      -5.834152518692579E-002
   6.30899125000000       0.602665833333333      -6.588546964591238E-002
   6.30899125000000       0.902998750000000      -7.352172695203676E-002
   6.30899125000000        1.20333166666667      -7.972190811573167E-002
   6.30899125000000        1.50366458333333      -8.405206212957383E-002
   6.30899125000000        1.80399750000000      -8.677586518028252E-002
   6.30899125000000        2.10433041666667      -8.837598076310815E-002
   6.30899125000000        2.40466333333333      -8.907388277748790E-002
   6.30899125000000        2.70499625000000      -8.900694240014670E-002
   6.30899125000000        3.00532916666667      -8.823302287576168E-002
   6.30899125000000        3.30566208333333      -8.675320545964431E-002
   6.30899125000000        3.60599500000000      -8.479151202140210E-002
   6.30899125000000        3.90632791666667      -8.269474493424721E-002
   6.30899125000000        4.20666083333333      -8.036346351817192E-002
   6.30899125000000        4.50699375000000      -7.756654697010153E-002
   6.30899125000000        4.80732666666667      -7.434438502984385E-002
   6.30899125000000        5.10765958333333      -7.089824055066517E-002
   6.30899125000000        5.40799250000000      -6.738152262566854E-002
   6.30899125000000        5.70832541666667      -6.379931954548355E-002
   6.30899125000000        6.00865833333333      -6.000543980899300E-002
   6.30899125000000        6.30899125000000      -5.591861305448693E-002
   6.30899125000000        6.60932416666667      -5.175041440107975E-002
   6.30899125000000        6.90965708333333      -4.810668090969002E-002
   6.30899125000000        7.20999000000000      -4.528746967636162E-002
   6.60932416666667       2.000000000000000E-003 -4.508190913354695E-002
   6.60932416666667       0.302332916666667      -4.976837285996260E-002
   6.60932416666667       0.602665833333333      -5.694175246263374E-002
   6.60932416666667       0.902998750000000      -6.508216333719075E-002
   6.60932416666667        1.20333166666667      -7.234488022176329E-002
   6.60932416666667        1.50366458333333      -7.734218617579484E-002
   6.60932416666667        1.80399750000000      -8.035274126574123E-002
   6.60932416666667        2.10433041666667      -8.208875832270747E-002
   6.60932416666667        2.40466333333333      -8.302592582497020E-002
   6.60932416666667        2.70499625000000      -8.335973525845315E-002
   6.60932416666667        3.00532916666667      -8.312907167302536E-002
   6.60932416666667        3.30566208333333      -8.204753449934195E-002
   6.60932416666667        3.60599500000000      -8.035336891244869E-002
   6.60932416666667        3.90632791666667      -7.885102523929471E-002
   6.60932416666667        4.20666083333333      -7.694598827581431E-002
   6.60932416666667        4.50699375000000      -7.406147891675463E-002
   6.60932416666667        4.80732666666667      -7.058922588782224E-002
   6.60932416666667        5.10765958333333      -6.701836088791409E-002
   6.60932416666667        5.40799250000000      -6.351308192375486E-002
   6.60932416666667        5.70832541666667      -5.997031844208144E-002
   6.60932416666667        6.00865833333333      -5.613849949297554E-002
   6.60932416666667        6.30899125000000      -5.178130829112587E-002
   6.60932416666667        6.60932416666667      -4.700081072980023E-002
   6.60932416666667        6.90965708333333      -4.290892090245005E-002
   6.60932416666667        7.20999000000000      -4.059219762891875E-002
   6.90965708333333       2.000000000000000E-003 -3.030690703708525E-002
   6.90965708333333       0.302332916666667      -3.760348268533766E-002
   6.90965708333333       0.602665833333333      -4.323032060433550E-002
   6.90965708333333       0.902998750000000      -5.492555048739411E-002
   6.90965708333333        1.20333166666667      -6.490040013735320E-002
   6.90965708333333        1.50366458333333      -7.105709600255346E-002
   6.90965708333333        1.80399750000000      -7.447817075472209E-002
   6.90965708333333        2.10433041666667      -7.636798070735704E-002
   6.90965708333333        2.40466333333333      -7.745513229405146E-002
   6.90965708333333        2.70499625000000      -7.814899225400807E-002
   6.90965708333333        3.00532916666667      -7.853554693287682E-002
   6.90965708333333        3.30566208333333      -7.814237755946891E-002
   6.90965708333333        3.60599500000000      -7.669820696553442E-002
   6.90965708333333        3.90632791666667      -7.591828387628882E-002
   6.90965708333333        4.20666083333333      -7.432300711248922E-002
   6.90965708333333        4.50699375000000      -7.107680285518327E-002
   6.90965708333333        4.80732666666667      -6.718226944021312E-002
   6.90965708333333        5.10765958333333      -6.339913376818601E-002
   6.90965708333333        5.40799250000000      -5.989364018344434E-002
   6.90965708333333        5.70832541666667      -5.640423547229564E-002
   6.90965708333333        6.00865833333333      -5.261003323375203E-002
   6.90965708333333        6.30899125000000      -4.817480248959837E-002
   6.90965708333333        6.60932416666667      -4.296420031721512E-002
   6.90965708333333        6.90965708333333      -3.807648197726232E-002
   6.90965708333333        7.20999000000000      -3.618413797228014E-002
   7.20999000000000       2.000000000000000E-003 -2.609605134157007E-002
   7.20999000000000       0.302332916666667      -2.395203782247819E-002
   7.20999000000000       0.602665833333333      -3.037025040999951E-002
   7.20999000000000       0.902998750000000      -4.638388397765386E-002
   7.20999000000000        1.20333166666667      -5.833804773707881E-002
   7.20999000000000        1.50366458333333      -6.526346798134511E-002
   7.20999000000000        1.80399750000000      -6.898671925686004E-002
   7.20999000000000        2.10433041666667      -7.099779986678889E-002
   7.20999000000000        2.40466333333333      -7.212082196100345E-002
   7.20999000000000        2.70499625000000      -7.286089836197888E-002
   7.20999000000000        3.00532916666667      -7.341948749297948E-002
   7.20999000000000        3.30566208333333      -7.379018448823065E-002
   7.20999000000000        3.60599500000000      -7.397319677999981E-002
   7.20999000000000        3.90632791666667      -7.278846647586669E-002
   7.20999000000000        4.20666083333333      -7.112477738574548E-002
   7.20999000000000        4.50699375000000      -6.768967891471044E-002
   7.20999000000000        4.80732666666667      -6.368725022314042E-002
   7.20999000000000        5.10765958333333      -5.990756075609056E-002
   7.20999000000000        5.40799250000000      -5.651163823424871E-002
   7.20999000000000        5.70832541666667      -5.315306466361722E-002
   7.20999000000000        6.00865833333333      -4.952481066540580E-002
   7.20999000000000        6.30899125000000      -4.537266149667878E-002
   7.20999000000000        6.60932416666667      -4.068211369551551E-002
   7.20999000000000        6.90965708333333      -3.625612718533971E-002
   7.20999000000000        7.20999000000000      -3.277434004405148E-002
