  2.000000000000000E-003  2.000000000000000E-003  -1.43117300324667     
  2.000000000000000E-003  0.302332916666667       -1.20139102813187     
  2.000000000000000E-003  0.602665833333333      -0.873945475103406     
  2.000000000000000E-003  0.902998750000000      -0.682275120850268     
  2.000000000000000E-003   1.20333166666667      -0.561651317025218     
  2.000000000000000E-003   1.50366458333333      -0.475195403743707     
  2.000000000000000E-003   1.80399750000000      -0.407952102364533     
  2.000000000000000E-003   2.10433041666667      -0.352713327525678     
  2.000000000000000E-003   2.40466333333333      -0.306483985597272     
  2.000000000000000E-003   2.70499625000000      -0.269195693260061     
  2.000000000000000E-003   3.00532916666667      -0.241619188425197     
  2.000000000000000E-003   3.30566208333333      -0.229789488435337     
  2.000000000000000E-003   3.60599500000000      -0.219662509195664     
  2.000000000000000E-003   3.90632791666667      -0.213634756956755     
  2.000000000000000E-003   4.20666083333333      -0.201030376513987     
  2.000000000000000E-003   4.50699375000000      -0.179187177351556     
  2.000000000000000E-003   4.80732666666667      -0.154498671767057     
  2.000000000000000E-003   5.10765958333333      -0.130412809829680     
  2.000000000000000E-003   5.40799250000000      -0.108433127668197     
  2.000000000000000E-003   5.70832541666667      -8.767261544900048E-002
  2.000000000000000E-003   6.00865833333333      -6.857021751559936E-002
  2.000000000000000E-003   6.30899125000000      -5.224127558005705E-002
  2.000000000000000E-003   6.60932416666667      -4.077691631033525E-002
  2.000000000000000E-003   6.90965708333333      -3.954737330410700E-002
  2.000000000000000E-003   7.20999000000000      -5.281118554905737E-002
  0.302332916666667       2.000000000000000E-003  -1.20111730496252     
  0.302332916666667       0.302332916666667       -1.19590707999705     
  0.302332916666667       0.602665833333333      -0.922791369161266     
  0.302332916666667       0.902998750000000      -0.702316152378861     
  0.302332916666667        1.20333166666667      -0.565488023781167     
  0.302332916666667        1.50366458333333      -0.473059564273245     
  0.302332916666667        1.80399750000000      -0.404254364331646     
  0.302332916666667        2.10433041666667      -0.349125023297379     
  0.302332916666667        2.40466333333333      -0.304225012598696     
  0.302332916666667        2.70499625000000      -0.268958662054439     
  0.302332916666667        3.00532916666667      -0.243610390606177     
  0.302332916666667        3.30566208333333      -0.232976187423505     
  0.302332916666667        3.60599500000000      -0.229337862501313     
  0.302332916666667        3.90632791666667      -0.218416994226898     
  0.302332916666667        4.20666083333333      -0.200903648447563     
  0.302332916666667        4.50699375000000      -0.178201325155852     
  0.302332916666667        4.80732666666667      -0.153857919381771     
  0.302332916666667        5.10765958333333      -0.130600681236970     
  0.302332916666667        5.40799250000000      -0.109397157299657     
  0.302332916666667        5.70832541666667      -8.987373088482332E-002
  0.302332916666667        6.00865833333333      -7.291073877944640E-002
  0.302332916666667        6.30899125000000      -6.064864247964308E-002
  0.302332916666667        6.60932416666667      -5.616780160168751E-002
  0.302332916666667        6.90965708333333      -5.857807779244136E-002
  0.302332916666667        7.20999000000000      -5.133735639809076E-002
  0.602665833333333       2.000000000000000E-003 -0.873585826263274     
  0.602665833333333       0.302332916666667      -0.922582122441642     
  0.602665833333333       0.602665833333333      -0.845020380972083     
  0.602665833333333       0.902998750000000      -0.686291698323401     
  0.602665833333333        1.20333166666667      -0.554860492298833     
  0.602665833333333        1.50366458333333      -0.460749106457966     
  0.602665833333333        1.80399750000000      -0.391929540909306     
  0.602665833333333        2.10433041666667      -0.338840011330366     
  0.602665833333333        2.40466333333333      -0.297329132738905     
  0.602665833333333        2.70499625000000      -0.266501880161603     
  0.602665833333333        3.00532916666667      -0.244890890257900     
  0.602665833333333        3.30566208333333      -0.233865793324105     
  0.602665833333333        3.60599500000000      -0.227550637101007     
  0.602665833333333        3.90632791666667      -0.215485657738641     
  0.602665833333333        4.20666083333333      -0.196500173989487     
  0.602665833333333        4.50699375000000      -0.174377984935803     
  0.602665833333333        4.80732666666667      -0.151798508758301     
  0.602665833333333        5.10765958333333      -0.130857191049763     
  0.602665833333333        5.40799250000000      -0.111678978254692     
  0.602665833333333        5.70832541666667      -9.484634683161218E-002
  0.602665833333333        6.00865833333333      -8.183027737358292E-002
  0.602665833333333        6.30899125000000      -7.449444937463962E-002
  0.602665833333333        6.60932416666667      -7.211223683087443E-002
  0.602665833333333        6.90965708333333      -6.469107578000592E-002
  0.602665833333333        7.20999000000000      -5.111403675822571E-002
  0.902998750000000       2.000000000000000E-003 -0.681972653759722     
  0.902998750000000       0.302332916666667      -0.702079525355062     
  0.902998750000000       0.602665833333333      -0.686185296316115     
  0.902998750000000       0.902998750000000      -0.605535360743982     
  0.902998750000000        1.20333166666667      -0.511329540044832     
  0.902998750000000        1.50366458333333      -0.431663419325974     
  0.902998750000000        1.80399750000000      -0.369956594812926     
  0.902998750000000        2.10433041666667      -0.322060427413831     
  0.902998750000000        2.40466333333333      -0.285793509993497     
  0.902998750000000        2.70499625000000      -0.259027666098904     
  0.902998750000000        3.00532916666667      -0.239991085546786     
  0.902998750000000        3.30566208333333      -0.227382191698459     
  0.902998750000000        3.60599500000000      -0.217337790473017     
  0.902998750000000        3.90632791666667      -0.204531625856977     
  0.902998750000000        4.20666083333333      -0.187448267580034     
  0.902998750000000        4.50699375000000      -0.167988074412947     
  0.902998750000000        4.80732666666667      -0.148879664690049     
  0.902998750000000        5.10765958333333      -0.130811181960348     
  0.902998750000000        5.40799250000000      -0.113929907806071     
  0.902998750000000        5.70832541666667      -9.966023757766726E-002
  0.902998750000000        6.00865833333333      -8.928646221143179E-002
  0.902998750000000        6.30899125000000      -8.340840066352870E-002
  0.902998750000000        6.60932416666667      -7.967770208186811E-002
  0.902998750000000        6.90965708333333      -7.263434927725915E-002
  0.902998750000000        7.20999000000000      -6.442972614263805E-002
   1.20333166666667       2.000000000000000E-003 -0.561400209630545     
   1.20333166666667       0.302332916666667      -0.565266698168139     
   1.20333166666667       0.602665833333333      -0.554714582568291     
   1.20333166666667       0.902998750000000      -0.511264933874703     
   1.20333166666667        1.20333166666667      -0.450300026498066     
   1.20333166666667        1.50366458333333      -0.390943847926404     
   1.20333166666667        1.80399750000000      -0.341049007518592     
   1.20333166666667        2.10433041666667      -0.301229462735751     
   1.20333166666667        2.40466333333333      -0.270780782950641     
   1.20333166666667        2.70499625000000      -0.247567939901772     
   1.20333166666667        3.00532916666667      -0.230026236431645     
   1.20333166666667        3.30566208333333      -0.216642905292236     
   1.20333166666667        3.60599500000000      -0.204875040658185     
   1.20333166666667        3.90632791666667      -0.192038046135902     
   1.20333166666667        4.20666083333333      -0.177191648143810     
   1.20333166666667        4.50699375000000      -0.161391191222604     
   1.20333166666667        4.80732666666667      -0.145520942804914     
   1.20333166666667        5.10765958333333      -0.130000862244038     
   1.20333166666667        5.40799250000000      -0.115308127415098     
   1.20333166666667        5.70832541666667      -0.102785392248479     
   1.20333166666667        6.00865833333333      -9.352255507051474E-002
   1.20333166666667        6.30899125000000      -8.751643703748595E-002
   1.20333166666667        6.60932416666667      -8.306604475149135E-002
   1.20333166666667        6.90965708333333      -7.783531050039760E-002
   1.20333166666667        7.20999000000000      -7.222526617745788E-002
   1.50366458333333       2.000000000000000E-003 -0.474987733178262     
   1.50366458333333       0.302332916666667      -0.472866740012309     
   1.50366458333333       0.602665833333333      -0.460599977760322     
   1.50366458333333       0.902998750000000      -0.431570013924473     
   1.50366458333333        1.20333166666667      -0.390903223777800     
   1.50366458333333        1.50366458333333      -0.348423273949228     
   1.50366458333333        1.80399750000000      -0.310286455653566     
   1.50366458333333        2.10433041666667      -0.279008942808386     
   1.50366458333333        2.40466333333333      -0.254117935497775     
   1.50366458333333        2.70499625000000      -0.234422898865573     
   1.50366458333333        3.00532916666667      -0.218665665653415     
   1.50366458333333        3.30566208333333      -0.205536076625824     
   1.50366458333333        3.60599500000000      -0.193599729923745     
   1.50366458333333        3.90632791666667      -0.181578539093116     
   1.50366458333333        4.20666083333333      -0.168861797414762     
   1.50366458333333        4.50699375000000      -0.155511971594763     
   1.50366458333333        4.80732666666667      -0.141869570083238     
   1.50366458333333        5.10765958333333      -0.128367447974805     
   1.50366458333333        5.40799250000000      -0.115565661237460     
   1.50366458333333        5.70832541666667      -0.104226538246083     
   1.50366458333333        6.00865833333333      -9.529481845236082E-002
   1.50366458333333        6.30899125000000      -8.879165454446215E-002
   1.50366458333333        6.60932416666667      -8.376178963392318E-002
   1.50366458333333        6.90965708333333      -7.900867620715180E-002
   1.50366458333333        7.20999000000000      -7.415132764380766E-002
   1.80399750000000       2.000000000000000E-003 -0.407805375188862     
   1.80399750000000       0.302332916666667      -0.404113178487681     
   1.80399750000000       0.602665833333333      -0.391808178914956     
   1.80399750000000       0.902998750000000      -0.369864955251615     
   1.80399750000000        1.20333166666667      -0.340991213540299     
   1.80399750000000        1.50366458333333      -0.310259940465343     
   1.80399750000000        1.80399750000000      -0.281959170116680     
   1.80399750000000        2.10433041666667      -0.257657092566479     
   1.80399750000000        2.40466333333333      -0.237543948005630     
   1.80399750000000        2.70499625000000      -0.221072150871149     
   1.80399750000000        3.00532916666667      -0.207345423036734     
   1.80399750000000        3.30566208333333      -0.195370643021323     
   1.80399750000000        3.60599500000000      -0.184214923884223     
   1.80399750000000        3.90632791666667      -0.173150707877999     
   1.80399750000000        4.20666083333333      -0.161775975372040     
   1.80399750000000        4.50699375000000      -0.150012808729565     
   1.80399750000000        4.80732666666667      -0.138016021771095     
   1.80399750000000        5.10765958333333      -0.126107978864661     
   1.80399750000000        5.40799250000000      -0.114746967747828     
   1.80399750000000        5.70832541666667      -0.104456801790853     
   1.80399750000000        6.00865833333333      -9.569826948930774E-002
   1.80399750000000        6.30899125000000      -8.869804510462823E-002
   1.80399750000000        6.60932416666667      -8.305854172426536E-002
   1.80399750000000        6.90965708333333      -7.812267424540188E-002
   1.80399750000000        7.20999000000000      -7.340896634602562E-002
   2.10433041666667       2.000000000000000E-003 -0.352663322014108     
   2.10433041666667       0.302332916666667      -0.349069400012007     
   2.10433041666667       0.602665833333333      -0.338774183474885     
   2.10433041666667       0.902998750000000      -0.321991307348066     
   2.10433041666667        1.20333166666667      -0.301167711661127     
   2.10433041666667        1.50366458333333      -0.278963516648295     
   2.10433041666667        1.80399750000000      -0.257633150823712     
   2.10433041666667        2.10433041666667      -0.238573603016784     
   2.10433041666667        2.40466333333333      -0.222272322945729     
   2.10433041666667        2.70499625000000      -0.208506147750770     
   2.10433041666667        3.00532916666667      -0.196644279561684     
   2.10433041666667        3.30566208333333      -0.185942808848972     
   2.10433041666667        3.60599500000000      -0.175752490363006     
   2.10433041666667        3.90632791666667      -0.165620547168720     
   2.10433041666667        4.20666083333333      -0.155309902936678     
   2.10433041666667        4.50699375000000      -0.144768678118977     
   2.10433041666667        4.80732666666667      -0.134086554963010     
   2.10433041666667        5.10765958333333      -0.123471702662872     
   2.10433041666667        5.40799250000000      -0.113236700476896     
   2.10433041666667        5.70832541666667      -0.103745948662392     
   2.10433041666667        6.00865833333333      -9.531129221389197E-002
   2.10433041666667        6.30899125000000      -8.807733817250216E-002
   2.10433041666667        6.60932416666667      -8.197032130690282E-002
   2.10433041666667        6.90965708333333      -7.676717819949858E-002
   2.10433041666667        7.20999000000000      -7.214691074646269E-002
   2.40466333333333       2.000000000000000E-003 -0.306584590465336     
   2.40466333333333       0.302332916666667      -0.304295043036649     
   2.40466333333333       0.602665833333333      -0.297334620816518     
   2.40466333333333       0.902998750000000      -0.285747891626800     
   2.40466333333333        1.20333166666667      -0.270713282886389     
   2.40466333333333        1.50366458333333      -0.254052418691868     
   2.40466333333333        1.80399750000000      -0.237494607339009     
   2.40466333333333        2.10433041666667      -0.222245971535188     
   2.40466333333333        2.40466333333333      -0.208838324717276     
   2.40466333333333        2.70499625000000      -0.197197523188873     
   2.40466333333333        3.00532916666667      -0.186868222003822     
   2.40466333333333        3.30566208333333      -0.177288698955411     
   2.40466333333333        3.60599500000000      -0.167995909537460     
   2.40466333333333        3.90632791666667      -0.158706496801968     
   2.40466333333333        4.20666083333333      -0.149300897155046     
   2.40466333333333        4.50699375000000      -0.139770301886224     
   2.40466333333333        4.80732666666667      -0.130170049350240     
   2.40466333333333        5.10765958333333      -0.120611224777286     
   2.40466333333333        5.40799250000000      -0.111279016180429     
   2.40466333333333        5.70832541666667      -0.102422109405091     
   2.40466333333333        6.00865833333333      -9.429048196013530E-002
   2.40466333333333        6.30899125000000      -8.705379351875969E-002
   2.40466333333333        6.60932416666667      -8.076938959926531E-002
   2.40466333333333        6.90965708333333      -7.546505435023133E-002
   2.40466333333333        7.20999000000000      -7.116841118321228E-002
   2.70499625000000       2.000000000000000E-003 -0.269467549355851     
   2.70499625000000       0.302332916666667      -0.269163443416432     
   2.70499625000000       0.602665833333333      -0.266571941821067     
   2.70499625000000       0.902998750000000      -0.258987716248224     
   2.70499625000000        1.20333166666667      -0.247478959576506     
   2.70499625000000        1.50366458333333      -0.234327262179227     
   2.70499625000000        1.80399750000000      -0.220991021630834     
   2.70499625000000        2.10433041666667      -0.208448932861535     
   2.70499625000000        2.40466333333333      -0.197167845800697     
   2.70499625000000        2.70499625000000      -0.187132076460436     
   2.70499625000000        3.00532916666667      -0.178002437578441     
   2.70499625000000        3.30566208333333      -0.169347927519500     
   2.70499625000000        3.60599500000000      -0.160831373817437     
   2.70499625000000        3.90632791666667      -0.152278948740338     
   2.70499625000000        4.20666083333333      -0.143649503203022     
   2.70499625000000        4.50699375000000      -0.134962645288629     
   2.70499625000000        4.80732666666667      -0.126244603597974     
   2.70499625000000        5.10765958333333      -0.117534629891848     
   2.70499625000000        5.40799250000000      -0.108930708502129     
   2.70499625000000        5.70832541666667      -0.100609186888194     
   2.70499625000000        6.00865833333333      -9.278663331774462E-002
   2.70499625000000        6.30899125000000      -8.563014870983400E-002
   2.70499625000000        6.60932416666667      -7.934114606372694E-002
   2.70499625000000        6.90965708333333      -7.437704970770703E-002
   2.70499625000000        7.20999000000000      -7.090931624974217E-002
   3.00532916666667       2.000000000000000E-003 -0.241953216210615     
   3.00532916666667       0.302332916666667      -0.243832975901088     
   3.00532916666667       0.602665833333333      -0.244923640243070     
   3.00532916666667       0.902998750000000      -0.239896243148836     
   3.00532916666667        1.20333166666667      -0.229884021252655     
   3.00532916666667        1.50366458333333      -0.218523569356493     
   3.00532916666667        1.80399750000000      -0.207223048458515     
   3.00532916666667        2.10433041666667      -0.196549797382775     
   3.00532916666667        2.40466333333333      -0.186804237849263     
   3.00532916666667        2.70499625000000      -0.177969703536591     
   3.00532916666667        3.00532916666667      -0.169782005821250     
   3.00532916666667        3.30566208333333      -0.161900043189776     
   3.00532916666667        3.60599500000000      -0.154063020134679     
   3.00532916666667        3.90632791666667      -0.146158887388117     
   3.00532916666667        4.20666083333333      -0.138195450651120     
   3.00532916666667        4.50699375000000      -0.130207990557963     
   3.00532916666667        4.80732666666667      -0.122199326131828     
   3.00532916666667        5.10765958333333      -0.114165833857879     
   3.00532916666667        5.40799250000000      -0.106159774391591     
   3.00532916666667        5.70832541666667      -9.831987629530374E-002
   3.00532916666667        6.00865833333333      -9.084323588621744E-002
   3.00532916666667        6.30899125000000      -8.391895145891401E-002
   3.00532916666667        6.60932416666667      -7.790918222463025E-002
   3.00532916666667        6.90965708333333      -7.341341796502091E-002
   3.00532916666667        7.20999000000000      -7.101087489085853E-002
   3.30566208333333       2.000000000000000E-003 -0.229865174658716     
   3.30566208333333       0.302332916666667      -0.232947422792313     
   3.30566208333333       0.602665833333333      -0.233691509776136     
   3.30566208333333       0.902998750000000      -0.227144740037318     
   3.30566208333333        1.20333166666667      -0.216410890671532     
   3.30566208333333        1.50366458333333      -0.205333717834922     
   3.30566208333333        1.80399750000000      -0.195199799507470     
   3.30566208333333        2.10433041666667      -0.185805642999465     
   3.30566208333333        2.40466333333333      -0.177185634676580     
   3.30566208333333        2.70499625000000      -0.169278397422804     
   3.30566208333333        3.00532916666667      -0.161864262026912     
   3.30566208333333        3.30566208333333      -0.154662615572923     
   3.30566208333333        3.60599500000000      -0.147450137721475     
   3.30566208333333        3.90632791666667      -0.140135913687323     
   3.30566208333333        4.20666083333333      -0.132755465629480     
   3.30566208333333        4.50699375000000      -0.125356466528409     
   3.30566208333333        4.80732666666667      -0.117931062430400     
   3.30566208333333        5.10765958333333      -0.110458335567228     
   3.30566208333333        5.40799250000000      -0.102972349077634     
   3.30566208333333        5.70832541666667      -9.559166462091810E-002
   3.30566208333333        6.00865833333333      -8.849713186660098E-002
   3.30566208333333        6.30899125000000      -8.190574896400178E-002
   3.30566208333333        6.60932416666667      -7.624979322016207E-002
   3.30566208333333        6.90965708333333      -7.225924917535360E-002
   3.30566208333333        7.20999000000000      -7.047856511901432E-002
   3.60599500000000       2.000000000000000E-003 -0.219366772200314     
   3.60599500000000       0.302332916666667      -0.228957464334190     
   3.60599500000000       0.602665833333333      -0.227115215393489     
   3.60599500000000       0.902998750000000      -0.216940322904998     
   3.60599500000000        1.20333166666667      -0.204550246062797     
   3.60599500000000        1.50366458333333      -0.193338794155378     
   3.60599500000000        1.80399750000000      -0.183996691484939     
   3.60599500000000        2.10433041666667      -0.175571937929124     
   3.60599500000000        2.40466333333333      -0.167851383789607     
   3.60599500000000        2.70499625000000      -0.160721647618216     
   3.60599500000000        3.00532916666667      -0.153987817711793     
   3.60599500000000        3.30566208333333      -0.147410980523838     
   3.60599500000000        3.60599500000000      -0.140789754401282     
   3.60599500000000        3.90632791666667      -0.134037958407882     
   3.60599500000000        4.20666083333333      -0.127201920208307     
   3.60599500000000        4.50699375000000      -0.120336848251756     
   3.60599500000000        4.80732666666667      -0.113436310518211     
   3.60599500000000        5.10765958333333      -0.106478161228625     
   3.60599500000000        5.40799250000000      -9.948863995747360E-002
   3.60599500000000        5.70832541666667      -9.256392092739373E-002
   3.60599500000000        6.00865833333333      -8.583311031389475E-002
   3.60599500000000        6.30899125000000      -7.952176600629191E-002
   3.60599500000000        6.60932416666667      -7.422464228941467E-002
   3.60599500000000        6.90965708333333      -7.123712329232250E-002
   3.60599500000000        7.20999000000000      -7.131734951564596E-002
   3.90632791666667       2.000000000000000E-003 -0.213187992623721     
   3.90632791666667       0.302332916666667      -0.217903601830541     
   3.90632791666667       0.602665833333333      -0.214939349220142     
   3.90632791666667       0.902998750000000      -0.204060251344725     
   3.90632791666667        1.20333166666667      -0.191666866855025     
   3.90632791666667        1.50366458333333      -0.181279927566568     
   3.90632791666667        1.80399750000000      -0.172896244913602     
   3.90632791666667        2.10433041666667      -0.165402502110566     
   3.90632791666667        2.40466333333333      -0.158522707664814     
   3.90632791666667        2.70499625000000      -0.152128601941723     
   3.90632791666667        3.00532916666667      -0.146042242236159     
   3.90632791666667        3.30566208333333      -0.140054828388878     
   3.90632791666667        3.60599500000000      -0.133995735318027     
   3.90632791666667        3.90632791666667      -0.127799739758693     
   3.90632791666667        4.20666083333333      -0.121511800743899     
   3.90632791666667        4.50699375000000      -0.115185053317557     
   3.90632791666667        4.80732666666667      -0.108818266469312     
   3.90632791666667        5.10765958333333      -0.102391213492566     
   3.90632791666667        5.40799250000000      -9.592031214217912E-002
   3.90632791666667        5.70832541666667      -8.947323817818108E-002
   3.90632791666667        6.00865833333333      -8.310725700979159E-002
   3.90632791666667        6.30899125000000      -7.699412766497367E-002
   3.90632791666667        6.60932416666667      -7.173144977534508E-002
   3.90632791666667        6.90965708333333      -6.808621495215811E-002
   3.90632791666667        7.20999000000000      -6.582873793977453E-002
   4.20666083333333       2.000000000000000E-003 -0.200476595870505     
   4.20666083333333       0.302332916666667      -0.200374719387517     
   4.20666083333333       0.602665833333333      -0.195990606619072     
   4.20666083333333       0.902998750000000      -0.187004521026268     
   4.20666083333333        1.20333166666667      -0.176829319047694     
   4.20666083333333        1.50366458333333      -0.168552503743207     
   4.20666083333333        1.80399750000000      -0.161501890778820     
   4.20666083333333        2.10433041666667      -0.155065549031929     
   4.20666083333333        2.40466333333333      -0.149085189096342     
   4.20666083333333        2.70499625000000      -0.143462834216003     
   4.20666083333333        3.00532916666667      -0.138039354954654     
   4.20666083333333        3.30566208333333      -0.132632901487268     
   4.20666083333333        3.60599500000000      -0.127116973416378     
   4.20666083333333        3.90632791666667      -0.121468399843814     
   4.20666083333333        4.20666083333333      -0.115741957847074     
   4.20666083333333        4.50699375000000      -0.109988747345189     
   4.20666083333333        4.80732666666667      -0.104207169387195     
   4.20666083333333        5.10765958333333      -9.836755233003233E-002
   4.20666083333333        5.40799250000000      -9.246495253700787E-002
   4.20666083333333        5.70832541666667      -8.654034467915039E-002
   4.20666083333333        6.00865833333333      -8.063456673190711E-002
   4.20666083333333        6.30899125000000      -7.478817336782886E-002
   4.20666083333333        6.60932416666667      -6.954226654234237E-002
   4.20666083333333        6.90965708333333      -6.539295485311394E-002
   4.20666083333333        7.20999000000000      -6.255830364739057E-002
   4.50699375000000       2.000000000000000E-003 -0.178701822342580     
   4.50699375000000       0.302332916666667      -0.177750446268819     
   4.50699375000000       0.602665833333333      -0.173957887096800     
   4.50699375000000       0.902998750000000      -0.167612192485945     
   4.50699375000000        1.20333166666667      -0.161058419175069     
   4.50699375000000        1.50366458333333      -0.155209841828121     
   4.50699375000000        1.80399750000000      -0.149734091524806     
   4.50699375000000        2.10433041666667      -0.144511040779348     
   4.50699375000000        2.40466333333333      -0.139533909741452     
   4.50699375000000        2.70499625000000      -0.134748996039133     
   4.50699375000000        3.00532916666667      -0.130019883408270     
   4.50699375000000        3.30566208333333      -0.125198143373362     
   4.50699375000000        3.60599500000000      -0.120213458863689     
   4.50699375000000        3.90632791666667      -0.115101335225595     
   4.50699375000000        4.20666083333333      -0.109947359071400     
   4.50699375000000        4.50699375000000      -0.104808527853011     
   4.50699375000000        4.80732666666667      -9.967280765677353E-002
   4.50699375000000        5.10765958333333      -9.448343882271712E-002
   4.50699375000000        5.40799250000000      -8.919912573071161E-002
   4.50699375000000        5.70832541666667      -8.383457755324483E-002
   4.50699375000000        6.00865833333333      -7.844824730474816E-002
   4.50699375000000        6.30899125000000      -7.309302747742327E-002
   4.50699375000000        6.60932416666667      -6.802802724704843E-002
   4.50699375000000        6.90965708333333      -6.377234907123874E-002
   4.50699375000000        7.20999000000000      -6.046427665834499E-002
   4.80732666666667       2.000000000000000E-003 -0.154098794456939     
   4.80732666666667       0.302332916666667      -0.153480687880803     
   4.80732666666667       0.602665833333333      -0.151442746670943     
   4.80732666666667       0.902998750000000      -0.148547384806303     
   4.80732666666667        1.20333166666667      -0.145211086868244     
   4.80732666666667        1.50366458333333      -0.141578762692189     
   4.80732666666667        1.80399750000000      -0.137741552968892     
   4.80732666666667        2.10433041666667      -0.133827236185955     
   4.80732666666667        2.40466333333333      -0.129926023504423     
   4.80732666666667        2.70499625000000      -0.126017343069561     
   4.80732666666667        3.00532916666667      -0.121991931628227     
   4.80732666666667        3.30566208333333      -0.117748354908430     
   4.80732666666667        3.60599500000000      -0.113284163046380     
   4.80732666666667        3.90632791666667      -0.108702231863690     
   4.80732666666667        4.20666083333333      -0.104130856950813     
   4.80732666666667        4.50699375000000      -9.963645107717034E-002
   4.80732666666667        4.80732666666667      -9.518751794003062E-002
   4.80732666666667        5.10765958333333      -9.068768992303333E-002
   4.80732666666667        5.40799250000000      -8.605141532260262E-002
   4.80732666666667        5.70832541666667      -8.126368719812935E-002
   4.80732666666667        6.00865833333333      -7.638774152401021E-002
   4.80732666666667        6.30899125000000      -7.153571674619950E-002
   4.80732666666667        6.60932416666667      -6.685882131605686E-002
   4.80732666666667        6.90965708333333      -6.257577356035769E-002
   4.80732666666667        7.20999000000000      -5.887941138147332E-002
   5.10765958333333       2.000000000000000E-003 -0.130027215895118     
   5.10765958333333       0.302332916666667      -0.130230264088497     
   5.10765958333333       0.602665833333333      -0.130507759528347     
   5.10765958333333       0.902998750000000      -0.130482875970157     
   5.10765958333333        1.20333166666667      -0.129694291179427     
   5.10765958333333        1.50366458333333      -0.128081339544577     
   5.10765958333333        1.80399750000000      -0.125839950294360     
   5.10765958333333        2.10433041666667      -0.123219291260678     
   5.10765958333333        2.40466333333333      -0.120372620550664     
   5.10765958333333        2.70499625000000      -0.117309372834447     
   5.10765958333333        3.00532916666667      -0.113955453686898     
   5.10765958333333        3.30566208333333      -0.110266636815183     
   5.10765958333333        3.60599500000000      -0.106310777113958     
   5.10765958333333        3.90632791666667      -0.102254299541603     
   5.10765958333333        4.20666083333333      -9.826589448116674E-002
   5.10765958333333        4.50699375000000      -9.441868601960059E-002
   5.10765958333333        4.80732666666667      -9.065773238345275E-002
   5.10765958333333        5.10765958333333      -8.684810975810141E-002
   5.10765958333333        5.40799250000000      -8.286618258685287E-002
   5.10765958333333        5.70832541666667      -7.867018347138065E-002
   5.10765958333333        6.00865833333333      -7.430923478668773E-002
   5.10765958333333        6.30899125000000      -6.988257288462187E-002
   5.10765958333333        6.60932416666667      -6.549898461678860E-002
   5.10765958333333        6.90965708333333      -6.127994827585937E-002
   5.10765958333333        7.20999000000000      -5.735262978708387E-002
   5.40799250000000       2.000000000000000E-003 -0.107950950741119     
   5.40799250000000       0.302332916666667      -0.108935472231647     
   5.40799250000000       0.602665833333333      -0.111260788380270     
   5.40799250000000       0.902998750000000      -0.113559786132292     
   5.40799250000000        1.20333166666667      -0.114979646427379     
   5.40799250000000        1.50366458333333      -0.115271834371109     
   5.40799250000000        1.80399750000000      -0.114482944577035     
   5.40799250000000        2.10433041666667      -0.112996885480620     
   5.40799250000000        2.40466333333333      -0.111057826898266     
   5.40799250000000        2.70499625000000      -0.108723588421274     
   5.40799250000000        3.00532916666667      -0.105964152468926     
   5.40799250000000        3.30566208333333      -0.102788564939492     
   5.40799250000000        3.60599500000000      -9.932052320130197E-002
   5.40799250000000        3.90632791666667      -9.577441358750083E-002
   5.40799250000000        4.20666083333333      -9.234788794090414E-002
   5.40799250000000        4.50699375000000      -8.911450967624933E-002
   5.40799250000000        4.80732666666667      -8.599861735318144E-002
   5.40799250000000        5.10765958333333      -8.284160477771044E-002
   5.40799250000000        5.40799250000000      -7.950466573412479E-002
   5.40799250000000        5.70832541666667      -7.593742307040803E-002
   5.40799250000000        6.00865833333333      -7.215612938618088E-002
   5.40799250000000        6.30899125000000      -6.812712344822948E-002
   5.40799250000000        6.60932416666667      -6.392186009591425E-002
   5.40799250000000        6.90965708333333      -5.967949673387224E-002
   5.40799250000000        7.20999000000000      -5.555762357230297E-002
   5.70832541666667       2.000000000000000E-003 -8.697395106924723E-002
   5.70832541666667       0.302332916666667      -8.921463526152049E-002
   5.70832541666667       0.602665833333333      -9.428241678414577E-002
   5.70832541666667       0.902998750000000      -9.919735946076152E-002
   5.70832541666667        1.20333166666667      -0.102405479731186     
   5.70832541666667        1.50366458333333      -0.103911340540299     
   5.70832541666667        1.80399750000000      -0.104192774005840     
   5.70832541666667        2.10433041666667      -0.103522618975489     
   5.70832541666667        2.40466333333333      -0.102229196363690     
   5.70832541666667        2.70499625000000      -0.100436494298624     
   5.70832541666667        3.00532916666667      -9.815792621333586E-002
   5.70832541666667        3.30566208333333      -9.543344093503631E-002
   5.70832541666667        3.60599500000000      -9.240851286420637E-002
   5.70832541666667        3.90632791666667      -8.932773449932502E-002
   5.70832541666667        4.20666083333333      -8.641528292774558E-002
   5.70832541666667        4.50699375000000      -8.373686950926670E-002
   5.70832541666667        4.80732666666667      -8.119392274791593E-002
   5.70832541666667        5.10765958333333      -7.862484529979710E-002
   5.70832541666667        5.40799250000000      -7.591343519112301E-002
   5.70832541666667        5.70832541666667      -7.300557784349941E-002
   5.70832541666667        6.00865833333333      -6.972507333971485E-002
   5.70832541666667        6.30899125000000      -6.602707478518831E-002
   5.70832541666667        6.60932416666667      -6.197545372253096E-002
   5.70832541666667        6.90965708333333      -5.768885100239241E-002
   5.70832541666667        7.20999000000000      -5.335816761645562E-002
   6.00865833333333       2.000000000000000E-003 -6.753490485865785E-002
   6.00865833333333       0.302332916666667      -7.195876486072872E-002
   6.00865833333333       0.602665833333333      -8.106324608066598E-002
   6.00865833333333       0.902998750000000      -8.869552539810578E-002
   6.00865833333333        1.20333166666667      -9.306783869391234E-002
   6.00865833333333        1.50366458333333      -9.494482910389423E-002
   6.00865833333333        1.80399750000000      -9.543090919203910E-002
   6.00865833333333        2.10433041666667      -9.510775484033021E-002
   6.00865833333333        2.40466333333333      -9.413665614368569E-002
   6.00865833333333        2.70499625000000      -9.266772264061392E-002
   6.00865833333333        3.00532916666667      -9.074101814151592E-002
   6.00865833333333        3.30566208333333      -8.838932235169354E-002
   6.00865833333333        3.60599500000000      -8.570486988170371E-002
   6.00865833333333        3.90632791666667      -8.296769514211597E-002
   6.00865833333333        4.20666083333333      -8.050483625769356E-002
   6.00865833333333        4.50699375000000      -7.834173173730641E-002
   6.00865833333333        4.80732666666667      -7.630527650236529E-002
   6.00865833333333        5.10765958333333      -7.424490894533334E-002
   6.00865833333333        5.40799250000000      -7.210438669014642E-002
   6.00865833333333        5.70832541666667      -6.969022380060634E-002
   6.00865833333333        6.00865833333333      -6.680095927000125E-002
   6.00865833333333        6.30899125000000      -6.338163604596703E-002
   6.00865833333333        6.60932416666667      -5.946685354940742E-002
   6.00865833333333        6.90965708333333      -5.517046737146481E-002
   6.00865833333333        7.20999000000000      -5.064608524820831E-002
   6.30899125000000       2.000000000000000E-003 -5.076618863388656E-002
   6.30899125000000       0.302332916666667      -5.934726821338912E-002
   6.30899125000000       0.602665833333333      -7.350146334234134E-002
   6.30899125000000       0.902998750000000      -8.266448510636268E-002
   6.30899125000000        1.20333166666667      -8.696412083922588E-002
   6.30899125000000        1.50366458333333      -8.839247218089195E-002
   6.30899125000000        1.80399750000000      -8.842180084576651E-002
   6.30899125000000        2.10433041666667      -8.789664735877917E-002
   6.30899125000000        2.40466333333333      -8.695136096315995E-002
   6.30899125000000        2.70499625000000      -8.559559990798613E-002
   6.30899125000000        3.00532916666667      -8.391908331697630E-002
   6.30899125000000        3.30566208333333      -8.187743654177443E-002
   6.30899125000000        3.60599500000000      -7.942896180575211E-002
   6.30899125000000        3.90632791666667      -7.685881095143465E-002
   6.30899125000000        4.20666083333333      -7.465447362648464E-002
   6.30899125000000        4.50699375000000      -7.298255490262100E-002
   6.30899125000000        4.80732666666667      -7.144561855609449E-002
   6.30899125000000        5.10765958333333      -6.980126600268431E-002
   6.30899125000000        5.40799250000000      -6.804366700213973E-002
   6.30899125000000        5.70832541666667      -6.594325603720849E-002
   6.30899125000000        6.00865833333333      -6.331810343567829E-002
   6.30899125000000        6.30899125000000      -6.006056155832892E-002
   6.30899125000000        6.60932416666667      -5.620826818705539E-002
   6.30899125000000        6.90965708333333      -5.199461027778036E-002
   6.30899125000000        7.20999000000000      -4.746100925404868E-002
   6.60932416666667       2.000000000000000E-003 -3.881474258353317E-002
   6.60932416666667       0.302332916666667      -5.454421057264413E-002
   6.60932416666667       0.602665833333333      -7.087897449753344E-002
   6.60932416666667       0.902998750000000      -7.873329764725787E-002
   6.60932416666667        1.20333166666667      -8.238148399544029E-002
   6.60932416666667        1.50366458333333      -8.329548152557414E-002
   6.60932416666667        1.80399750000000      -8.276515173384366E-002
   6.60932416666667        2.10433041666667      -8.181326524748975E-002
   6.60932416666667        2.40466333333333      -8.073027530732881E-002
   6.60932416666667        2.70499625000000      -7.942021554065191E-002
   6.60932416666667        3.00532916666667      -7.803777422972580E-002
   6.60932416666667        3.30566208333333      -7.631721432750342E-002
   6.60932416666667        3.60599500000000      -7.416173462903435E-002
   6.60932416666667        3.90632791666667      -7.159507861219795E-002
   6.60932416666667        4.20666083333333      -6.941125105582131E-002
   6.60932416666667        4.50699375000000      -6.792599376789159E-002
   6.60932416666667        4.80732666666667      -6.677160467125783E-002
   6.60932416666667        5.10765958333333      -6.540726006985104E-002
   6.60932416666667        5.40799250000000      -6.380890205546363E-002
   6.60932416666667        5.70832541666667      -6.183528400416938E-002
   6.60932416666667        6.00865833333333      -5.931400505958514E-002
   6.60932416666667        6.30899125000000      -5.608947108495578E-002
   6.60932416666667        6.60932416666667      -5.211350707440224E-002
   6.60932416666667        6.90965708333333      -4.795298654455618E-002
   6.60932416666667        7.20999000000000      -4.381666686034148E-002
   6.90965708333333       2.000000000000000E-003 -3.720242129632904E-002
   6.90965708333333       0.302332916666667      -5.666253821854203E-002
   6.90965708333333       0.602665833333333      -6.307228674808253E-002
   6.90965708333333       0.902998750000000      -7.141026468874645E-002
   6.90965708333333        1.20333166666667      -7.699546819017254E-002
   6.90965708333333        1.50366458333333      -7.846911796636666E-002
   6.90965708333333        1.80399750000000      -7.780766092713516E-002
   6.90965708333333        2.10433041666667      -7.662681611941495E-002
   6.90965708333333        2.40466333333333      -7.548757761202635E-002
   6.90965708333333        2.70499625000000      -7.455527550185813E-002
   6.90965708333333        3.00532916666667      -7.365935594725280E-002
   6.90965708333333        3.30566208333333      -7.240066327699962E-002
   6.90965708333333        3.60599500000000      -7.117384580018295E-002
   6.90965708333333        3.90632791666667      -6.796598381034322E-002
   6.90965708333333        4.20666083333333      -6.529583632143185E-002
   6.90965708333333        4.50699375000000      -6.370224841338208E-002
   6.90965708333333        4.80732666666667      -6.250881779045354E-002
   6.90965708333333        5.10765958333333      -6.119072979594067E-002
   6.90965708333333        5.40799250000000      -5.954933218917403E-002
   6.90965708333333        5.70832541666667      -5.750374485128856E-002
   6.90965708333333        6.00865833333333      -5.493235169050718E-002
   6.90965708333333        6.30899125000000      -5.173514857388244E-002
   6.90965708333333        6.60932416666667      -4.774923859757552E-002
   6.90965708333333        6.90965708333333      -4.324908438482586E-002
   6.90965708333333        7.20999000000000      -3.904258643075546E-002
   7.20999000000000       2.000000000000000E-003 -5.054832803106905E-002
   7.20999000000000       0.302332916666667      -4.901372559074868E-002
   7.20999000000000       0.602665833333333      -4.914301139588129E-002
   7.20999000000000       0.902998750000000      -6.302872597445788E-002
   7.20999000000000        1.20333166666667      -7.129924169283432E-002
   7.20999000000000        1.50366458333333      -7.357087193696124E-002
   7.20999000000000        1.80399750000000      -7.307986951207937E-002
   7.20999000000000        2.10433041666667      -7.201340107079864E-002
   7.20999000000000        2.40466333333333      -7.121855670885824E-002
   7.20999000000000        2.70499625000000      -7.112744352569578E-002
   7.20999000000000        3.00532916666667      -7.129860388514028E-002
   7.20999000000000        3.30566208333333      -7.062264326393985E-002
   7.20999000000000        3.60599500000000      -7.122238783312637E-002
   7.20999000000000        3.90632791666667      -6.578998778675858E-002
   7.20999000000000        4.20666083333333      -6.253822220483846E-002
   7.20999000000000        4.50699375000000      -6.044843555432210E-002
   7.20999000000000        4.80732666666667      -5.884613890044798E-002
   7.20999000000000        5.10765958333333      -5.728009483417161E-002
   7.20999000000000        5.40799250000000      -5.543052697414338E-002
   7.20999000000000        5.70832541666667      -5.316047236879093E-002
   7.20999000000000        6.00865833333333      -5.037407792708307E-002
   7.20999000000000        6.30899125000000      -4.713345676497323E-002
   7.20999000000000        6.60932416666667      -4.347989238658604E-002
   7.20999000000000        6.90965708333333      -3.877359198809983E-002
   7.20999000000000        7.20999000000000      -3.527434968300248E-002
