  2.000000000000000E-003  2.000000000000000E-003 -0.168505977578341     
  2.000000000000000E-003  0.302332916666667      -0.196779727368428     
  2.000000000000000E-003  0.602665833333333      -0.190955428453843     
  2.000000000000000E-003  0.902998750000000      -0.146928518488658     
  2.000000000000000E-003   1.20333166666667      -0.107598965038096     
  2.000000000000000E-003   1.50366458333333      -7.955381429026183E-002
  2.000000000000000E-003   1.80399750000000      -6.011196917811899E-002
  2.000000000000000E-003   2.10433041666667      -4.639462373210906E-002
  2.000000000000000E-003   2.40466333333333      -3.597382786103916E-002
  2.000000000000000E-003   2.70499625000000      -2.796153718697730E-002
  2.000000000000000E-003   3.00532916666667      -2.324763603873766E-002
  2.000000000000000E-003   3.30566208333333      -2.236747989046117E-002
  2.000000000000000E-003   3.60599500000000      -2.338315721795727E-002
  2.000000000000000E-003   3.90632791666667      -1.700759254946181E-002
  2.000000000000000E-003   4.20666083333333      -1.184261958133767E-002
  2.000000000000000E-003   4.50699375000000      -1.033326552502760E-002
  2.000000000000000E-003   4.80732666666667      -9.938922146174969E-003
  2.000000000000000E-003   5.10765958333333      -8.984673684717902E-003
  2.000000000000000E-003   5.40799250000000      -7.027885153563211E-003
  2.000000000000000E-003   5.70832541666667      -4.370244533540858E-003
  2.000000000000000E-003   6.00865833333333      -9.880985626129898E-004
  2.000000000000000E-003   6.30899125000000       3.108408808164111E-003
  2.000000000000000E-003   6.60932416666667       7.146331147561589E-003
  2.000000000000000E-003   6.90965708333333       7.737296012885926E-003
  2.000000000000000E-003   7.20999000000000       3.889561037282892E-003
  0.302332916666667       2.000000000000000E-003 -0.218844090532988     
  0.302332916666667       0.302332916666667      -0.169838908428180     
  0.302332916666667       0.602665833333333      -0.156619804859260     
  0.302332916666667       0.902998750000000      -0.132038067105224     
  0.302332916666667        1.20333166666667      -0.102935844618412     
  0.302332916666667        1.50366458333333      -7.888486162755701E-002
  0.302332916666667        1.80399750000000      -6.076142723797182E-002
  0.302332916666667        2.10433041666667      -4.736961894971549E-002
  0.302332916666667        2.40466333333333      -3.696272005096377E-002
  0.302332916666667        2.70499625000000      -2.877333049965333E-002
  0.302332916666667        3.00532916666667      -2.420979331574938E-002
  0.302332916666667        3.30566208333333      -2.380894234779331E-002
  0.302332916666667        3.60599500000000      -2.497430143821578E-002
  0.302332916666667        3.90632791666667      -2.064308564768406E-002
  0.302332916666667        4.20666083333333      -1.532988478318761E-002
  0.302332916666667        4.50699375000000      -1.264068177386867E-002
  0.302332916666667        4.80732666666667      -1.129129753262908E-002
  0.302332916666667        5.10765958333333      -9.742438412560690E-003
  0.302332916666667        5.40799250000000      -7.563197074515794E-003
  0.302332916666667        5.70832541666667      -4.928777074876399E-003
  0.302332916666667        6.00865833333333      -1.896490213996075E-003
  0.302332916666667        6.30899125000000       1.190204416130046E-003
  0.302332916666667        6.60932416666667       3.172871835089857E-003
  0.302332916666667        6.90965708333333       2.935769407751226E-003
  0.302332916666667        7.20999000000000       3.909818249573371E-003
  0.602665833333333       2.000000000000000E-003 -0.222473693074552     
  0.602665833333333       0.302332916666667      -0.175837371297187     
  0.602665833333333       0.602665833333333      -0.132071519686853     
  0.602665833333333       0.902998750000000      -0.110980055410238     
  0.602665833333333        1.20333166666667      -9.252443860345698E-002
  0.602665833333333        1.50366458333333      -7.513923123149305E-002
  0.602665833333333        1.80399750000000      -6.019859362584681E-002
  0.602665833333333        2.10433041666667      -4.821815425529363E-002
  0.602665833333333        2.40466333333333      -3.877516085195325E-002
  0.602665833333333        2.70499625000000      -3.106341853266510E-002
  0.602665833333333        3.00532916666667      -2.687214057877727E-002
  0.602665833333333        3.30566208333333      -2.614766393127911E-002
  0.602665833333333        3.60599500000000      -2.615714649342266E-002
  0.602665833333333        3.90632791666667      -2.318619159156745E-002
  0.602665833333333        4.20666083333333      -1.871629811847747E-002
  0.602665833333333        4.50699375000000      -1.528918717741010E-002
  0.602665833333333        4.80732666666667      -1.295757061688799E-002
  0.602665833333333        5.10765958333333      -1.077468392639366E-002
  0.602665833333333        5.40799250000000      -8.481659980109867E-003
  0.602665833333333        5.70832541666667      -6.088227385197331E-003
  0.602665833333333        6.00865833333333      -3.732332842542640E-003
  0.602665833333333        6.30899125000000      -1.780041238357723E-003
  0.602665833333333        6.60932416666667      -5.986956734512373E-004
  0.602665833333333        6.90965708333333       8.419459590950605E-004
  0.602665833333333        7.20999000000000       2.728587421673557E-003
  0.902998750000000       2.000000000000000E-003 -0.188267134466865     
  0.902998750000000       0.302332916666667      -0.164463203040101     
  0.902998750000000       0.602665833333333      -0.127295316112401     
  0.902998750000000       0.902998750000000      -0.103003409285779     
  0.902998750000000        1.20333166666667      -8.641612737255318E-002
  0.902998750000000        1.50366458333333      -7.231849213615900E-002
  0.902998750000000        1.80399750000000      -5.975918104608641E-002
  0.902998750000000        2.10433041666667      -4.922790759652754E-002
  0.902998750000000        2.40466333333333      -4.060831718340411E-002
  0.902998750000000        2.70499625000000      -3.372882061179985E-002
  0.902998750000000        3.00532916666667      -2.929836139494817E-002
  0.902998750000000        3.30566208333333      -2.741020251068982E-002
  0.902998750000000        3.60599500000000      -2.618233215561783E-002
  0.902998750000000        3.90632791666667      -2.371411121583961E-002
  0.902998750000000        4.20666083333333      -2.021057031181415E-002
  0.902998750000000        4.50699375000000      -1.687744061465708E-002
  0.902998750000000        4.80732666666667      -1.409776608993729E-002
  0.902998750000000        5.10765958333333      -1.164500021726287E-002
  0.902998750000000        5.40799250000000      -9.357193887294718E-003
  0.902998750000000        5.70832541666667      -7.199577379265147E-003
  0.902998750000000        6.00865833333333      -5.267270698560411E-003
  0.902998750000000        6.30899125000000      -3.695385060989308E-003
  0.902998750000000        6.60932416666667      -2.391377651162520E-003
  0.902998750000000        6.90965708333333      -9.184209287357702E-004
  0.902998750000000        7.20999000000000       6.761801095118980E-005
   1.20333166666667       2.000000000000000E-003 -0.154766561748132     
   1.20333166666667       0.302332916666667      -0.143249182667516     
   1.20333166666667       0.602665833333333      -0.120002132163127     
   1.20333166666667       0.902998750000000      -9.946247027736231E-002
   1.20333166666667        1.20333166666667      -8.392336572861724E-002
   1.20333166666667        1.50366458333333      -7.112979146976992E-002
   1.20333166666667        1.80399750000000      -5.989453211986829E-002
   1.20333166666667        2.10433041666667      -5.028071842470692E-002
   1.20333166666667        2.40466333333333      -4.218532647718808E-002
   1.20333166666667        2.70499625000000      -3.575720886802585E-002
   1.20333166666667        3.00532916666667      -3.112228425689766E-002
   1.20333166666667        3.30566208333333      -2.810291944631575E-002
   1.20333166666667        3.60599500000000      -2.584546205449907E-002
   1.20333166666667        3.90632791666667      -2.331685336797415E-002
   1.20333166666667        4.20666083333333      -2.033827384413762E-002
   1.20333166666667        4.50699375000000      -1.733579303464272E-002
   1.20333166666667        4.80732666666667      -1.457483647607651E-002
   1.20333166666667        5.10765958333333      -1.210833907075285E-002
   1.20333166666667        5.40799250000000      -9.900902522046543E-003
   1.20333166666667        5.70832541666667      -7.900623295273428E-003
   1.20333166666667        6.00865833333333      -6.148255769055995E-003
   1.20333166666667        6.30899125000000      -4.675353949409418E-003
   1.20333166666667        6.60932416666667      -3.415351070087941E-003
   1.20333166666667        6.90965708333333      -2.331163883121965E-003
   1.20333166666667        7.20999000000000      -1.750623587213101E-003
   1.50366458333333       2.000000000000000E-003 -0.129730494565964     
   1.50366458333333       0.302332916666667      -0.123794204725608     
   1.50366458333333       0.602665833333333      -0.110062118764293     
   1.50366458333333       0.902998750000000      -9.515630917906522E-002
   1.50366458333333        1.20333166666667      -8.197461623633681E-002
   1.50366458333333        1.50366458333333      -7.045595499923615E-002
   1.50366458333333        1.80399750000000      -6.026046100591719E-002
   1.50366458333333        2.10433041666667      -5.127426966138519E-002
   1.50366458333333        2.40466333333333      -4.352321155435004E-002
   1.50366458333333        2.70499625000000      -3.715760329242692E-002
   1.50366458333333        3.00532916666667      -3.222659299640677E-002
   1.50366458333333        3.30566208333333      -2.851930216808981E-002
   1.50366458333333        3.60599500000000      -2.554461932407101E-002
   1.50366458333333        3.90632791666667      -2.277616932649757E-002
   1.50366458333333        4.20666083333333      -1.997296183837983E-002
   1.50366458333333        4.50699375000000      -1.718629104444973E-002
   1.50366458333333        4.80732666666667      -1.455321270614380E-002
   1.50366458333333        5.10765958333333      -1.216594388149333E-002
   1.50366458333333        5.40799250000000      -1.004434020377831E-002
   1.50366458333333        5.70832541666667      -8.155903822404057E-003
   1.50366458333333        6.00865833333333      -6.484945371044611E-003
   1.50366458333333        6.30899125000000      -5.062636053114146E-003
   1.50366458333333        6.60932416666667      -3.896476775938183E-003
   1.50366458333333        6.90965708333333      -3.028095870362131E-003
   1.50366458333333        7.20999000000000      -2.558230848045231E-003
   1.80399750000000       2.000000000000000E-003 -0.112917684904103     
   1.80399750000000       0.302332916666667      -0.109519708704096     
   1.80399750000000       0.602665833333333      -0.100889188155805     
   1.80399750000000       0.902998750000000      -9.021309626817116E-002
   1.80399750000000        1.20333166666667      -7.952044443200408E-002
   1.80399750000000        1.50366458333333      -6.952560943754808E-002
   1.80399750000000        1.80399750000000      -6.036354745682498E-002
   1.80399750000000        2.10433041666667      -5.200209345207284E-002
   1.80399750000000        2.40466333333333      -4.454703533067304E-002
   1.80399750000000        2.70499625000000      -3.816488013889046E-002
   1.80399750000000        3.00532916666667      -3.293352793760999E-002
   1.80399750000000        3.30566208333333      -2.874110074409685E-002
   1.80399750000000        3.60599500000000      -2.529895432964298E-002
   1.80399750000000        3.90632791666667      -2.227494614509670E-002
   1.80399750000000        4.20666083333333      -1.944715428114550E-002
   1.80399750000000        4.50699375000000      -1.675356385365089E-002
   1.80399750000000        4.80732666666667      -1.423348743938210E-002
   1.80399750000000        5.10765958333333      -1.194354195805649E-002
   1.80399750000000        5.40799250000000      -9.905431786694428E-003
   1.80399750000000        5.70832541666667      -8.098246068719384E-003
   1.80399750000000        6.00865833333333      -6.485074164574584E-003
   1.80399750000000        6.30899125000000      -5.083576233749918E-003
   1.80399750000000        6.60932416666667      -3.948686825196061E-003
   1.80399750000000        6.90965708333333      -3.137751808125590E-003
   1.80399750000000        7.20999000000000      -2.692217105243103E-003
   2.10433041666667       2.000000000000000E-003 -0.103657262842892     
   2.10433041666667       0.302332916666667      -0.101029034778450     
   2.10433041666667       0.602665833333333      -9.432089655404059E-002
   2.10433041666667       0.902998750000000      -8.565794066789924E-002
   2.10433041666667        1.20333166666667      -7.670493627499160E-002
   2.10433041666667        1.50366458333333      -6.807469316307012E-002
   2.10433041666667        1.80399750000000      -5.987790185144077E-002
   2.10433041666667        2.10433041666667      -5.215833057673711E-002
   2.10433041666667        2.40466333333333      -4.504493383013888E-002
   2.10433041666667        2.70499625000000      -3.871658681764448E-002
   2.10433041666667        3.00532916666667      -3.329753666676807E-002
   2.10433041666667        3.30566208333333      -2.877593779067341E-002
   2.10433041666667        3.60599500000000      -2.500155713243034E-002
   2.10433041666667        3.90632791666667      -2.175963351928277E-002
   2.10433041666667        4.20666083333333      -1.886514775157835E-002
   2.10433041666667        4.50699375000000      -1.621680969919983E-002
   2.10433041666667        4.80732666666667      -1.379120408215654E-002
   2.10433041666667        5.10765958333333      -1.160003077142391E-002
   2.10433041666667        5.40799250000000      -9.647192243704385E-003
   2.10433041666667        5.70832541666667      -7.911226964924996E-003
   2.10433041666667        6.00865833333333      -6.355638838423163E-003
   2.10433041666667        6.30899125000000      -4.957711876135426E-003
   2.10433041666667        6.60932416666667      -3.751657450389722E-003
   2.10433041666667        6.90965708333333      -2.872801134135036E-003
   2.10433041666667        7.20999000000000      -2.418119175015297E-003
   2.40466333333333       2.000000000000000E-003 -0.101985180960431     
   2.40466333333333       0.302332916666667      -9.858156236866969E-002
   2.40466333333333       0.602665833333333      -9.058270396643235E-002
   2.40466333333333       0.902998750000000      -8.175461629254246E-002
   2.40466333333333        1.20333166666667      -7.349652430866113E-002
   2.40466333333333        1.50366458333333      -6.581734011105601E-002
   2.40466333333333        1.80399750000000      -5.850376584437736E-002
   2.40466333333333        2.10433041666667      -5.147564003796739E-002
   2.40466333333333        2.40466333333333      -4.481262644766756E-002
   2.40466333333333        2.70499625000000      -3.868342241616924E-002
   2.40466333333333        3.00532916666667      -3.324614514857075E-002
   2.40466333333333        3.30566208333333      -2.856769126855040E-002
   2.40466333333333        3.60599500000000      -2.460126825245092E-002
   2.40466333333333        3.90632791666667      -2.122191837565435E-002
   2.40466333333333        4.20666083333333      -1.828649664482765E-002
   2.40466333333333        4.50699375000000      -1.568347690891841E-002
   2.40466333333333        4.80732666666667      -1.335144633658219E-002
   2.40466333333333        5.10765958333333      -1.126511559852278E-002
   2.40466333333333        5.40799250000000      -9.406560192916927E-003
   2.40466333333333        5.70832541666667      -7.744085312352511E-003
   2.40466333333333        6.00865833333333      -6.225168513613623E-003
   2.40466333333333        6.30899125000000      -4.783864366899493E-003
   2.40466333333333        6.60932416666667      -3.392397563155711E-003
   2.40466333333333        6.90965708333333      -2.221878792391557E-003
   2.40466333333333        7.20999000000000      -1.723318600054830E-003
   2.70499625000000       2.000000000000000E-003 -0.105094951119678     
   2.70499625000000       0.302332916666667      -9.971150827268833E-002
   2.70499625000000       0.602665833333333      -8.826483830571011E-002
   2.70499625000000       0.902998750000000      -7.747962575617461E-002
   2.70499625000000        1.20333166666667      -6.934280267260184E-002
   2.70499625000000        1.50366458333333      -6.254479285458839E-002
   2.70499625000000        1.80399750000000      -5.615756434534232E-002
   2.70499625000000        2.10433041666667      -4.990551366104987E-002
   2.70499625000000        2.40466333333333      -4.381089830199404E-002
   2.70499625000000        2.70499625000000      -3.802910155183315E-002
   2.70499625000000        3.00532916666667      -3.274172766831661E-002
   2.70499625000000        3.30566208333333      -2.807516482977952E-002
   2.70499625000000        3.60599500000000      -2.406122516536636E-002
   2.70499625000000        3.90632791666667      -2.064533327128263E-002
   2.70499625000000        4.20666083333333      -1.772416702829697E-002
   2.70499625000000        4.50699375000000      -1.519093989447021E-002
   2.70499625000000        4.80732666666667      -1.296589775404730E-002
   2.70499625000000        5.10765958333333      -1.099899269052798E-002
   2.70499625000000        5.40799250000000      -9.253616391623466E-003
   2.70499625000000        5.70832541666667      -7.685361319644199E-003
   2.70499625000000        6.00865833333333      -6.211771880069224E-003
   2.70499625000000        6.30899125000000      -4.655628852961113E-003
   2.70499625000000        6.60932416666667      -2.904890723624225E-003
   2.70499625000000        6.90965708333333      -1.384347895076886E-003
   2.70499625000000        7.20999000000000      -8.739673476235721E-004
   3.00532916666667       2.000000000000000E-003 -0.106133657226753     
   3.00532916666667       0.302332916666667      -9.732129688363826E-002
   3.00532916666667       0.602665833333333      -8.192109860210239E-002
   3.00532916666667       0.902998750000000      -7.074030373039075E-002
   3.00532916666667        1.20333166666667      -6.387627357846347E-002
   3.00532916666667        1.50366458333333      -5.844279886138390E-002
   3.00532916666667        1.80399750000000      -5.312232597476569E-002
   3.00532916666667        2.10433041666667      -4.769260390175761E-002
   3.00532916666667        2.40466333333333      -4.221250231305792E-002
   3.00532916666667        2.70499625000000      -3.685396667241699E-002
   3.00532916666667        3.00532916666667      -3.182291832303252E-002
   3.00532916666667        3.30566208333333      -2.729057485399088E-002
   3.00532916666667        3.60599500000000      -2.334589674054479E-002
   3.00532916666667        3.90632791666667      -1.998574688021208E-002
   3.00532916666667        4.20666083333333      -1.713843800803166E-002
   3.00532916666667        4.50699375000000      -1.470799701972068E-002
   3.00532916666667        4.80732666666667      -1.261001860590290E-002
   3.00532916666667        5.10765958333333      -1.078109539580881E-002
   3.00532916666667        5.40799250000000      -9.172936621099803E-003
   3.00532916666667        5.70832541666667      -7.737819276368850E-003
   3.00532916666667        6.00865833333333      -6.385271807386551E-003
   3.00532916666667        6.30899125000000      -4.903766740312415E-003
   3.00532916666667        6.60932416666667      -3.146187746219024E-003
   3.00532916666667        6.90965708333333      -1.280104407122022E-003
   3.00532916666667        7.20999000000000      -6.369556012391460E-004
   3.30566208333333       2.000000000000000E-003 -9.478652498495087E-002
   3.30566208333333       0.302332916666667      -8.323161613613780E-002
   3.30566208333333       0.602665833333333      -6.877940813175117E-002
   3.30566208333333       0.902998750000000      -6.140408465784671E-002
   3.30566208333333        1.20333166666667      -5.771030660288581E-002
   3.30566208333333        1.50366458333333      -5.423146593716871E-002
   3.30566208333333        1.80399750000000      -4.997500870930544E-002
   3.30566208333333        2.10433041666667      -4.525977386955465E-002
   3.30566208333333        2.40466333333333      -4.030208873799308E-002
   3.30566208333333        2.70499625000000      -3.532682986045873E-002
   3.30566208333333        3.00532916666667      -3.056771338563843E-002
   3.30566208333333        3.30566208333333      -2.622420342594369E-002
   3.30566208333333        3.60599500000000      -2.241921880282130E-002
   3.30566208333333        3.90632791666667      -1.918115089797970E-002
   3.30566208333333        4.20666083333333      -1.645753460651415E-002
   3.30566208333333        4.50699375000000      -1.416139910188081E-002
   3.30566208333333        4.80732666666667      -1.220937262038067E-002
   3.30566208333333        5.10765958333333      -1.053212705142999E-002
   3.30566208333333        5.40799250000000      -9.076638214804793E-003
   3.30566208333333        5.70832541666667      -7.806085157431703E-003
   3.30566208333333        6.00865833333333      -6.685912010733278E-003
   3.30566208333333        6.30899125000000      -5.626857481898454E-003
   3.30566208333333        6.60932416666667      -4.425615250652226E-003
   3.30566208333333        6.90965708333333      -2.840106945803834E-003
   3.30566208333333        7.20999000000000      -1.985146655926688E-003
   3.60599500000000       2.000000000000000E-003 -7.654706550262735E-002
   3.60599500000000       0.302332916666667      -6.641575082577685E-002
   3.60599500000000       0.602665833333333      -5.738900882006440E-002
   3.60599500000000       0.902998750000000      -5.434396372215683E-002
   3.60599500000000        1.20333166666667      -5.308899880941047E-002
   3.60599500000000        1.50366458333333      -5.088866146954104E-002
   3.60599500000000        1.80399750000000      -4.726697932985705E-002
   3.60599500000000        2.10433041666667      -4.295514951707729E-002
   3.60599500000000        2.40466333333333      -3.829802498425292E-002
   3.60599500000000        2.70499625000000      -3.357180014940104E-002
   3.60599500000000        3.00532916666667      -2.903144384742276E-002
   3.60599500000000        3.30566208333333      -2.488337019356647E-002
   3.60599500000000        3.60599500000000      -2.125552937677280E-002
   3.60599500000000        3.90632791666667      -1.818299753519433E-002
   3.60599500000000        4.20666083333333      -1.561843631922982E-002
   3.60599500000000        4.50699375000000      -1.347931174785858E-002
   3.60599500000000        4.80732666666667      -1.168399463699289E-002
   3.60599500000000        5.10765958333333      -1.016029046407946E-002
   3.60599500000000        5.40799250000000      -8.851592997200401E-003
   3.60599500000000        5.70832541666667      -7.728308123191903E-003
   3.60599500000000        6.00865833333333      -6.809336035708473E-003
   3.60599500000000        6.30899125000000      -6.087476772333958E-003
   3.60599500000000        6.60932416666667      -5.465141002333428E-003
   3.60599500000000        6.90965708333333      -4.759691691163184E-003
   3.60599500000000        7.20999000000000      -4.110431033377580E-003
   3.90632791666667       2.000000000000000E-003 -8.279848074368575E-002
   3.90632791666667       0.302332916666667      -7.128534766995442E-002
   3.90632791666667       0.602665833333333      -5.876971802891372E-002
   3.90632791666667       0.902998750000000      -5.364591012749903E-002
   3.90632791666667        1.20333166666667      -5.142688678339934E-002
   3.90632791666667        1.50366458333333      -4.880398216683898E-002
   3.90632791666667        1.80399750000000      -4.512049909061407E-002
   3.90632791666667        2.10433041666667      -4.082121796515441E-002
   3.90632791666667        2.40466333333333      -3.621507464815599E-002
   3.90632791666667        2.70499625000000      -3.159257985641922E-002
   3.90632791666667        3.00532916666667      -2.721292652513887E-002
   3.90632791666667        3.30566208333333      -2.326578538813447E-002
   3.90632791666667        3.60599500000000      -1.985161943892257E-002
   3.90632791666667        3.90632791666667      -1.698259628068517E-002
   3.90632791666667        4.20666083333333      -1.460342763076839E-002
   3.90632791666667        4.50699375000000      -1.263325704727145E-002
   3.90632791666667        4.80732666666667      -1.099358617222909E-002
   3.90632791666667        5.10765958333333      -9.612106022432260E-003
   3.90632791666667        5.40799250000000      -8.426218621609137E-003
   3.90632791666667        5.70832541666667      -7.392175752795444E-003
   3.90632791666667        6.00865833333333      -6.490099661829285E-003
   3.90632791666667        6.30899125000000      -5.631195393081175E-003
   3.90632791666667        6.60932416666667      -4.551268462095488E-003
   3.90632791666667        6.90965708333333      -2.887887550259807E-003
   3.90632791666667        7.20999000000000      -1.463769344577332E-003
   4.20666083333333       2.000000000000000E-003 -8.279067307406852E-002
   4.20666083333333       0.302332916666667      -7.546816147798113E-002
   4.20666083333333       0.602665833333333      -6.345120076754118E-002
   4.20666083333333       0.902998750000000      -5.559993387993006E-002
   4.20666083333333        1.20333166666667      -5.107164459255436E-002
   4.20666083333333        1.50366458333333      -4.724542323419188E-002
   4.20666083333333        1.80399750000000      -4.309372570427254E-002
   4.20666083333333        2.10433041666667      -3.856264420980376E-002
   4.20666083333333        2.40466333333333      -3.386602498977290E-002
   4.20666083333333        2.70499625000000      -2.928783116244642E-002
   4.20666083333333        3.00532916666667      -2.507464201100016E-002
   4.20666083333333        3.30566208333333      -2.137628796479949E-002
   4.20666083333333        3.60599500000000      -1.823698282534000E-002
   4.20666083333333        3.90632791666667      -1.562133480039452E-002
   4.20666083333333        4.20666083333333      -1.345404739235190E-002
   4.20666083333333        4.50699375000000      -1.165591465544270E-002
   4.20666083333333        4.80732666666667      -1.015840716533803E-002
   4.20666083333333        5.10765958333333      -8.897851605550209E-003
   4.20666083333333        5.40799250000000      -7.810237014135597E-003
   4.20666083333333        5.70832541666667      -6.831333987860726E-003
   4.20666083333333        6.00865833333333      -5.875776108664806E-003
   4.20666083333333        6.30899125000000      -4.744413560910692E-003
   4.20666083333333        6.60932416666667      -3.149300128803492E-003
   4.20666083333333        6.90965708333333      -1.078495834401462E-003
   4.20666083333333        7.20999000000000       1.928678540682113E-004
   4.50699375000000       2.000000000000000E-003 -7.427447895532993E-002
   4.50699375000000       0.302332916666667      -7.027428831740248E-002
   4.50699375000000       0.602665833333333      -6.202221788242371E-002
   4.50699375000000       0.902998750000000      -5.466508959546214E-002
   4.50699375000000        1.20333166666667      -4.945244634711166E-002
   4.50699375000000        1.50366458333333      -4.502467190408949E-002
   4.50699375000000        1.80399750000000      -4.049812569017722E-002
   4.50699375000000        2.10433041666667      -3.575635434365974E-002
   4.50699375000000        2.40466333333333      -3.101053001340707E-002
   4.50699375000000        2.70499625000000      -2.655288980091302E-002
   4.50699375000000        3.00532916666667      -2.260796753581627E-002
   4.50699375000000        3.30566208333333      -1.926585446131816E-002
   4.50699375000000        3.60599500000000      -1.649280922912659E-002
   4.50699375000000        3.90632791666667      -1.418990680427394E-002
   4.50699375000000        4.20666083333333      -1.225578113989567E-002
   4.50699375000000        4.50699375000000      -1.061961367743174E-002
   4.50699375000000        4.80732666666667      -9.238220393067835E-003
   4.50699375000000        5.10765958333333      -8.072999815766316E-003
   4.50699375000000        5.40799250000000      -7.071660514853960E-003
   4.50699375000000        5.70832541666667      -6.164620372213114E-003
   4.50699375000000        6.00865833333333      -5.255704014409441E-003
   4.50699375000000        6.30899125000000      -4.169597156039133E-003
   4.50699375000000        6.60932416666667      -2.710319567286871E-003
   4.50699375000000        6.90965708333333      -1.139699225924138E-003
   4.50699375000000        7.20999000000000      -2.931670681890594E-004
   4.80732666666667       2.000000000000000E-003 -6.163066329098177E-002
   4.80732666666667       0.302332916666667      -5.953297197887877E-002
   4.80732666666667       0.602665833333333      -5.479091087905035E-002
   4.80732666666667       0.902998750000000      -5.003628521907878E-002
   4.80732666666667        1.20333166666667      -4.573497021761373E-002
   4.80732666666667        1.50366458333333      -4.143869028618991E-002
   4.80732666666667        1.80399750000000      -3.687979172865306E-002
   4.80732666666667        2.10433041666667      -3.214780387109563E-002
   4.80732666666667        2.40466333333333      -2.754429508857066E-002
   4.80732666666667        2.70499625000000      -2.339195170458001E-002
   4.80732666666667        3.00532916666667      -1.988797413948511E-002
   4.80732666666667        3.30566208333333      -1.704685143026064E-002
   4.80732666666667        3.60599500000000      -1.474087852030592E-002
   4.80732666666667        3.90632791666667      -1.279922970416769E-002
   4.80732666666667        4.20666083333333      -1.109841378798162E-002
   4.80732666666667        4.50699375000000      -9.593488268659967E-003
   4.80732666666667        4.80732666666667      -8.290346767604791E-003
   4.80732666666667        5.10765958333333      -7.195005616980427E-003
   4.80732666666667        5.40799250000000      -6.279671716681054E-003
   4.80732666666667        5.70832541666667      -5.483032368791987E-003
   4.80732666666667        6.00865833333333      -4.728598199121636E-003
   4.80732666666667        6.30899125000000      -3.935698650054902E-003
   4.80732666666667        6.60932416666667      -3.042756349977803E-003
   4.80732666666667        6.90965708333333      -2.145427440689991E-003
   4.80732666666667        7.20999000000000      -1.670015623811027E-003
   5.10765958333333       2.000000000000000E-003 -4.832502641643331E-002
   5.10765958333333       0.302332916666667      -4.767616461701374E-002
   5.10765958333333       0.602665833333333      -4.597812013107484E-002
   5.10765958333333       0.902998750000000      -4.345787221286362E-002
   5.10765958333333        1.20333166666667      -4.031262054572681E-002
   5.10765958333333        1.50366458333333      -3.654444673017676E-002
   5.10765958333333        1.80399750000000      -3.227548201194638E-002
   5.10765958333333        2.10433041666667      -2.781961030264478E-002
   5.10765958333333        2.40466333333333      -2.359303696564276E-002
   5.10765958333333        2.70499625000000      -1.995517895083509E-002
   5.10765958333333        3.00532916666667      -1.707061217753012E-002
   5.10765958333333        3.30566208333333      -1.486538504727184E-002
   5.10765958333333        3.60599500000000      -1.310307125858319E-002
   5.10765958333333        3.90632791666667      -1.153604405428207E-002
   5.10765958333333        4.20666083333333      -1.003316151163219E-002
   5.10765958333333        4.50699375000000      -8.604680240812609E-003
   5.10765958333333        4.80732666666667      -7.333772458939432E-003
   5.10765958333333        5.10765958333333      -6.286249934712919E-003
   5.10765958333333        5.40799250000000      -5.461850869182047E-003
   5.10765958333333        5.70832541666667      -4.806664373181453E-003
   5.10765958333333        6.00865833333333      -4.261644867552749E-003
   5.10765958333333        6.30899125000000      -3.801795792466299E-003
   5.10765958333333        6.60932416666667      -3.437535178834149E-003
   5.10765958333333        6.90965708333333      -3.199311621639959E-003
   5.10765958333333        7.20999000000000      -3.098331403085938E-003
   5.40799250000000       2.000000000000000E-003 -3.563187463962640E-002
   5.40799250000000       0.302332916666667      -3.594214656621342E-002
   5.40799250000000       0.602665833333333      -3.632730201127586E-002
   5.40799250000000       0.902998750000000      -3.588551498631198E-002
   5.40799250000000        1.20333166666667      -3.405894264918863E-002
   5.40799250000000        1.50366458333333      -3.095422434277389E-002
   5.40799250000000        1.80399750000000      -2.714350912080397E-002
   5.40799250000000        2.10433041666667      -2.314055539284013E-002
   5.40799250000000        2.40466333333333      -1.945370423971181E-002
   5.40799250000000        2.70499625000000      -1.647280800416671E-002
   5.40799250000000        3.00532916666667      -1.433119301245166E-002
   5.40799250000000        3.30566208333333      -1.285702780239870E-002
   5.40799250000000        3.60599500000000      -1.167639031001056E-002
   5.40799250000000        3.90632791666667      -1.044651959475741E-002
   5.40799250000000        4.20666083333333      -9.055209130941475E-003
   5.40799250000000        4.50699375000000      -7.619545006609274E-003
   5.40799250000000        4.80732666666667      -6.332324038213025E-003
   5.40799250000000        5.10765958333333      -5.319952254272809E-003
   5.40799250000000        5.40799250000000      -4.593430307355636E-003
   5.40799250000000        5.70832541666667      -4.088713748918829E-003
   5.40799250000000        6.00865833333333      -3.756726403064909E-003
   5.40799250000000        6.30899125000000      -3.636954568118501E-003
   5.40799250000000        6.60932416666667      -3.788213171616551E-003
   5.40799250000000        6.90965708333333      -4.122304336163866E-003
   5.40799250000000        7.20999000000000      -4.376046031752109E-003
   5.70832541666667       2.000000000000000E-003 -2.248318297029347E-002
   5.70832541666667       0.302332916666667      -2.388660872240264E-002
   5.70832541666667       0.602665833333333      -2.659995185330045E-002
   5.70832541666667       0.902998750000000      -2.827001211916125E-002
   5.70832541666667        1.20333166666667      -2.780525631614143E-002
   5.70832541666667        1.50366458333333      -2.545360149665931E-002
   5.70832541666667        1.80399750000000      -2.208927575783554E-002
   5.70832541666667        2.10433041666667      -1.856033309030085E-002
   5.70832541666667        2.40466333333333      -1.543168238182163E-002
   5.70832541666667        2.70499625000000      -1.312114765128303E-002
   5.70832541666667        3.00532916666667      -1.176948463304727E-002
   5.70832541666667        3.30566208333333      -1.111953684553654E-002
   5.70832541666667        3.60599500000000      -1.056869707460278E-002
   5.70832541666667        3.90632791666667      -9.578894257864921E-003
   5.70832541666667        4.20666083333333      -8.117612730884224E-003
   5.70832541666667        4.50699375000000      -6.542020693163494E-003
   5.70832541666667        4.80732666666667      -5.197017107719028E-003
   5.70832541666667        5.10765958333333      -4.232018242582541E-003
   5.70832541666667        5.40799250000000      -3.617696811520661E-003
   5.70832541666667        5.70832541666667      -3.246360897080414E-003
   5.70832541666667        6.00865833333333      -3.096554803917990E-003
   5.70832541666667        6.30899125000000      -3.294784139691627E-003
   5.70832541666667        6.60932416666667      -3.995630555868058E-003
   5.70832541666667        6.90965708333333      -5.029148193403226E-003
   5.70832541666667        7.20999000000000      -5.742568401548006E-003
   6.00865833333333       2.000000000000000E-003 -9.324690896215473E-003
   6.00865833333333       0.302332916666667      -1.247115884171779E-002
   6.00865833333333       0.602665833333333      -1.830614926926969E-002
   6.00865833333333       0.902998750000000      -2.202831404845901E-002
   6.00865833333333        1.20333166666667      -2.251931767828484E-002
   6.00865833333333        1.50366458333333      -2.063898158180391E-002
   6.00865833333333        1.80399750000000      -1.757051555815735E-002
   6.00865833333333        2.10433041666667      -1.439813265497042E-002
   6.00865833333333        2.40466333333333      -1.167808494802021E-002
   6.00865833333333        2.70499625000000      -9.862290795231741E-003
   6.00865833333333        3.00532916666667      -9.262389547532996E-003
   6.00865833333333        3.30566208333333      -9.712817123647952E-003
   6.00865833333333        3.60599500000000      -1.006727985987455E-002
   6.00865833333333        3.90632791666667      -9.119478472434632E-003
   6.00865833333333        4.20666083333333      -7.127598140748538E-003
   6.00865833333333        4.50699375000000      -5.182108869762702E-003
   6.00865833333333        4.80732666666667      -3.788401329685507E-003
   6.00865833333333        5.10765958333333      -2.951119732901359E-003
   6.00865833333333        5.40799250000000      -2.500843598326209E-003
   6.00865833333333        5.70832541666667      -2.306476879396479E-003
   6.00865833333333        6.00865833333333      -2.307207839100496E-003
   6.00865833333333        6.30899125000000      -2.687739807574355E-003
   6.00865833333333        6.60932416666667      -3.863459545570715E-003
   6.00865833333333        6.90965708333333      -5.810644550179139E-003
   6.00865833333333        7.20999000000000      -7.178619395020257E-003
   6.30899125000000       2.000000000000000E-003  2.248098749818338E-003
   6.30899125000000       0.302332916666667      -4.012990908160412E-003
   6.30899125000000       0.602665833333333      -1.328935828335425E-002
   6.30899125000000       0.902998750000000      -1.783342423753236E-002
   6.30899125000000        1.20333166666667      -1.842954203661039E-002
   6.30899125000000        1.50366458333333      -1.671262542094246E-002
   6.30899125000000        1.80399750000000      -1.381417534050039E-002
   6.30899125000000        2.10433041666667      -1.077066859399040E-002
   6.30899125000000        2.40466333333333      -8.134858525942649E-003
   6.30899125000000        2.70499625000000      -6.255603214772767E-003
   6.30899125000000        3.00532916666667      -6.234165317338175E-003
   6.30899125000000        3.30566208333333      -8.371449266996921E-003
   6.30899125000000        3.60599500000000      -1.008442712444082E-002
   6.30899125000000        3.90632791666667      -8.770355490127814E-003
   6.30899125000000        4.20666083333333      -5.584664474909657E-003
   6.30899125000000        4.50699375000000      -3.082022492598662E-003
   6.30899125000000        4.80732666666667      -1.906168380371131E-003
   6.30899125000000        5.10765958333333      -1.442448145799138E-003
   6.30899125000000        5.40799250000000      -1.361014185441636E-003
   6.30899125000000        5.70832541666667      -1.503991385473370E-003
   6.30899125000000        6.00865833333333      -1.675917130913480E-003
   6.30899125000000        6.30899125000000      -1.978071981239415E-003
   6.30899125000000        6.60932416666667      -3.142777692066217E-003
   6.30899125000000        6.90965708333333      -6.059441211647669E-003
   6.30899125000000        7.20999000000000      -8.473345610028500E-003
   6.60932416666667       2.000000000000000E-003  9.124374250615797E-003
   6.60932416666667       0.302332916666667      -2.224521421296651E-003
   6.60932416666667       0.602665833333333      -1.151159923094399E-002
   6.60932416666667       0.902998750000000      -1.414075059339866E-002
   6.60932416666667        1.20333166666667      -1.458496537554594E-002
   6.60932416666667        1.50366458333333      -1.332666417215928E-002
   6.60932416666667        1.80399750000000      -1.078308863870422E-002
   6.60932416666667        2.10433041666667      -7.735227154115254E-003
   6.60932416666667        2.40466333333333      -4.722991251960485E-003
   6.60932416666667        2.70499625000000      -1.998016532239100E-003
   6.60932416666667        3.00532916666667      -2.151562147472534E-003
   6.60932416666667        3.30566208333333      -6.116121640194312E-003
   6.60932416666667        3.60599500000000      -9.788943956241997E-003
   6.60932416666667        3.90632791666667      -7.152275154811366E-003
   6.60932416666667        4.20666083333333      -2.074707486610431E-003
   6.60932416666667        4.50699375000000       5.268658505702469E-004
   6.60932416666667        4.80732666666667       6.353888235090044E-004
   6.60932416666667        5.10765958333333       2.135665487737826E-004
   6.60932416666667        5.40799250000000      -4.099882521529279E-004
   6.60932416666667        5.70832541666667      -1.147225526331861E-003
   6.60932416666667        6.00865833333333      -1.749984900096581E-003
   6.60932416666667        6.30899125000000      -1.948633817353628E-003
   6.60932416666667        6.60932416666667      -2.082870491783862E-003
   6.60932416666667        6.90965708333333      -4.803288280705484E-003
   6.60932416666667        7.20999000000000      -8.941924015904519E-003
   6.90965708333333       2.000000000000000E-003  7.140817881825566E-003
   6.90965708333333       0.302332916666667      -5.415103822263219E-003
   6.90965708333333       0.602665833333333      -4.857551646435711E-003
   6.90965708333333       0.902998750000000      -7.467855926460315E-003
   6.90965708333333        1.20333166666667      -1.013287473746833E-002
   6.90965708333333        1.50366458333333      -1.029962307715407E-002
   6.90965708333333        1.80399750000000      -8.459088763122994E-003
   6.90965708333333        2.10433041666667      -5.553211903356907E-003
   6.90965708333333        2.40466333333333      -1.905464341727199E-003
   6.90965708333333        2.70499625000000       1.679159110036675E-003
   6.90965708333333        3.00532916666667       2.596505819282761E-003
   6.90965708333333        3.30566208333333      -1.777261735865576E-003
   6.90965708333333        3.60599500000000      -7.748760206592425E-003
   6.90965708333333        3.90632791666667      -2.395914929839646E-003
   6.90965708333333        4.20666083333333       3.878536859248007E-003
   6.90965708333333        4.50699375000000       5.117217747826849E-003
   6.90965708333333        4.80732666666667       3.507915401672396E-003
   6.90965708333333        5.10765958333333       1.669739435869628E-003
   6.90965708333333        5.40799250000000       2.094353604865440E-004
   6.90965708333333        5.70832541666667      -1.297956085333783E-003
   6.90965708333333        6.00865833333333      -2.747065063960935E-003
   6.90965708333333        6.30899125000000      -3.685837665979662E-003
   6.90965708333333        6.60932416666667      -3.233795763759844E-003
   6.90965708333333        6.90965708333333      -2.255254646532074E-003
   6.90965708333333        7.20999000000000      -6.922292268417408E-003
   7.20999000000000       2.000000000000000E-003 -4.094538101016072E-003
   7.20999000000000       0.302332916666667       3.365333591883447E-003
   7.20999000000000       0.602665833333333       6.358273307966339E-003
   7.20999000000000       0.902998750000000      -1.556718556591772E-003
   7.20999000000000        1.20333166666667      -6.894838302939688E-003
   7.20999000000000        1.50366458333333      -8.229061732010445E-003
   7.20999000000000        1.80399750000000      -7.008573077639964E-003
   7.20999000000000        2.10433041666667      -4.452303144640803E-003
   7.20999000000000        2.40466333333333      -9.310408377197913E-004
   7.20999000000000        2.70499625000000       2.508950253902882E-003
   7.20999000000000        3.00532916666667       3.818210314286389E-003
   7.20999000000000        3.30566208333333       5.385192131457466E-004
   7.20999000000000        3.60599500000000      -5.117783647418934E-003
   7.20999000000000        3.90632791666667       2.820892332100470E-003
   7.20999000000000        4.20666083333333       8.242865755171008E-003
   7.20999000000000        4.50699375000000       7.929963910574708E-003
   7.20999000000000        4.80732666666667       5.186972250538951E-003
   7.20999000000000        5.10765958333333       2.480844387295070E-003
   7.20999000000000        5.40799250000000       4.686643668676438E-004
   7.20999000000000        5.70832541666667      -1.557793703417945E-003
   7.20999000000000        6.00865833333333      -3.635842835517766E-003
   7.20999000000000        6.30899125000000      -5.422770177081940E-003
   7.20999000000000        6.60932416666667      -6.146542196817571E-003
   7.20999000000000        6.90965708333333      -4.894017675518350E-003
   7.20999000000000        7.20999000000000      -2.899702683586039E-003
