  2.000000000000000E-003  2.000000000000000E-003 -0.339212359037841     
  2.000000000000000E-003  0.302332916666667      -0.394069504610897     
  2.000000000000000E-003  0.602665833333333      -0.371517700432442     
  2.000000000000000E-003  0.902998750000000      -0.281918043424339     
  2.000000000000000E-003   1.20333166666667      -0.200463167965699     
  2.000000000000000E-003   1.50366458333333      -0.140045029221027     
  2.000000000000000E-003   1.80399750000000      -9.706492332160610E-002
  2.000000000000000E-003   2.10433041666667      -6.673164215716382E-002
  2.000000000000000E-003   2.40466333333333      -4.405802082080301E-002
  2.000000000000000E-003   2.70499625000000      -2.722057971345942E-002
  2.000000000000000E-003   3.00532916666667      -1.820984751508046E-002
  2.000000000000000E-003   3.30566208333333      -1.807964127139331E-002
  2.000000000000000E-003   3.60599500000000      -2.483189732755602E-002
  2.000000000000000E-003   3.90632791666667      -6.588861921860121E-003
  2.000000000000000E-003   4.20666083333333       4.546145953871221E-003
  2.000000000000000E-003   4.50699375000000       4.010402554231829E-003
  2.000000000000000E-003   4.80732666666667      -1.224652824225750E-003
  2.000000000000000E-003   5.10765958333333      -6.513951539466762E-003
  2.000000000000000E-003   5.40799250000000      -1.036728440977997E-002
  2.000000000000000E-003   5.70832541666667      -1.355768782059876E-002
  2.000000000000000E-003   6.00865833333333      -1.525608534399603E-002
  2.000000000000000E-003   6.30899125000000      -1.388353687443017E-002
  2.000000000000000E-003   6.60932416666667      -9.073145363457873E-003
  2.000000000000000E-003   6.90965708333333      -7.907994838667508E-003
  2.000000000000000E-003   7.20999000000000      -7.789736772218416E-003
  0.302332916666667       2.000000000000000E-003 -0.407936876883691     
  0.302332916666667       0.302332916666667      -0.335030934999284     
  0.302332916666667       0.602665833333333      -0.306627552727553     
  0.302332916666667       0.902998750000000      -0.251537009647838     
  0.302332916666667        1.20333166666667      -0.188544519866667     
  0.302332916666667        1.50366458333333      -0.136095846864644     
  0.302332916666667        1.80399750000000      -9.649605912462310E-002
  0.302332916666667        2.10433041666667      -6.777743053575960E-002
  0.302332916666667        2.40466333333333      -4.619747231141132E-002
  0.302332916666667        2.70499625000000      -3.013449327384610E-002
  0.302332916666667        3.00532916666667      -2.271924985251054E-002
  0.302332916666667        3.30566208333333      -2.445123689180923E-002
  0.302332916666667        3.60599500000000      -2.705003120306279E-002
  0.302332916666667        3.90632791666667      -1.313030178009159E-002
  0.302332916666667        4.20666083333333      -1.314235956383604E-003
  0.302332916666667        4.50699375000000       3.468665901714789E-004
  0.302332916666667        4.80732666666667      -3.284282861066859E-003
  0.302332916666667        5.10765958333333      -7.333588102150739E-003
  0.302332916666667        5.40799250000000      -1.050714596253606E-002
  0.302332916666667        5.70832541666667      -1.315822020747383E-002
  0.302332916666667        6.00865833333333      -1.437280249559867E-002
  0.302332916666667        6.30899125000000      -1.274324278743352E-002
  0.302332916666667        6.60932416666667      -8.174483408798004E-003
  0.302332916666667        6.90965708333333      -6.105922746236602E-003
  0.302332916666667        7.20999000000000      -9.910646712048015E-003
  0.602665833333333       2.000000000000000E-003 -0.392227014332061     
  0.602665833333333       0.302332916666667      -0.320120741250912     
  0.602665833333333       0.602665833333333      -0.247785662843365     
  0.602665833333333       0.902998750000000      -0.204378227531881     
  0.602665833333333        1.20333166666667      -0.163077046642930     
  0.602665833333333        1.50366458333333      -0.124744908020260     
  0.602665833333333        1.80399750000000      -9.278009309041661E-002
  0.602665833333333        2.10433041666667      -6.823518528284366E-002
  0.602665833333333        2.40466333333333      -4.996917673140770E-002
  0.602665833333333        2.70499625000000      -3.616740108007888E-002
  0.602665833333333        3.00532916666667      -3.055163926406204E-002
  0.602665833333333        3.30566208333333      -3.162969750916490E-002
  0.602665833333333        3.60599500000000      -3.109039593280629E-002
  0.602665833333333        3.90632791666667      -2.162212978646633E-002
  0.602665833333333        4.20666083333333      -1.127623152584883E-002
  0.602665833333333        4.50699375000000      -6.970767039974710E-003
  0.602665833333333        4.80732666666667      -7.551565367707484E-003
  0.602665833333333        5.10765958333333      -9.074489449840430E-003
  0.602665833333333        5.40799250000000      -1.087241833313195E-002
  0.602665833333333        5.70832541666667      -1.243496291595913E-002
  0.602665833333333        6.00865833333333      -1.277905698563752E-002
  0.602665833333333        6.30899125000000      -1.106058846712241E-002
  0.602665833333333        6.60932416666667      -8.151524504371789E-003
  0.602665833333333        6.90965708333333      -8.464129151242063E-003
  0.602665833333333        7.20999000000000      -1.171236144001645E-002
  0.902998750000000       2.000000000000000E-003 -0.319321701866169     
  0.902998750000000       0.302332916666667      -0.281647632197073     
  0.902998750000000       0.602665833333333      -0.220542322678876     
  0.902998750000000       0.902998750000000      -0.176351620800223     
  0.902998750000000        1.20333166666667      -0.142823344929999     
  0.902998750000000        1.50366458333333      -0.113694716766169     
  0.902998750000000        1.80399750000000      -8.851188926948099E-002
  0.902998750000000        2.10433041666667      -6.842399867283766E-002
  0.902998750000000        2.40466333333333      -5.294301989031334E-002
  0.902998750000000        2.70499625000000      -4.168011098942381E-002
  0.902998750000000        3.00532916666667      -3.586518569791236E-002
  0.902998750000000        3.30566208333333      -3.439858086544647E-002
  0.902998750000000        3.60599500000000      -3.207526280294532E-002
  0.902998750000000        3.90632791666667      -2.562677832444708E-002
  0.902998750000000        4.20666083333333      -1.803004457923652E-002
  0.902998750000000        4.50699375000000      -1.325969601360805E-002
  0.902998750000000        4.80732666666667      -1.140234184645277E-002
  0.902998750000000        5.10765958333333      -1.103213803469552E-002
  0.902998750000000        5.40799250000000      -1.147548001309752E-002
  0.902998750000000        5.70832541666667      -1.196365674587193E-002
  0.902998750000000        6.00865833333333      -1.162908723903038E-002
  0.902998750000000        6.30899125000000      -1.011457111429637E-002
  0.902998750000000        6.60932416666667      -8.359201307768207E-003
  0.902998750000000        6.90965708333333      -8.381831823558726E-003
  0.902998750000000        7.20999000000000      -9.586664550966541E-003
   1.20333166666667       2.000000000000000E-003 -0.248978839668481     
   1.20333166666667       0.302332916666667      -0.230460170672864     
   1.20333166666667       0.602665833333333      -0.192277859076852     
   1.20333166666667       0.902998750000000      -0.156995494473031     
   1.20333166666667        1.20333166666667      -0.128892162139359     
   1.20333166666667        1.50366458333333      -0.105288131649496     
   1.20333166666667        1.80399750000000      -8.491579733784413E-002
   1.20333166666667        2.10433041666667      -6.807195349261502E-002
   1.20333166666667        2.40466333333333      -5.461150582731111E-002
   1.20333166666667        2.70499625000000      -4.479777573625658E-002
   1.20333166666667        3.00532916666667      -3.858423937059433E-002
   1.20333166666667        3.30566208333333      -3.497933169431010E-002
   1.20333166666667        3.60599500000000      -3.155628507416428E-002
   1.20333166666667        3.90632791666667      -2.662576502091606E-002
   1.20333166666667        4.20666083333333      -2.113692858713837E-002
   1.20333166666667        4.50699375000000      -1.678136466071214E-002
   1.20333166666667        4.80732666666667      -1.404660936730444E-002
   1.20333166666667        5.10765958333333      -1.269936373044071E-002
   1.20333166666667        5.40799250000000      -1.224216714788651E-002
   1.20333166666667        5.70832541666667      -1.199467655597998E-002
   1.20333166666667        6.00865833333333      -1.131364422232649E-002
   1.20333166666667        6.30899125000000      -1.004627495339893E-002
   1.20333166666667        6.60932416666667      -8.779805817221082E-003
   1.20333166666667        6.90965708333333      -8.376966951584266E-003
   1.20333166666667        7.20999000000000      -8.756924487272642E-003
   1.50366458333333       2.000000000000000E-003 -0.194346522982869     
   1.50366458333333       0.302332916666667      -0.184944769536757     
   1.50366458333333       0.602665833333333      -0.163063113130379     
   1.50366458333333       0.902998750000000      -0.138999666843237     
   1.50366458333333        1.20333166666667      -0.117421348979798     
   1.50366458333333        1.50366458333333      -9.847030559257591E-002
   1.50366458333333        1.80399750000000      -8.176186523541094E-002
   1.50366458333333        2.10433041666667      -6.728837182205250E-002
   1.50366458333333        2.40466333333333      -5.536582710571093E-002
   1.50366458333333        2.70499625000000      -4.624015826282057E-002
   1.50366458333333        3.00532916666667      -3.972109718318007E-002
   1.50366458333333        3.30566208333333      -3.501379478757410E-002
   1.50366458333333        3.60599500000000      -3.092957666631376E-002
   1.50366458333333        3.90632791666667      -2.665390594665859E-002
   1.50366458333333        4.20666083333333      -2.230336371146703E-002
   1.50366458333333        4.50699375000000      -1.849899820876489E-002
   1.50366458333333        4.80732666666667      -1.569577962205675E-002
   1.50366458333333        5.10765958333333      -1.395863365892325E-002
   1.50366458333333        5.40799250000000      -1.301620248396703E-002
   1.50366458333333        5.70832541666667      -1.239963562945683E-002
   1.50366458333333        6.00865833333333      -1.163399502111847E-002
   1.50366458333333        6.30899125000000      -1.062574882807099E-002
   1.50366458333333        6.60932416666667      -9.693905992927656E-003
   1.50366458333333        6.90965708333333      -9.251897795099485E-003
   1.50366458333333        7.20999000000000      -9.347639299752193E-003
   1.80399750000000       2.000000000000000E-003 -0.155563994432817     
   1.80399750000000       0.302332916666667      -0.150630204301363     
   1.80399750000000       0.602665833333333      -0.138195890244387     
   1.80399750000000       0.902998750000000      -0.122749677056055     
   1.80399750000000        1.20333166666667      -0.107171208043673     
   1.80399750000000        1.50366458333333      -9.237226654745398E-002
   1.80399750000000        1.80399750000000      -7.859026591037127E-002
   1.80399750000000        2.10433041666667      -6.616233864127748E-002
   1.80399750000000        2.40466333333333      -5.549499620673148E-002
   1.80399750000000        2.70499625000000      -4.685596931888098E-002
   1.80399750000000        3.00532916666667      -4.017113894246806E-002
   1.80399750000000        3.30566208333333      -3.497305999595088E-002
   1.80399750000000        3.60599500000000      -3.059334749401881E-002
   1.80399750000000        3.90632791666667      -2.653036405579284E-002
   1.80399750000000        4.20666083333333      -2.269587913159866E-002
   1.80399750000000        4.50699375000000      -1.932157642164351E-002
   1.80399750000000        4.80732666666667      -1.667500626125247E-002
   1.80399750000000        5.10765958333333      -1.484334240542513E-002
   1.80399750000000        5.40799250000000      -1.367906051962493E-002
   1.80399750000000        5.70832541666667      -1.288670079826032E-002
   1.80399750000000        6.00865833333333      -1.218107063609164E-002
   1.80399750000000        6.30899125000000      -1.143439641762021E-002
   1.80399750000000        6.60932416666667      -1.079772751439475E-002
   1.80399750000000        6.90965708333333      -1.046491627467223E-002
   1.80399750000000        7.20999000000000      -1.045212871558705E-002
   2.10433041666667       2.000000000000000E-003 -0.130985454192401     
   2.10433041666667       0.302332916666667      -0.128078014667888     
   2.10433041666667       0.602665833333333      -0.120401008232336     
   2.10433041666667       0.902998750000000      -0.110038317252675     
   2.10433041666667        1.20333166666667      -9.854692304078783E-002
   2.10433041666667        1.50366458333333      -8.683441156487018E-002
   2.10433041666667        1.80399750000000      -7.540322022514370E-002
   2.10433041666667        2.10433041666667      -6.467033762812611E-002
   2.10433041666667        2.40466333333333      -5.504957535939453E-002
   2.10433041666667        2.70499625000000      -4.685003034077464E-002
   2.10433041666667        3.00532916666667      -4.014036042646624E-002
   2.10433041666667        3.30566208333333      -3.470999423936993E-002
   2.10433041666667        3.60599500000000      -3.018333766760421E-002
   2.10433041666667        3.90632791666667      -2.622687351362517E-002
   2.10433041666667        4.20666083333333      -2.270256141153699E-002
   2.10433041666667        4.50699375000000      -1.966318869574981E-002
   2.10433041666667        4.80732666666667      -1.722456604290650E-002
   2.10433041666667        5.10765958333333      -1.542780853381455E-002
   2.10433041666667        5.40799250000000      -1.418011591865596E-002
   2.10433041666667        5.70832541666667      -1.329778601007258E-002
   2.10433041666667        6.00865833333333      -1.261070792234392E-002
   2.10433041666667        6.30899125000000      -1.205312534103724E-002
   2.10433041666667        6.60932416666667      -1.166859114885010E-002
   2.10433041666667        6.90965708333333      -1.149047070916422E-002
   2.10433041666667        7.20999000000000      -1.145264014252782E-002
   2.40466333333333       2.000000000000000E-003 -0.118346366759682     
   2.40466333333333       0.302332916666667      -0.115830608801481     
   2.40466333333333       0.602665833333333      -0.109426738949833     
   2.40466333333333       0.902998750000000      -0.100935484821156     
   2.40466333333333        1.20333166666667      -9.156257597875203E-002
   2.40466333333333        1.50366458333333      -8.186675721368876E-002
   2.40466333333333        1.80399750000000      -7.215668083993602E-002
   2.40466333333333        2.10433041666667      -6.274655130750408E-002
   2.40466333333333        2.40466333333333      -5.400160954399522E-002
   2.40466333333333        2.70499625000000      -4.624864223075574E-002
   2.40466333333333        3.00532916666667      -3.965720359763040E-002
   2.40466333333333        3.30566208333333      -3.418702258126016E-002
   2.40466333333333        3.60599500000000      -2.964324449526599E-002
   2.40466333333333        3.90632791666667      -2.580216050002182E-002
   2.40466333333333        4.20666083333333      -2.251905588109604E-002
   2.40466333333333        4.50699375000000      -1.975272758259204E-002
   2.40466333333333        4.80732666666667      -1.751416236407681E-002
   2.40466333333333        5.10765958333333      -1.579258317631454E-002
   2.40466333333333        5.40799250000000      -1.451424143723688E-002
   2.40466333333333        5.70832541666667      -1.356251075727909E-002
   2.40466333333333        6.00865833333333      -1.284085689825807E-002
   2.40466333333333        6.30899125000000      -1.233344091161043E-002
   2.40466333333333        6.60932416666667      -1.210715827608199E-002
   2.40466333333333        6.90965708333333      -1.216854272480050E-002
   2.40466333333333        7.20999000000000      -1.222231185903401E-002
   2.70499625000000       2.000000000000000E-003 -0.114344774300167     
   2.70499625000000       0.302332916666667      -0.111010439761776     
   2.70499625000000       0.602665833333333      -0.103310427506280     
   2.70499625000000       0.902998750000000      -9.447529466545561E-002
   2.70499625000000        1.20333166666667      -8.582989302144450E-002
   2.70499625000000        1.50366458333333      -7.731352437294016E-002
   2.70499625000000        1.80399750000000      -6.879658049326723E-002
   2.70499625000000        2.10433041666667      -6.039471463845181E-002
   2.70499625000000        2.40466333333333      -5.239468235780571E-002
   2.70499625000000        2.70499625000000      -4.511621551169998E-002
   2.70499625000000        3.00532916666667      -3.878020877942955E-002
   2.70499625000000        3.30566208333333      -3.344139633123581E-002
   2.70499625000000        3.60599500000000      -2.901009487827297E-002
   2.70499625000000        3.90632791666667      -2.533220276751966E-002
   2.70499625000000        4.20666083333333      -2.226814475741699E-002
   2.70499625000000        4.50699375000000      -1.972768964154189E-002
   2.70499625000000        4.80732666666667      -1.765794503176470E-002
   2.70499625000000        5.10765958333333      -1.600798824268379E-002
   2.70499625000000        5.40799250000000      -1.470498303909881E-002
   2.70499625000000        5.70832541666667      -1.366417146571261E-002
   2.70499625000000        6.00865833333333      -1.282757323188920E-002
   2.70499625000000        6.30899125000000      -1.223174499969453E-002
   2.70499625000000        6.60932416666667      -1.206684709170329E-002
   2.70499625000000        6.90965708333333      -1.233646250185470E-002
   2.70499625000000        7.20999000000000      -1.254467071275720E-002
   3.00532916666667       2.000000000000000E-003 -0.113117274406695     
   3.00532916666667       0.302332916666667      -0.108380184607887     
   3.00532916666667       0.602665833333333      -9.870598209106118E-002
   3.00532916666667       0.902998750000000      -8.916799156453610E-002
   3.00532916666667        1.20333166666667      -8.074127658776423E-002
   3.00532916666667        1.50366458333333      -7.298868821259791E-002
   3.00532916666667        1.80399750000000      -6.534716225152823E-002
   3.00532916666667        2.10433041666667      -5.773752167064218E-002
   3.00532916666667        2.40466333333333      -5.038590209721023E-002
   3.00532916666667        2.70499625000000      -4.360103367563906E-002
   3.00532916666667        3.00532916666667      -3.762085070651036E-002
   3.00532916666667        3.30566208333333      -3.254026977406674E-002
   3.00532916666667        3.60599500000000      -2.832232928607019E-002
   3.00532916666667        3.90632791666667      -2.485321966811251E-002
   3.00532916666667        4.20666083333333      -2.199926108753394E-002
   3.00532916666667        4.50699375000000      -1.964747099290313E-002
   3.00532916666667        4.80732666666667      -1.771279141127784E-002
   3.00532916666667        5.10765958333333      -1.611926703658266E-002
   3.00532916666667        5.40799250000000      -1.478643589473968E-002
   3.00532916666667        5.70832541666667      -1.363256513117556E-002
   3.00532916666667        6.00865833333333      -1.258457891648295E-002
   3.00532916666667        6.30899125000000      -1.168466294997504E-002
   3.00532916666667        6.60932416666667      -1.133342628992611E-002
   3.00532916666667        6.90965708333333      -1.176785274466155E-002
   3.00532916666667        7.20999000000000      -1.225035326920306E-002
   3.30566208333333       2.000000000000000E-003 -0.103919448981652     
   3.30566208333333       0.302332916666667      -9.939496450601090E-002
   3.30566208333333       0.602665833333333      -9.084867661068766E-002
   3.30566208333333       0.902998750000000      -8.286926504311051E-002
   3.30566208333333        1.20333166666667      -7.568811576049239E-002
   3.30566208333333        1.50366458333333      -6.878768174368571E-002
   3.30566208333333        1.80399750000000      -6.191031501982183E-002
   3.30566208333333        2.10433041666667      -5.496260825612837E-002
   3.30566208333333        2.40466333333333      -4.817918112593299E-002
   3.30566208333333        2.70499625000000      -4.187613284072727E-002
   3.30566208333333        3.00532916666667      -3.629429134599411E-002
   3.30566208333333        3.30566208333333      -3.153566832127112E-002
   3.30566208333333        3.60599500000000      -2.758359355075526E-002
   3.30566208333333        3.90632791666667      -2.434625893995451E-002
   3.30566208333333        4.20666083333333      -2.169358171417538E-002
   3.30566208333333        4.50699375000000      -1.950404476299842E-002
   3.30566208333333        4.80732666666667      -1.768107561627048E-002
   3.30566208333333        5.10765958333333      -1.613736792618550E-002
   3.30566208333333        5.40799250000000      -1.478563892227431E-002
   3.30566208333333        5.70832541666667      -1.353461288509975E-002
   3.30566208333333        6.00865833333333      -1.225507358653978E-002
   3.30566208333333        6.30899125000000      -1.101370481869744E-002
   3.30566208333333        6.60932416666667      -1.027471773915462E-002
   3.30566208333333        6.90965708333333      -1.062854354690857E-002
   3.30566208333333        7.20999000000000      -1.141055203792448E-002
   3.60599500000000       2.000000000000000E-003 -9.039653324668467E-002
   3.60599500000000       0.302332916666667      -8.558623724602676E-002
   3.60599500000000       0.602665833333333      -8.035773724900151E-002
   3.60599500000000       0.902998750000000      -7.563999063326486E-002
   3.60599500000000        1.20333166666667      -7.051634545965917E-002
   3.60599500000000        1.50366458333333      -6.473230558140543E-002
   3.60599500000000        1.80399750000000      -5.858492396019475E-002
   3.60599500000000        2.10433041666667      -5.220721764598674E-002
   3.60599500000000        2.40466333333333      -4.591386698238543E-002
   3.60599500000000        2.70499625000000      -4.005136397964004E-002
   3.60599500000000        3.00532916666667      -3.486269239203432E-002
   3.60599500000000        3.30566208333333      -3.044154988980927E-002
   3.60599500000000        3.60599500000000      -2.677022761910164E-002
   3.60599500000000        3.90632791666667      -2.376436117440310E-002
   3.60599500000000        4.20666083333333      -2.129780722932553E-002
   3.60599500000000        4.50699375000000      -1.925094348758770E-002
   3.60599500000000        4.80732666666667      -1.752782827097804E-002
   3.60599500000000        5.10765958333333      -1.604066489944480E-002
   3.60599500000000        5.40799250000000      -1.470455913770118E-002
   3.60599500000000        5.70832541666667      -1.343420879634437E-002
   3.60599500000000        6.00865833333333      -1.210276598406725E-002
   3.60599500000000        6.30899125000000      -1.080134158060878E-002
   3.60599500000000        6.60932416666667      -9.924945001504187E-003
   3.60599500000000        6.90965708333333      -9.921866093875454E-003
   3.60599500000000        7.20999000000000      -9.769088313341593E-003
   3.90632791666667       2.000000000000000E-003 -8.194735369174257E-002
   3.90632791666667       0.302332916666667      -7.729354666618857E-002
   3.90632791666667       0.602665833333333      -7.259251160648827E-002
   3.90632791666667       0.902998750000000      -6.945282640740166E-002
   3.90632791666667        1.20333166666667      -6.570870355487604E-002
   3.90632791666667        1.50366458333333      -6.088278133616920E-002
   3.90632791666667        1.80399750000000      -5.536241567632975E-002
   3.90632791666667        2.10433041666667      -4.946519612012879E-002
   3.90632791666667        2.40466333333333      -4.359221561285942E-002
   3.90632791666667        2.70499625000000      -3.812504156591869E-002
   3.90632791666667        3.00532916666667      -3.330983668466204E-002
   3.90632791666667        3.30566208333333      -2.922672991586074E-002
   3.90632791666667        3.60599500000000      -2.584082606136427E-002
   3.90632791666667        3.90632791666667      -2.305882918585034E-002
   3.90632791666667        4.20666083333333      -2.076198559227127E-002
   3.90632791666667        4.50699375000000      -1.884223369330744E-002
   3.90632791666667        4.80732666666667      -1.721193681935259E-002
   3.90632791666667        5.10765958333333      -1.579170887149604E-002
   3.90632791666667        5.40799250000000      -1.451101090687481E-002
   3.90632791666667        5.70832541666667      -1.331625205557933E-002
   3.90632791666667        6.00865833333333      -1.216294521707497E-002
   3.90632791666667        6.30899125000000      -1.119127752657412E-002
   3.90632791666667        6.60932416666667      -1.082534090778136E-002
   3.90632791666667        6.90965708333333      -1.142322886984000E-002
   3.90632791666667        7.20999000000000      -1.209951701294561E-002
   4.20666083333333       2.000000000000000E-003 -7.233776601510306E-002
   4.20666083333333       0.302332916666667      -7.050308761279223E-002
   4.20666083333333       0.602665833333333      -6.743619603928853E-002
   4.20666083333333       0.902998750000000      -6.470564652909135E-002
   4.20666083333333        1.20333166666667      -6.140098954047059E-002
   4.20666083333333        1.50366458333333      -5.713112310668770E-002
   4.20666083333333        1.80399750000000      -5.207596313512861E-002
   4.20666083333333        2.10433041666667      -4.658204180221058E-002
   4.20666083333333        2.40466333333333      -4.109157736707139E-002
   4.20666083333333        2.70499625000000      -3.600377461064751E-002
   4.20666083333333        3.00532916666667      -3.156166200061667E-002
   4.20666083333333        3.30566208333333      -2.782836247915643E-002
   4.20666083333333        3.60599500000000      -2.474323858526813E-002
   4.20666083333333        3.90632791666667      -2.219383781783917E-002
   4.20666083333333        4.20666083333333      -2.006500775977019E-002
   4.20666083333333        4.50699375000000      -1.826339285480709E-002
   4.20666083333333        4.80732666666667      -1.671673957943258E-002
   4.20666083333333        5.10765958333333      -1.536369854283152E-002
   4.20666083333333        5.40799250000000      -1.415743269888102E-002
   4.20666083333333        5.70832541666667      -1.308206014346238E-002
   4.20666083333333        6.00865833333333      -1.217352634227477E-002
   4.20666083333333        6.30899125000000      -1.159897218958750E-002
   4.20666083333333        6.60932416666667      -1.169287351883914E-002
   4.20666083333333        6.90965708333333      -1.252266123453186E-002
   4.20666083333333        7.20999000000000      -1.319230074015722E-002
   4.50699375000000       2.000000000000000E-003 -6.570085592592209E-002
   4.50699375000000       0.302332916666667      -6.487310774551469E-002
   4.50699375000000       0.602665833333333      -6.285410941104222E-002
   4.50699375000000       0.902998750000000      -6.030291784069259E-002
   4.50699375000000        1.20333166666667      -5.714601337687771E-002
   4.50699375000000        1.50366458333333      -5.318315905363773E-002
   4.50699375000000        1.80399750000000      -4.847212876672716E-002
   4.50699375000000        2.10433041666667      -4.334624526880258E-002
   4.50699375000000        2.40466333333333      -3.824894775617831E-002
   4.50699375000000        2.70499625000000      -3.357242135360904E-002
   4.50699375000000        3.00532916666667      -2.954383538087677E-002
   4.50699375000000        3.30566208333333      -2.620272240897582E-002
   4.50699375000000        3.60599500000000      -2.345778742622369E-002
   4.50699375000000        3.90632791666667      -2.117144969671143E-002
   4.50699375000000        4.20666083333333      -1.922413963168816E-002
   4.50699375000000        4.50699375000000      -1.753621989463766E-002
   4.50699375000000        4.80732666666667      -1.605899667760271E-002
   4.50699375000000        5.10765958333333      -1.475974603677591E-002
   4.50699375000000        5.40799250000000      -1.362012720233164E-002
   4.50699375000000        5.70832541666667      -1.264956881194154E-002
   4.50699375000000        6.00865833333333      -1.190468336602018E-002
   4.50699375000000        6.30899125000000      -1.151857979097842E-002
   4.50699375000000        6.60932416666667      -1.167219771805187E-002
   4.50699375000000        6.90965708333333      -1.226198730803813E-002
   4.50699375000000        7.20999000000000      -1.271576880586084E-002
   4.80732666666667       2.000000000000000E-003 -6.017107181595786E-002
   4.80732666666667       0.302332916666667      -5.957222661609423E-002
   4.80732666666667       0.602665833333333      -5.788938226973819E-002
   4.80732666666667       0.902998750000000      -5.556257602214474E-002
   4.80732666666667        1.20333166666667      -5.255870095423510E-002
   4.80732666666667        1.50366458333333      -4.878848477272794E-002
   4.80732666666667        1.80399750000000      -4.436785705052897E-002
   4.80732666666667        2.10433041666667      -3.962126266830491E-002
   4.80732666666667        2.40466333333333      -3.496781548269708E-002
   4.80732666666667        2.70499625000000      -3.077175874381877E-002
   4.80732666666667        3.00532916666667      -2.723120045829917E-002
   4.80732666666667        3.30566208333333      -2.435258621969192E-002
   4.80732666666667        3.60599500000000      -2.200698170311233E-002
   4.80732666666667        3.90632791666667      -2.002538781793065E-002
   4.80732666666667        4.20666083333333      -1.827790408934070E-002
   4.80732666666667        4.50699375000000      -1.670025480999510E-002
   4.80732666666667        4.80732666666667      -1.527716878671075E-002
   4.80732666666667        5.10765958333333      -1.401409304258375E-002
   4.80732666666667        5.40799250000000      -1.292178228568468E-002
   4.80732666666667        5.70832541666667      -1.202035295820395E-002
   4.80732666666667        6.00865833333333      -1.135193534465233E-002
   4.80732666666667        6.30899125000000      -1.098508459667526E-002
   4.80732666666667        6.60932416666667      -1.098327292277853E-002
   4.80732666666667        6.90965708333333      -1.128914503213296E-002
   4.80732666666667        7.20999000000000      -1.158718941687326E-002
   5.10765958333333       2.000000000000000E-003 -5.493279825983424E-002
   5.10765958333333       0.302332916666667      -5.445496045343926E-002
   5.10765958333333       0.602665833333333      -5.302520872020118E-002
   5.10765958333333       0.902998750000000      -5.065812855261068E-002
   5.10765958333333        1.20333166666667      -4.759323194701558E-002
   5.10765958333333        1.50366458333333      -4.391244036962908E-002
   5.10765958333333        1.80399750000000      -3.976221811248237E-002
   5.10765958333333        2.10433041666667      -3.542885658326837E-002
   5.10765958333333        2.40466333333333      -3.127950221899729E-002
   5.10765958333333        2.70499625000000      -2.763460331366058E-002
   5.10765958333333        3.00532916666667      -2.465594411191814E-002
   5.10765958333333        3.30566208333333      -2.231074213335583E-002
   5.10765958333333        3.60599500000000      -2.042402550810285E-002
   5.10765958333333        3.90632791666667      -1.878663117586373E-002
   5.10765958333333        4.20666083333333      -1.725496630093064E-002
   5.10765958333333        4.50699375000000      -1.578639677073836E-002
   5.10765958333333        4.80732666666667      -1.441005006540604E-002
   5.10765958333333        5.10765958333333      -1.317548004768657E-002
   5.10765958333333        5.40799250000000      -1.211830883039382E-002
   5.10765958333333        5.70832541666667      -1.125609311337021E-002
   5.10765958333333        6.00865833333333      -1.060407396620919E-002
   5.10765958333333        6.30899125000000      -1.019015788895391E-002
   5.10765958333333        6.60932416666667      -1.004760275728168E-002
   5.10765958333333        6.90965708333333      -1.016631863797335E-002
   5.10765958333333        7.20999000000000      -1.039827876419425E-002
   5.40799250000000       2.000000000000000E-003 -4.928966820303900E-002
   5.40799250000000       0.302332916666667      -4.894901888164520E-002
   5.40799250000000       0.602665833333333      -4.768161157143243E-002
   5.40799250000000       0.902998750000000      -4.547608484123779E-002
   5.40799250000000        1.20333166666667      -4.239291511682291E-002
   5.40799250000000        1.50366458333333      -3.870924082831110E-002
   5.40799250000000        1.80399750000000      -3.482108195538162E-002
   5.40799250000000        2.10433041666667      -3.093394423692256E-002
   5.40799250000000        2.40466333333333      -2.732468482432775E-002
   5.40799250000000        2.70499625000000      -2.426178210092676E-002
   5.40799250000000        3.00532916666667      -2.187938634109019E-002
   5.40799250000000        3.30566208333333      -2.011331224889256E-002
   5.40799250000000        3.60599500000000      -1.873316446446650E-002
   5.40799250000000        3.90632791666667      -1.746972024828665E-002
   5.40799250000000        4.20666083333333      -1.616111880074609E-002
   5.40799250000000        4.50699375000000      -1.480128996025218E-002
   5.40799250000000        4.80732666666667      -1.347768410254770E-002
   5.40799250000000        5.10765958333333      -1.228365491479791E-002
   5.40799250000000        5.40799250000000      -1.126723218651162E-002
   5.40799250000000        5.70832541666667      -1.042609668229553E-002
   5.40799250000000        6.00865833333333      -9.742950889415958E-003
   5.40799250000000        6.30899125000000      -9.274808316495986E-003
   5.40799250000000        6.60932416666667      -9.087357069270580E-003
   5.40799250000000        6.90965708333333      -9.181889638537119E-003
   5.40799250000000        7.20999000000000      -9.469640362516962E-003
   5.70832541666667       2.000000000000000E-003 -4.212915425459263E-002
   5.70832541666667       0.302332916666667      -4.202949816914082E-002
   5.70832541666667       0.602665833333333      -4.125976250439013E-002
   5.70832541666667       0.902998750000000      -3.943082830084906E-002
   5.70832541666667        1.20333166666667      -3.665847173283134E-002
   5.70832541666667        1.50366458333333      -3.331031817167785E-002
   5.70832541666667        1.80399750000000      -2.976407522413861E-002
   5.70832541666667        2.10433041666667      -2.636052871656202E-002
   5.70832541666667        2.40466333333333      -2.328337908696160E-002
   5.70832541666667        2.70499625000000      -2.075800324751159E-002
   5.70832541666667        3.00532916666667      -1.893603269389460E-002
   5.70832541666667        3.30566208333333      -1.777085340481201E-002
   5.70832541666667        3.60599500000000      -1.696019823120520E-002
   5.70832541666667        3.90632791666667      -1.610033976022797E-002
   5.70832541666667        4.20666083333333      -1.499572533363396E-002
   5.70832541666667        4.50699375000000      -1.372858598573766E-002
   5.70832541666667        4.80732666666667      -1.247346884860228E-002
   5.70832541666667        5.10765958333333      -1.135432429602405E-002
   5.70832541666667        5.40799250000000      -1.040488777047356E-002
   5.70832541666667        5.70832541666667      -9.594373264807322E-003
   5.70832541666667        6.00865833333333      -8.944288104823127E-003
   5.70832541666667        6.30899125000000      -8.499382238439462E-003
   5.70832541666667        6.60932416666667      -8.333909939229649E-003
   5.70832541666667        6.90965708333333      -8.488261125470159E-003
   5.70832541666667        7.20999000000000      -8.877228128290272E-003
   6.00865833333333       2.000000000000000E-003 -3.221411793629646E-002
   6.00865833333333       0.302332916666667      -3.291703715182208E-002
   6.00865833333333       0.602665833333333      -3.351264690966536E-002
   6.00865833333333       0.902998750000000      -3.257044899348187E-002
   6.00865833333333        1.20333166666667      -3.038770615092539E-002
   6.00865833333333        1.50366458333333      -2.765907844298144E-002
   6.00865833333333        1.80399750000000      -2.475284334989760E-002
   6.00865833333333        2.10433041666667      -2.191585152806456E-002
   6.00865833333333        2.40466333333333      -1.930945400679333E-002
   6.00865833333333        2.70499625000000      -1.714779423403037E-002
   6.00865833333333        3.00532916666667      -1.571445445141573E-002
   6.00865833333333        3.30566208333333      -1.518936316698061E-002
   6.00865833333333        3.60599500000000      -1.517863375891200E-002
   6.00865833333333        3.90632791666667      -1.479842398604105E-002
   6.00865833333333        4.20666083333333      -1.377491587968671E-002
   6.00865833333333        4.50699375000000      -1.252266085178688E-002
   6.00865833333333        4.80732666666667      -1.136143900408248E-002
   6.00865833333333        5.10765958333333      -1.038003422015521E-002
   6.00865833333333        5.40799250000000      -9.553331996369494E-003
   6.00865833333333        5.70832541666667      -8.887490892906840E-003
   6.00865833333333        6.00865833333333      -8.370423707201089E-003
   6.00865833333333        6.30899125000000      -8.025206634410179E-003
   6.00865833333333        6.60932416666667      -7.954295146317358E-003
   6.00865833333333        6.90965708333333      -8.230355005201081E-003
   6.00865833333333        7.20999000000000      -8.746637722606502E-003
   6.30899125000000       2.000000000000000E-003 -1.851543007145848E-002
   6.30899125000000       0.302332916666667      -2.140278877509535E-002
   6.30899125000000       0.602665833333333      -2.485442218661598E-002
   6.30899125000000       0.902998750000000      -2.515799492271825E-002
   6.30899125000000        1.20333166666667      -2.378297790259475E-002
   6.30899125000000        1.50366458333333      -2.197103295950478E-002
   6.30899125000000        1.80399750000000      -1.996115307886792E-002
   6.30899125000000        2.10433041666667      -1.779531676173907E-002
   6.30899125000000        2.40466333333333      -1.552952879846338E-002
   6.30899125000000        2.70499625000000      -1.329319104933024E-002
   6.30899125000000        3.00532916666667      -1.191759166023921E-002
   6.30899125000000        3.30566208333333      -1.232791912689120E-002
   6.30899125000000        3.60599500000000      -1.353105814010564E-002
   6.30899125000000        3.90632791666667      -1.360375669801736E-002
   6.30899125000000        4.20666083333333      -1.238403552970649E-002
   6.30899125000000        4.50699375000000      -1.102580885172872E-002
   6.30899125000000        4.80732666666667      -1.006682547513780E-002
   6.30899125000000        5.10765958333333      -9.348469711839332E-003
   6.30899125000000        5.40799250000000      -8.780242278891676E-003
   6.30899125000000        5.70832541666667      -8.382984827420930E-003
   6.30899125000000        6.00865833333333      -8.097826088435990E-003
   6.30899125000000        6.30899125000000      -7.939504529603330E-003
   6.30899125000000        6.60932416666667      -8.044970510741854E-003
   6.30899125000000        6.90965708333333      -8.533447847258249E-003
   6.30899125000000        7.20999000000000      -9.167748862447563E-003
   6.60932416666667       2.000000000000000E-003 -3.474048685341551E-003
   6.60932416666667       0.302332916666667      -1.080915134075567E-002
   6.60932416666667       0.602665833333333      -1.708993350684150E-002
   6.60932416666667       0.902998750000000      -1.772292343051973E-002
   6.60932416666667        1.20333166666667      -1.719708709557923E-002
   6.60932416666667        1.50366458333333      -1.663192128565944E-002
   6.60932416666667        1.80399750000000      -1.574323334507370E-002
   6.60932416666667        2.10433041666667      -1.427849773219867E-002
   6.60932416666667        2.40466333333333      -1.217478908175084E-002
   6.60932416666667        2.70499625000000      -9.460678381117877E-003
   6.60932416666667        3.00532916666667      -8.004186132714404E-003
   6.60932416666667        3.30566208333333      -9.378619305728588E-003
   6.60932416666667        3.60599500000000      -1.223437613243407E-002
   6.60932416666667        3.90632791666667      -1.224870674747468E-002
   6.60932416666667        4.20666083333333      -1.023036006344201E-002
   6.60932416666667        4.50699375000000      -8.866876559076029E-003
   6.60932416666667        4.80732666666667      -8.498290669012386E-003
   6.60932416666667        5.10765958333333      -8.290937875669275E-003
   6.60932416666667        5.40799250000000      -8.147969664840637E-003
   6.60932416666667        5.70832541666667      -8.117676274980907E-003
   6.60932416666667        6.00865833333333      -8.146549680555445E-003
   6.60932416666667        6.30899125000000      -8.209796338783916E-003
   6.60932416666667        6.60932416666667      -8.496788428318400E-003
   6.60932416666667        6.90965708333333      -9.305245827482033E-003
   6.60932416666667        7.20999000000000      -1.006586849552646E-002
   6.90965708333333       2.000000000000000E-003 -2.414835393407934E-003
   6.90965708333333       0.302332916666667      -8.811423101483048E-003
   6.90965708333333       0.602665833333333      -1.090899733502536E-002
   6.90965708333333       0.902998750000000      -1.078313770084595E-002
   6.90965708333333        1.20333166666667      -1.147837909492125E-002
   6.90965708333333        1.50366458333333      -1.233762827932897E-002
   6.90965708333333        1.80399750000000      -1.256100493763151E-002
   6.90965708333333        2.10433041666667      -1.179783985788266E-002
   6.90965708333333        2.40466333333333      -9.827503119186731E-003
   6.90965708333333        2.70499625000000      -7.002146388985202E-003
   6.90965708333333        3.00532916666667      -5.142179914695066E-003
   6.90965708333333        3.30566208333333      -6.879506165913943E-003
   6.90965708333333        3.60599500000000      -1.143343751884752E-002
   6.90965708333333        3.90632791666667      -9.940303734001583E-003
   6.90965708333333        4.20666083333333      -6.949007240160447E-003
   6.90965708333333        4.50699375000000      -6.211140570644709E-003
   6.90965708333333        4.80732666666667      -6.789015818605561E-003
   6.90965708333333        5.10765958333333      -7.378881911276593E-003
   6.90965708333333        5.40799250000000      -7.717360231173497E-003
   6.90965708333333        5.70832541666667      -8.087994218464341E-003
   6.90965708333333        6.00865833333333      -8.445180118040064E-003
   6.90965708333333        6.30899125000000      -8.646619533687342E-003
   6.90965708333333        6.60932416666667      -8.821719655527572E-003
   6.90965708333333        6.90965708333333      -9.766461677399970E-003
   6.90965708333333        7.20999000000000      -1.079584020523475E-002
   7.20999000000000       2.000000000000000E-003 -8.804802183591738E-003
   7.20999000000000       0.302332916666667      -4.682159359627460E-003
   7.20999000000000       0.602665833333333      -5.002433412943498E-003
   7.20999000000000       0.902998750000000      -6.317613007310171E-003
   7.20999000000000        1.20333166666667      -8.238523133063926E-003
   7.20999000000000        1.50366458333333      -9.942579210468813E-003
   7.20999000000000        1.80399750000000      -1.082222738812062E-002
   7.20999000000000        2.10433041666667      -1.060757923125242E-002
   7.20999000000000        2.40466333333333      -9.218707541978502E-003
   7.20999000000000        2.70499625000000      -7.189289879909288E-003
   7.20999000000000        3.00532916666667      -5.976540190692272E-003
   7.20999000000000        3.30566208333333      -7.629421597582538E-003
   7.20999000000000        3.60599500000000      -1.061569726715425E-002
   7.20999000000000        3.90632791666667      -6.920981493079012E-003
   7.20999000000000        4.20666083333333      -4.264005950266780E-003
   7.20999000000000        4.50699375000000      -4.421078303694226E-003
   7.20999000000000        4.80732666666667      -5.703577864437159E-003
   7.20999000000000        5.10765958333333      -6.843862418673873E-003
   7.20999000000000        5.40799250000000      -7.544067356986834E-003
   7.20999000000000        5.70832541666667      -8.223739875284991E-003
   7.20999000000000        6.00865833333333      -8.835451544041410E-003
   7.20999000000000        6.30899125000000      -9.079214758755314E-003
   7.20999000000000        6.60932416666667      -8.881816912126084E-003
   7.20999000000000        6.90965708333333      -9.925100403268598E-003
   7.20999000000000        7.20999000000000      -1.061674478745613E-002
