  2.000000000000000E-003  2.000000000000000E-003 -0.185303927256993     
  2.000000000000000E-003  0.302332916666667      -0.176197927559091     
  2.000000000000000E-003  0.602665833333333      -0.167291507649788     
  2.000000000000000E-003  0.902998750000000      -0.165123005691146     
  2.000000000000000E-003   1.20333166666667      -0.163102278079577     
  2.000000000000000E-003   1.50366458333333      -0.159568992115783     
  2.000000000000000E-003   1.80399750000000      -0.154223683655910     
  2.000000000000000E-003   2.10433041666667      -0.147067186806327     
  2.000000000000000E-003   2.40466333333333      -0.138372636050806     
  2.000000000000000E-003   2.70499625000000      -0.129040862512173     
  2.000000000000000E-003   3.00532916666667      -0.121401903364350     
  2.000000000000000E-003   3.30566208333333      -0.119107676787814     
  2.000000000000000E-003   3.60599500000000      -0.118375605245045     
  2.000000000000000E-003   3.90632791666667      -0.112212074492270     
  2.000000000000000E-003   4.20666083333333      -0.105387428486694     
  2.000000000000000E-003   4.50699375000000      -9.681158559357034E-002
  2.000000000000000E-003   4.80732666666667      -8.884696574093595E-002
  2.000000000000000E-003   5.10765958333333      -8.232346692971439E-002
  2.000000000000000E-003   5.40799250000000      -7.752099198571961E-002
  2.000000000000000E-003   5.70832541666667      -7.447167251167804E-002
  2.000000000000000E-003   6.00865833333333      -7.290082209335515E-002
  2.000000000000000E-003   6.30899125000000      -7.226313789674253E-002
  2.000000000000000E-003   6.60932416666667      -7.160949069670418E-002
  2.000000000000000E-003   6.90965708333333      -6.946913172926658E-002
  2.000000000000000E-003   7.20999000000000      -6.565749612072193E-002
  0.302332916666667       2.000000000000000E-003 -0.200268015522039     
  0.302332916666667       0.302332916666667      -0.199157389260498     
  0.302332916666667       0.602665833333333      -0.191243663790448     
  0.302332916666667       0.902998750000000      -0.187321141342726     
  0.302332916666667        1.20333166666667      -0.183105003586860     
  0.302332916666667        1.50366458333333      -0.177290131569294     
  0.302332916666667        1.80399750000000      -0.169650695927144     
  0.302332916666667        2.10433041666667      -0.160055885102483     
  0.302332916666667        2.40466333333333      -0.148495045566463     
  0.302332916666667        2.70499625000000      -0.135542036977024     
  0.302332916666667        3.00532916666667      -0.123728932300435     
  0.302332916666667        3.30566208333333      -0.118355634625452     
  0.302332916666667        3.60599500000000      -0.122288668834061     
  0.302332916666667        3.90632791666667      -0.122412632288528     
  0.302332916666667        4.20666083333333      -0.114812855707906     
  0.302332916666667        4.50699375000000      -0.104683831458289     
  0.302332916666667        4.80732666666667      -9.536682687708026E-002
  0.302332916666667        5.10765958333333      -8.781009945772790E-002
  0.302332916666667        5.40799250000000      -8.214924357219942E-002
  0.302332916666667        5.70832541666667      -7.829720381831493E-002
  0.302332916666667        6.00865833333333      -7.587076688594675E-002
  0.302332916666667        6.30899125000000      -7.420649849584603E-002
  0.302332916666667        6.60932416666667      -7.213573327241872E-002
  0.302332916666667        6.90965708333333      -6.911782836939087E-002
  0.302332916666667        7.20999000000000      -6.897402213196441E-002
  0.602665833333333       2.000000000000000E-003 -0.222659757895258     
  0.602665833333333       0.302332916666667      -0.224162684260799     
  0.602665833333333       0.602665833333333      -0.221089848858110     
  0.602665833333333       0.902998750000000      -0.214395988480885     
  0.602665833333333        1.20333166666667      -0.206414315681434     
  0.602665833333333        1.50366458333333      -0.197383589672282     
  0.602665833333333        1.80399750000000      -0.187041005651750     
  0.602665833333333        2.10433041666667      -0.175164096220356     
  0.602665833333333        2.40466333333333      -0.161916193785543     
  0.602665833333333        2.70499625000000      -0.147498325943218     
  0.602665833333333        3.00532916666667      -0.134578158748596     
  0.602665833333333        3.30566208333333      -0.127297021447328     
  0.602665833333333        3.60599500000000      -0.127162849765241     
  0.602665833333333        3.90632791666667      -0.126515318934212     
  0.602665833333333        4.20666083333333      -0.119969432359983     
  0.602665833333333        4.50699375000000      -0.110325303912943     
  0.602665833333333        4.80732666666667      -0.100918680037583     
  0.602665833333333        5.10765958333333      -9.294963026787062E-002
  0.602665833333333        5.40799250000000      -8.662457804030056E-002
  0.602665833333333        5.70832541666667      -8.187278899657438E-002
  0.602665833333333        6.00865833333333      -7.830571874935613E-002
  0.602665833333333        6.30899125000000      -7.527847635439355E-002
  0.602665833333333        6.60932416666667      -7.215887394809638E-002
  0.602665833333333        6.90965708333333      -6.988102518528252E-002
  0.602665833333333        7.20999000000000      -6.955532991825479E-002
  0.902998750000000       2.000000000000000E-003 -0.255121922014777     
  0.902998750000000       0.302332916666667      -0.254807199785584     
  0.902998750000000       0.602665833333333      -0.250919305855154     
  0.902998750000000       0.902998750000000      -0.242448878052454     
  0.902998750000000        1.20333166666667      -0.231395461284119     
  0.902998750000000        1.50366458333333      -0.219084102252722     
  0.902998750000000        1.80399750000000      -0.205865566519136     
  0.902998750000000        2.10433041666667      -0.191818943950364     
  0.902998750000000        2.40466333333333      -0.177435157807603     
  0.902998750000000        2.70499625000000      -0.162947880057106     
  0.902998750000000        3.00532916666667      -0.149676144911022     
  0.902998750000000        3.30566208333333      -0.140327071134548     
  0.902998750000000        3.60599500000000      -0.135090865963969     
  0.902998750000000        3.90632791666667      -0.130440969971077     
  0.902998750000000        4.20666083333333      -0.123342151816859     
  0.902998750000000        4.50699375000000      -0.114385685265921     
  0.902998750000000        4.80732666666667      -0.105549641764772     
  0.902998750000000        5.10765958333333      -9.760249968830184E-002
  0.902998750000000        5.40799250000000      -9.078760917257059E-002
  0.902998750000000        5.70832541666667      -8.524797878036763E-002
  0.902998750000000        6.00865833333333      -8.069712189751288E-002
  0.902998750000000        6.30899125000000      -7.675043636957911E-002
  0.902998750000000        6.60932416666667      -7.325257457913008E-002
  0.902998750000000        6.90965708333333      -7.063034791416213E-002
  0.902998750000000        7.20999000000000      -6.848350429422398E-002
   1.20333166666667       2.000000000000000E-003 -0.297518085560138     
   1.20333166666667       0.302332916666667      -0.295262214192230     
   1.20333166666667       0.602665833333333      -0.287953107338838     
   1.20333166666667       0.902998750000000      -0.275726658225611     
   1.20333166666667        1.20333166666667      -0.260325112898998     
   1.20333166666667        1.50366458333333      -0.243559715959170     
   1.20333166666667        1.80399750000000      -0.226510576494488     
   1.20333166666667        2.10433041666667      -0.209715571300977     
   1.20333166666667        2.40466333333333      -0.193659029231176     
   1.20333166666667        2.70499625000000      -0.178578307244379     
   1.20333166666667        3.00532916666667      -0.164842843181233     
   1.20333166666667        3.30566208333333      -0.153240088703727     
   1.20333166666667        3.60599500000000      -0.143983282856123     
   1.20333166666667        3.90632791666667      -0.135699304607558     
   1.20333166666667        4.20666083333333      -0.127099144464757     
   1.20333166666667        4.50699375000000      -0.118275859514064     
   1.20333166666667        4.80732666666667      -0.109732269297407     
   1.20333166666667        5.10765958333333      -0.101774347060916     
   1.20333166666667        5.40799250000000      -9.461875107339547E-002
   1.20333166666667        5.70832541666667      -8.843898517949218E-002
   1.20333166666667        6.00865833333333      -8.312665525600314E-002
   1.20333166666667        6.30899125000000      -7.849709710543031E-002
   1.20333166666667        6.60932416666667      -7.447129042195666E-002
   1.20333166666667        6.90965708333333      -7.103524966283996E-002
   1.20333166666667        7.20999000000000      -6.777153038064791E-002
   1.50366458333333       2.000000000000000E-003 -0.358437444919339     
   1.50366458333333       0.302332916666667      -0.353869678221658     
   1.50366458333333       0.602665833333333      -0.340824581302558     
   1.50366458333333       0.902998750000000      -0.321198740622793     
   1.50366458333333        1.20333166666667      -0.297881598542467     
   1.50366458333333        1.50366458333333      -0.273668190059574     
   1.50366458333333        1.80399750000000      -0.250371172941839     
   1.50366458333333        2.10433041666667      -0.228922328395993     
   1.50366458333333        2.40466333333333      -0.209914716476579     
   1.50366458333333        2.70499625000000      -0.193105583882016     
   1.50366458333333        3.00532916666667      -0.178073035846137     
   1.50366458333333        3.30566208333333      -0.164618259755339     
   1.50366458333333        3.60599500000000      -0.152618179957482     
   1.50366458333333        3.90632791666667      -0.141769705324380     
   1.50366458333333        4.20666083333333      -0.131750661927101     
   1.50366458333333        4.50699375000000      -0.122418948993011     
   1.50366458333333        4.80732666666667      -0.113716629500892     
   1.50366458333333        5.10765958333333      -0.105605284333370     
   1.50366458333333        5.40799250000000      -9.812868402013887E-002
   1.50366458333333        5.70832541666667      -9.140814188121446E-002
   1.50366458333333        6.00865833333333      -8.546661171955226E-002
   1.50366458333333        6.30899125000000      -8.023714997376920E-002
   1.50366458333333        6.60932416666667      -7.564098805239237E-002
   1.50366458333333        6.90965708333333      -7.154038680368206E-002
   1.50366458333333        7.20999000000000      -6.766174631592445E-002
   1.80399750000000       2.000000000000000E-003 -0.449207007276718     
   1.80399750000000       0.302332916666667      -0.440902362991434     
   1.80399750000000       0.602665833333333      -0.418233554134898     
   1.80399750000000       0.902998750000000      -0.385707978224791     
   1.80399750000000        1.20333166666667      -0.348929649925078     
   1.80399750000000        1.50366458333333      -0.312283073975455     
   1.80399750000000        1.80399750000000      -0.278536078255353     
   1.80399750000000        2.10433041666667      -0.249727819756997     
   1.80399750000000        2.40466333333333      -0.226047978421158     
   1.80399750000000        2.70499625000000      -0.206454837205027     
   1.80399750000000        3.00532916666667      -0.189590364379214     
   1.80399750000000        3.30566208333333      -0.174454290869435     
   1.80399750000000        3.60599500000000      -0.160607958888258     
   1.80399750000000        3.90632791666667      -0.147999903714822     
   1.80399750000000        4.20666083333333      -0.136684405116878     
   1.80399750000000        4.50699375000000      -0.126604753148116     
   1.80399750000000        4.80732666666667      -0.117527740142519     
   1.80399750000000        5.10765958333333      -0.109162972899243     
   1.80399750000000        5.40799250000000      -0.101350994968685     
   1.80399750000000        5.70832541666667      -9.413036337524409E-002
   1.80399750000000        6.00865833333333      -8.761854512271243E-002
   1.80399750000000        6.30899125000000      -8.184863161330880E-002
   1.80399750000000        6.60932416666667      -7.676598561031210E-002
   1.80399750000000        6.90965708333333      -7.221309295062132E-002
   1.80399750000000        7.20999000000000      -6.797382665827695E-002
   2.10433041666667       2.000000000000000E-003 -0.584404818260959     
   2.10433041666667       0.302332916666667      -0.569474654112310     
   2.10433041666667       0.602665833333333      -0.529403591817609     
   2.10433041666667       0.902998750000000      -0.474891618697557     
   2.10433041666667        1.20333166666667      -0.415764292428975     
   2.10433041666667        1.50366458333333      -0.359713884826945     
   2.10433041666667        1.80399750000000      -0.311327799804548     
   2.10433041666667        2.10433041666667      -0.272309561435768     
   2.10433041666667        2.40466333333333      -0.242077906682284     
   2.10433041666667        2.70499625000000      -0.218615136836262     
   2.10433041666667        3.00532916666667      -0.199503113396481     
   2.10433041666667        3.30566208333333      -0.182834409294533     
   2.10433041666667        3.60599500000000      -0.167642542721371     
   2.10433041666667        3.90632791666667      -0.153770920425209     
   2.10433041666667        4.20666083333333      -0.141403773374143     
   2.10433041666667        4.50699375000000      -0.130596865805692     
   2.10433041666667        4.80732666666667      -0.121083787983461     
   2.10433041666667        5.10765958333333      -0.112418380455620     
   2.10433041666667        5.40799250000000      -0.104267707345944     
   2.10433041666667        5.70832541666667      -9.658297477135411E-002
   2.10433041666667        6.00865833333333      -8.952691436123440E-002
   2.10433041666667        6.30899125000000      -8.326127884783927E-002
   2.10433041666667        6.60932416666667      -7.779163966499926E-002
   2.10433041666667        6.90965708333333      -7.297096034728277E-002
   2.10433041666667        7.20999000000000      -6.853763917251590E-002
   2.40466333333333       2.000000000000000E-003 -0.787436403697353     
   2.40466333333333       0.302332916666667      -0.758645871634822     
   2.40466333333333       0.602665833333333      -0.683939381248038     
   2.40466333333333       0.902998750000000      -0.589876761594391     
   2.40466333333333        1.20333166666667      -0.496799834274629     
   2.40466333333333        1.50366458333333      -0.414921135196493     
   2.40466333333333        1.80399750000000      -0.347976770847694     
   2.40466333333333        2.10433041666667      -0.296239103856266     
   2.40466333333333        2.40466333333333      -0.257837321459467     
   2.40466333333333        2.70499625000000      -0.229557632181948     
   2.40466333333333        3.00532916666667      -0.207817039749952     
   2.40466333333333        3.30566208333333      -0.189686108452549     
   2.40466333333333        3.60599500000000      -0.173488900387840     
   2.40466333333333        3.90632791666667      -0.158742416127625     
   2.40466333333333        4.20666083333333      -0.145598993885206     
   2.40466333333333        4.50699375000000      -0.134187763662863     
   2.40466333333333        4.80732666666667      -0.124259203140487     
   2.40466333333333        5.10765958333333      -0.115280698436344     
   2.40466333333333        5.40799250000000      -0.106790142724998     
   2.40466333333333        5.70832541666667      -9.865958556422576E-002
   2.40466333333333        6.00865833333333      -9.107696734383171E-002
   2.40466333333333        6.30899125000000      -8.432437074383287E-002
   2.40466333333333        6.60932416666667      -7.855930062346453E-002
   2.40466333333333        6.90965708333333      -7.368305740455801E-002
   2.40466333333333        7.20999000000000      -6.927730875208742E-002
   2.70499625000000       2.000000000000000E-003  -1.05782911328517     
   2.70499625000000       0.302332916666667       -1.01056123089146     
   2.70499625000000       0.602665833333333      -0.887890933516983     
   2.70499625000000       0.902998750000000      -0.732529988413231     
   2.70499625000000        1.20333166666667      -0.589292201834435     
   2.70499625000000        1.50366458333333      -0.474427353528642     
   2.70499625000000        1.80399750000000      -0.385876846931361     
   2.70499625000000        2.10433041666667      -0.319996751557013     
   2.70499625000000        2.40466333333333      -0.272635025616874     
   2.70499625000000        2.70499625000000      -0.239081502266044     
   2.70499625000000        3.00532916666667      -0.214531609957419     
   2.70499625000000        3.30566208333333      -0.195003125719496     
   2.70499625000000        3.60599500000000      -0.178036182054363     
   2.70499625000000        3.90632791666667      -0.162712990175790     
   2.70499625000000        4.20666083333333      -0.149050060622462     
   2.70499625000000        4.50699375000000      -0.137193241495607     
   2.70499625000000        4.80732666666667      -0.126914398963685     
   2.70499625000000        5.10765958333333      -0.117638206384696     
   2.70499625000000        5.40799250000000      -0.108815714685586     
   2.70499625000000        5.70832541666667      -0.100249134163668     
   2.70499625000000        6.00865833333333      -9.212358992076422E-002
   2.70499625000000        6.30899125000000      -8.481755593785116E-002
   2.70499625000000        6.60932416666667      -7.872125940927904E-002
   2.70499625000000        6.90965708333333      -7.395174456239910E-002
   2.70499625000000        7.20999000000000      -6.982907129660526E-002
   3.00532916666667       2.000000000000000E-003  -1.34984182785422     
   3.00532916666667       0.302332916666667       -1.28292103792436     
   3.00532916666667       0.602665833333333       -1.10712844922752     
   3.00532916666667       0.902998750000000      -0.887338025619836     
   3.00532916666667        1.20333166666667      -0.683534557070645     
   3.00532916666667        1.50366458333333      -0.530751392235778     
   3.00532916666667        1.80399750000000      -0.420219520008997     
   3.00532916666667        2.10433041666667      -0.340841661026036     
   3.00532916666667        2.40466333333333      -0.285135278523472     
   3.00532916666667        2.70499625000000      -0.246692377059493     
   3.00532916666667        3.00532916666667      -0.219554840394692     
   3.00532916666667        3.30566208333333      -0.198797291691241     
   3.00532916666667        3.60599500000000      -0.181248325398232     
   3.00532916666667        3.90632791666667      -0.165568789449764     
   3.00532916666667        4.20666083333333      -0.151598972851498     
   3.00532916666667        4.50699375000000      -0.139454285959610     
   3.00532916666667        4.80732666666667      -0.128915464946135     
   3.00532916666667        5.10765958333333      -0.119389032013842     
   3.00532916666667        5.40799250000000      -0.110271583923884     
   3.00532916666667        5.70832541666667      -0.101298433202551     
   3.00532916666667        6.00865833333333      -9.259232080769107E-002
   3.00532916666667        6.30899125000000      -8.451456250058376E-002
   3.00532916666667        6.60932416666667      -7.779970460017016E-002
   3.00532916666667        6.90965708333333      -7.317299502903019E-002
   3.00532916666667        7.20999000000000      -6.962384694199159E-002
   3.30566208333333       2.000000000000000E-003  -1.56537821537013     
   3.30566208333333       0.302332916666667       -1.48898965285859     
   3.30566208333333       0.602665833333333       -1.28058243370519     
   3.30566208333333       0.902998750000000       -1.00898184221648     
   3.30566208333333        1.20333166666667      -0.758738675363655     
   3.30566208333333        1.50366458333333      -0.572516347225666     
   3.30566208333333        1.80399750000000      -0.444699987868054     
   3.30566208333333        2.10433041666667      -0.355347182552034     
   3.30566208333333        2.40466333333333      -0.293630187577175     
   3.30566208333333        2.70499625000000      -0.251684548036647     
   3.30566208333333        3.00532916666667      -0.222689956967011     
   3.30566208333333        3.30566208333333      -0.201057677306419     
   3.30566208333333        3.60599500000000      -0.183126112169439     
   3.30566208333333        3.90632791666667      -0.167260246920438     
   3.30566208333333        4.20666083333333      -0.153145236036473     
   3.30566208333333        4.50699375000000      -0.140848295956171     
   3.30566208333333        4.80732666666667      -0.130152679401193     
   3.30566208333333        5.10765958333333      -0.120459836940589     
   3.30566208333333        5.40799250000000      -0.111134228119786     
   3.30566208333333        5.70832541666667      -0.101850584280466     
   3.30566208333333        6.00865833333333      -9.260366435256145E-002
   3.30566208333333        6.30899125000000      -8.364394799910971E-002
   3.30566208333333        6.60932416666667      -7.589742602156775E-002
   3.30566208333333        6.90965708333333      -7.093378693810048E-002
   3.30566208333333        7.20999000000000      -6.783825931460293E-002
   3.60599500000000       2.000000000000000E-003  -1.70763025806578     
   3.60599500000000       0.302332916666667       -1.56155763798789     
   3.60599500000000       0.602665833333333       -1.34517751277744     
   3.60599500000000       0.902998750000000       -1.05534242951551     
   3.60599500000000        1.20333166666667      -0.787609827141918     
   3.60599500000000        1.50366458333333      -0.588150633673396     
   3.60599500000000        1.80399750000000      -0.453646575498049     
   3.60599500000000        2.10433041666667      -0.360576591132834     
   3.60599500000000        2.40466333333333      -0.296653443568591     
   3.60599500000000        2.70499625000000      -0.253424904794309     
   3.60599500000000        3.00532916666667      -0.223746497612058     
   3.60599500000000        3.30566208333333      -0.201788901099633     
   3.60599500000000        3.60599500000000      -0.183718116290709     
   3.60599500000000        3.90632791666667      -0.167797219756581     
   3.60599500000000        4.20666083333333      -0.153644836033265     
   3.60599500000000        4.50699375000000      -0.141303924487744     
   3.60599500000000        4.80732666666667      -0.130559392068150     
   3.60599500000000        5.10765958333333      -0.120812323540035     
   3.60599500000000        5.40799250000000      -0.111415648561915     
   3.60599500000000        5.70832541666667      -0.102017987582297     
   3.60599500000000        6.00865833333333      -9.254541407856899E-002
   3.60599500000000        6.30899125000000      -8.317631493272927E-002
   3.60599500000000        6.60932416666667      -7.478285360364988E-002
   3.60599500000000        6.90965708333333      -6.916716713229026E-002
   3.60599500000000        7.20999000000000      -6.536665631014577E-002
   3.90632791666667       2.000000000000000E-003  -1.56538694308406     
   3.90632791666667       0.302332916666667       -1.48904059866016     
   3.90632791666667       0.602665833333333       -1.28065387057825     
   3.90632791666667       0.902998750000000       -1.00905600341688     
   3.90632791666667        1.20333166666667      -0.758803682171238     
   3.90632791666667        1.50366458333333      -0.572566974860782     
   3.90632791666667        1.80399750000000      -0.444733352881985     
   3.90632791666667        2.10433041666667      -0.355360071362747     
   3.90632791666667        2.40466333333333      -0.293622059948231     
   3.90632791666667        2.70499625000000      -0.251657894101011     
   3.90632791666667        3.00532916666667      -0.222649074278169     
   3.90632791666667        3.30566208333333      -0.201007262786568     
   3.90632791666667        3.60599500000000      -0.183070467019855     
   3.90632791666667        3.90632791666667      -0.167203169326514     
   3.90632791666667        4.20666083333333      -0.153090471438587     
   3.90632791666667        4.50699375000000      -0.140799703810072     
   3.90632791666667        4.80732666666667      -0.130113801193477     
   3.90632791666667        5.10765958333333      -0.120433452022179     
   3.90632791666667        5.40799250000000      -0.111122489453894     
   3.90632791666667        5.70832541666667      -0.101857581287576     
   3.90632791666667        6.00865833333333      -9.264405275773659E-002
   3.90632791666667        6.30899125000000      -8.374023102863377E-002
   3.90632791666667        6.60932416666667      -7.606235991353508E-002
   3.90632791666667        6.90965708333333      -7.114315147015199E-002
   3.90632791666667        7.20999000000000      -6.803945590293475E-002
   4.20666083333333       2.000000000000000E-003  -1.34985712048490     
   4.20666083333333       0.302332916666667       -1.28299840320006     
   4.20666083333333       0.602665833333333       -1.10724354740423     
   4.20666083333333       0.902998750000000      -0.887461670425549     
   4.20666083333333        1.20333166666667      -0.683644173109403     
   4.20666083333333        1.50366458333333      -0.530838277085087     
   4.20666083333333        1.80399750000000      -0.420274718136384     
   4.20666083333333        2.10433041666667      -0.340858447864593     
   4.20666083333333        2.40466333333333      -0.285112671896551     
   4.20666083333333        2.70499625000000      -0.246635304490124     
   4.20666083333333        3.00532916666667      -0.219471603965383     
   4.20666083333333        3.30566208333333      -0.198696735419396     
   4.20666083333333        3.60599500000000      -0.181138062534099     
   4.20666083333333        3.90632791666667      -0.165455310485694     
   4.20666083333333        4.20666083333333      -0.151488690698733     
   4.20666083333333        4.50699375000000      -0.139353996523016     
   4.20666083333333        4.80732666666667      -0.128831683003945     
   4.20666083333333        5.10765958333333      -0.119326721018593     
   4.20666083333333        5.40799250000000      -0.110233843262730     
   4.20666083333333        5.70832541666667      -0.101289368899841     
   4.20666083333333        6.00865833333333      -9.262573200059053E-002
   4.20666083333333        6.30899125000000      -8.462081011538049E-002
   4.20666083333333        6.60932416666667      -7.799296882497304E-002
   4.20666083333333        6.90965708333333      -7.344185796073667E-002
   4.20666083333333        7.20999000000000      -6.992476428282923E-002
   4.50699375000000       2.000000000000000E-003  -1.05784320829605     
   4.50699375000000       0.302332916666667       -1.01064317678791     
   4.50699375000000       0.602665833333333      -0.888016637556302     
   4.50699375000000       0.902998750000000      -0.732667316778489     
   4.50699375000000        1.20333166666667      -0.589418835714058     
   4.50699375000000        1.50366458333333      -0.474527404419723     
   4.50699375000000        1.80399750000000      -0.385934519330581     
   4.50699375000000        2.10433041666667      -0.320002138659762     
   4.50699375000000        2.40466333333333      -0.272587311193087     
   4.50699375000000        2.70499625000000      -0.238988186778725     
   4.50699375000000        3.00532916666667      -0.214404537208770     
   4.50699375000000        3.30566208333333      -0.194853973074094     
   4.50699375000000        3.60599500000000      -0.177874105264402     
   4.50699375000000        3.90632791666667      -0.162545060993246     
   4.50699375000000        4.20666083333333      -0.148883495958142     
   4.50699375000000        4.50699375000000      -0.137036434559601     
   4.50699375000000        4.80732666666667      -0.126776021689671     
   4.50699375000000        5.10765958333333      -0.117524949075875     
   4.50699375000000        5.40799250000000      -0.108730551375601     
   4.50699375000000        5.70832541666667      -0.100192820010259     
   4.50699375000000        6.00865833333333      -9.210003728786918E-002
   4.50699375000000        6.30899125000000      -8.484045830105606E-002
   4.50699375000000        6.60932416666667      -7.880265539877081E-002
   4.50699375000000        6.90965708333333      -7.408313380878760E-002
   4.50699375000000        7.20999000000000      -6.998415141995797E-002
   4.80732666666667       2.000000000000000E-003 -0.787446396114441     
   4.80732666666667       0.302332916666667      -0.758715740197547     
   4.80732666666667       0.602665833333333      -0.684049023196988     
   4.80732666666667       0.902998750000000      -0.590002792125402     
   4.80732666666667        1.20333166666667      -0.496919083036968     
   4.80732666666667        1.50366458333333      -0.415010116919343     
   4.80732666666667        1.80399750000000      -0.348015386019258     
   4.80732666666667        2.10433041666667      -0.296216095303310     
   4.80732666666667        2.40466333333333      -0.257753234646299     
   4.80732666666667        2.70499625000000      -0.229423035216115     
   4.80732666666667        3.00532916666667      -0.207646591597997     
   4.80732666666667        3.30566208333333      -0.189492564361088     
   4.80732666666667        3.60599500000000      -0.173280417719252     
   4.80732666666667        3.90632791666667      -0.158524161408529     
   4.80732666666667        4.20666083333333      -0.145376655396004     
   4.80732666666667        4.50699375000000      -0.133970077042416     
   4.80732666666667        4.80732666666667      -0.124056793062406     
   4.80732666666667        5.10765958333333      -0.115102198325025     
   4.80732666666667        5.40799250000000      -0.106638541021396     
   4.80732666666667        5.70832541666667      -9.853157242449140E-002
   4.80732666666667        6.00865833333333      -9.096622709551223E-002
   4.80732666666667        6.30899125000000      -8.422672624769918E-002
   4.80732666666667        6.60932416666667      -7.847458257057463E-002
   4.80732666666667        6.90965708333333      -7.361152428050052E-002
   4.80732666666667        7.20999000000000      -6.921910724500037E-002
   5.10765958333333       2.000000000000000E-003 -0.584411117441345     
   5.10765958333333       0.302332916666667      -0.569529229249942     
   5.10765958333333       0.602665833333333      -0.529494528402965     
   5.10765958333333       0.902998750000000      -0.474997289225606     
   5.10765958333333        1.20333166666667      -0.415859473256486     
   5.10765958333333        1.50366458333333      -0.359772877375347     
   5.10765958333333        1.80399750000000      -0.311329682880335     
   5.10765958333333        2.10433041666667      -0.272244332380926     
   5.10765958333333        2.40466333333333      -0.241949269368882     
   5.10765958333333        2.70499625000000      -0.218437219199592     
   5.10765958333333        3.00532916666667      -0.199292871528068     
   5.10765958333333        3.30566208333333      -0.182603946523808     
   5.10765958333333        3.60599500000000      -0.167396232696653     
   5.10765958333333        3.90632791666667      -0.153508897854036     
   5.10765958333333        4.20666083333333      -0.141128353488259     
   5.10765958333333        4.50699375000000      -0.130316636477458     
   5.10765958333333        4.80732666666667      -0.120811941093419     
   5.10765958333333        5.10765958333333      -0.112166869348498     
   5.10765958333333        5.40799250000000      -0.104040744392825     
   5.10765958333333        5.70832541666667      -9.637378493771945E-002
   5.10765958333333        6.00865833333333      -8.931932055642965E-002
   5.10765958333333        6.30899125000000      -8.303631192397913E-002
   5.10765958333333        6.60932416666667      -7.753958216351498E-002
   5.10765958333333        6.90965708333333      -7.270906817578236E-002
   5.10765958333333        7.20999000000000      -6.829114028268593E-002
   5.40799250000000       2.000000000000000E-003 -0.449211606830033     
   5.40799250000000       0.302332916666667      -0.440940446836703     
   5.40799250000000       0.602665833333333      -0.418300075070444     
   5.40799250000000       0.902998750000000      -0.385787644302997     
   5.40799250000000        1.20333166666667      -0.348994785744535     
   5.40799250000000        1.50366458333333      -0.312303288375722     
   5.40799250000000        1.80399750000000      -0.278491992059143     
   5.40799250000000        2.10433041666667      -0.249613241595205     
   5.40799250000000        2.40466333333333      -0.225871421052591     
   5.40799250000000        2.70499625000000      -0.206235230613678     
   5.40799250000000        3.00532916666667      -0.189347132283331     
   5.40799250000000        3.30566208333333      -0.174197484277750     
   5.40799250000000        3.60599500000000      -0.160335128964702     
   5.40799250000000        3.90632791666667      -0.147702956070446     
   5.40799250000000        4.20666083333333      -0.136360857285243     
   5.40799250000000        4.50699375000000      -0.126263773702957     
   5.40799250000000        4.80732666666667      -0.117187142470530     
   5.40799250000000        5.10765958333333      -0.108840231974313     
   5.40799250000000        5.40799250000000      -0.101053461550051     
   5.40799250000000        5.70832541666667      -9.384862398165121E-002
   5.40799250000000        6.00865833333333      -8.732550828846941E-002
   5.40799250000000        6.30899125000000      -8.151996980787765E-002
   5.40799250000000        6.60932416666667      -7.640290997513954E-002
   5.40799250000000        6.90965708333333      -7.184607335238165E-002
   5.40799250000000        7.20999000000000      -6.764680477543006E-002
   5.70832541666667       2.000000000000000E-003 -0.358441930790150     
   5.70832541666667       0.302332916666667      -0.353886360727653     
   5.70832541666667       0.602665833333333      -0.340861674284778     
   5.70832541666667       0.902998750000000      -0.321248626519544     
   5.70832541666667        1.20333166666667      -0.297915459020637     
   5.70832541666667        1.50366458333333      -0.273651570279074     
   5.70832541666667        1.80399750000000      -0.250281492579442     
   5.70832541666667        2.10433041666667      -0.228758052042935     
   5.70832541666667        2.40466333333333      -0.209690870642555     
   5.70832541666667        2.70499625000000      -0.192847472306322     
   5.70832541666667        3.00532916666667      -0.177804611614096     
   5.70832541666667        3.30566208333333      -0.164347913528779     
   5.70832541666667        3.60599500000000      -0.152332814425250     
   5.70832541666667        3.90632791666667      -0.141447581147667     
   5.70832541666667        4.20666083333333      -0.131383615774063     
   5.70832541666667        4.50699375000000      -0.122020411514170     
   5.70832541666667        4.80732666666667      -0.113312762699818     
   5.70832541666667        5.10765958333333      -0.105221396856291     
   5.70832541666667        5.40799250000000      -9.777737867665420E-002
   5.70832541666667        5.70832541666667      -9.108099204315380E-002
   5.70832541666667        6.00865833333333      -8.513683988609205E-002
   5.70832541666667        6.30899125000000      -7.987897323258174E-002
   5.70832541666667        6.60932416666667      -7.526190010904817E-002
   5.70832541666667        6.90965708333333      -7.119435971918280E-002
   5.70832541666667        7.20999000000000      -6.740444624346896E-002
   6.00865833333333       2.000000000000000E-003 -0.297522871639893     
   6.00865833333333       0.302332916666667      -0.295249976517018     
   6.00865833333333       0.602665833333333      -0.287963793625782     
   6.00865833333333       0.902998750000000      -0.275760605111623     
   6.00865833333333        1.20333166666667      -0.260341102777330     
   6.00865833333333        1.50366458333333      -0.243515183588245     
   6.00865833333333        1.80399750000000      -0.226382453786561     
   6.00865833333333        2.10433041666667      -0.209505276999143     
   6.00865833333333        2.40466333333333      -0.193387993512344     
   6.00865833333333        2.70499625000000      -0.178280052991153     
   6.00865833333333        3.00532916666667      -0.164552654856425     
   6.00865833333333        3.30566208333333      -0.152972590815346     
   6.00865833333333        3.60599500000000      -0.143706351554577     
   6.00865833333333        3.90632791666667      -0.135360256366742     
   6.00865833333333        4.20666083333333      -0.126684952521082     
   6.00865833333333        4.50699375000000      -0.117817572405015     
   6.00865833333333        4.80732666666667      -0.109270604536622     
   6.00865833333333        5.10765958333333      -0.101342454276245     
   6.00865833333333        5.40799250000000      -9.423576114831665E-002
   6.00865833333333        5.70832541666667      -8.810663735410421E-002
   6.00865833333333        6.00865833333333      -8.282156972488749E-002
   6.00865833333333        6.30899125000000      -7.819133745283692E-002
   6.00865833333333        6.60932416666667      -7.418240267743448E-002
   6.00865833333333        6.90965708333333      -7.086254312586575E-002
   6.00865833333333        7.20999000000000      -6.779234786092891E-002
   6.30899125000000       2.000000000000000E-003 -0.255125477996191     
   6.30899125000000       0.302332916666667      -0.254751317165170     
   6.30899125000000       0.602665833333333      -0.250921445683188     
   6.30899125000000       0.902998750000000      -0.242498229217135     
   6.30899125000000        1.20333166666667      -0.231418023200070     
   6.30899125000000        1.50366458333333      -0.219026696616195     
   6.30899125000000        1.80399750000000      -0.205707456469307     
   6.30899125000000        2.10433041666667      -0.191565487844286     
   6.30899125000000        2.40466333333333      -0.177109816045384     
   6.30899125000000        2.70499625000000      -0.162589101084546     
   6.30899125000000        3.00532916666667      -0.149347804789995     
   6.30899125000000        3.30566208333333      -0.140069920950461     
   6.30899125000000        3.60599500000000      -0.134838581621882     
   6.30899125000000        3.90632791666667      -0.130078154701564     
   6.30899125000000        4.20666083333333      -0.122850776328812     
   6.30899125000000        4.50699375000000      -0.113845625527457     
   6.30899125000000        4.80732666666667      -0.105029922071744     
   6.30899125000000        5.10765958333333      -9.713284204493025E-002
   6.30899125000000        5.40799250000000      -9.039212440854952E-002
   6.30899125000000        5.70832541666667      -8.494094936629998E-002
   6.30899125000000        6.00865833333333      -8.046576665110271E-002
   6.30899125000000        6.30899125000000      -7.656963249959187E-002
   6.30899125000000        6.60932416666667      -7.314760976526487E-002
   6.30899125000000        6.90965708333333      -7.078829691937716E-002
   6.30899125000000        7.20999000000000      -6.905503392835695E-002
   6.60932416666667       2.000000000000000E-003 -0.222659133046778     
   6.60932416666667       0.302332916666667      -0.224057516169479     
   6.60932416666667       0.602665833333333      -0.221125976979796     
   6.60932416666667       0.902998750000000      -0.214483718993623     
   6.60932416666667        1.20333166666667      -0.206449618188551     
   6.60932416666667        1.50366458333333      -0.197317334445706     
   6.60932416666667        1.80399750000000      -0.186857448005395     
   6.60932416666667        2.10433041666667      -0.174867283601154     
   6.60932416666667        2.40466333333333      -0.161518945419195     
   6.60932416666667        2.70499625000000      -0.147033076233234     
   6.60932416666667        3.00532916666667      -0.134157058292585     
   6.60932416666667        3.30566208333333      -0.127019952658013     
   6.60932416666667        3.60599500000000      -0.126929698864186     
   6.60932416666667        3.90632791666667      -0.126091779304198     
   6.60932416666667        4.20666083333333      -0.119357306611755     
   6.60932416666667        4.50699375000000      -0.109672859827198     
   6.60932416666667        4.80732666666667      -0.100337366001729     
   6.60932416666667        5.10765958333333      -9.244931588329551E-002
   6.60932416666667        5.40799250000000      -8.622322623461373E-002
   6.60932416666667        5.70832541666667      -8.159194500529623E-002
   6.60932416666667        6.00865833333333      -7.815290216107247E-002
   6.60932416666667        6.30899125000000      -7.524719446389283E-002
   6.60932416666667        6.60932416666667      -7.226771963960558E-002
   6.60932416666667        6.90965708333333      -7.037686570421457E-002
   6.60932416666667        7.20999000000000      -7.082909365062179E-002
   6.90965708333333       2.000000000000000E-003 -0.200263718475342     
   6.90965708333333       0.302332916666667      -0.199108845624761     
   6.90965708333333       0.602665833333333      -0.191282753823141     
   6.90965708333333       0.902998750000000      -0.187364212270733     
   6.90965708333333        1.20333166666667      -0.183100415302614     
   6.90965708333333        1.50366458333333      -0.177193525562984     
   6.90965708333333        1.80399750000000      -0.169438558603264     
   6.90965708333333        2.10433041666667      -0.159718572294516     
   6.90965708333333        2.40466333333333      -0.148014983179274     
   6.90965708333333        2.70499625000000      -0.134941342685890     
   6.90965708333333        3.00532916666667      -0.123133485871493     
   6.90965708333333        3.30566208333333      -0.117958937401005     
   6.90965708333333        3.60599500000000      -0.122030382187642     
   6.90965708333333        3.90632791666667      -0.121875073625843     
   6.90965708333333        4.20666083333333      -0.114076098759128     
   6.90965708333333        4.50699375000000      -0.103952926152677     
   6.90965708333333        4.80732666666667      -9.474330709300791E-002
   6.90965708333333        5.10765958333333      -8.729547505626303E-002
   6.90965708333333        5.40799250000000      -8.173604231354227E-002
   6.90965708333333        5.70832541666667      -7.800456066798939E-002
   6.90965708333333        6.00865833333333      -7.571871928786492E-002
   6.90965708333333        6.30899125000000      -7.421508083735652E-002
   6.90965708333333        6.60932416666667      -7.234543797139570E-002
   6.90965708333333        6.90965708333333      -6.963306331075209E-002
   6.90965708333333        7.20999000000000      -7.016217634082030E-002
   7.20999000000000       2.000000000000000E-003 -0.185297092126196     
   7.20999000000000       0.302332916666667      -0.175922379539820     
   7.20999000000000       0.602665833333333      -0.166947038779746     
   7.20999000000000       0.902998750000000      -0.164930509490454     
   7.20999000000000        1.20333166666667      -0.162978008074259     
   7.20999000000000        1.50366458333333      -0.159414428075934     
   7.20999000000000        1.80399750000000      -0.153981426271505     
   7.20999000000000        2.10433041666667      -0.146704611462618     
   7.20999000000000        2.40466333333333      -0.137846690022070     
   7.20999000000000        2.70499625000000      -0.128355368700369     
   7.20999000000000        3.00532916666667      -0.120660493220818     
   7.20999000000000        3.30566208333333      -0.118537279137646     
   7.20999000000000        3.60599500000000      -0.118067953682485     
   7.20999000000000        3.90632791666667      -0.111679173721165     
   7.20999000000000        4.20666083333333      -0.104692544295857     
   7.20999000000000        4.50699375000000      -9.612906182959459E-002
   7.20999000000000        4.80732666666667      -8.825506895830879E-002
   7.20999000000000        5.10765958333333      -8.182199584445690E-002
   7.20999000000000        5.40799250000000      -7.709127989744248E-002
   7.20999000000000        5.70832541666667      -7.411912750996223E-002
   7.20999000000000        6.00865833333333      -7.262956364614799E-002
   7.20999000000000        6.30899125000000      -7.206497777504121E-002
   7.20999000000000        6.60932416666667      -7.149219309647520E-002
   7.20999000000000        6.90965708333333      -6.960079073963242E-002
   7.20999000000000        7.20999000000000      -6.601608032118737E-002
