  2.000000000000000E-003  2.000000000000000E-003 -7.522157900900449E-002
  2.000000000000000E-003  0.302332916666667      -7.243772847846908E-002
  2.000000000000000E-003  0.602665833333333      -6.830943170545831E-002
  2.000000000000000E-003  0.902998750000000      -6.190983178841852E-002
  2.000000000000000E-003   1.20333166666667      -5.635391695537317E-002
  2.000000000000000E-003   1.50366458333333      -5.194988794953743E-002
  2.000000000000000E-003   1.80399750000000      -4.861532254555474E-002
  2.000000000000000E-003   2.10433041666667      -4.634573601168547E-002
  2.000000000000000E-003   2.40466333333333      -4.500803416462563E-002
  2.000000000000000E-003   2.70499625000000      -4.445843979430864E-002
  2.000000000000000E-003   3.00532916666667      -4.425835412400450E-002
  2.000000000000000E-003   3.30566208333333      -4.230580517285587E-002
  2.000000000000000E-003   3.60599500000000      -3.952288804568168E-002
  2.000000000000000E-003   3.90632791666667      -3.468692595712384E-002
  2.000000000000000E-003   4.20666083333333      -3.052710069928113E-002
  2.000000000000000E-003   4.50699375000000      -2.994073611459104E-002
  2.000000000000000E-003   4.80732666666667      -3.002324462192384E-002
  2.000000000000000E-003   5.10765958333333      -2.943701211670998E-002
  2.000000000000000E-003   5.40799250000000      -2.803299270909817E-002
  2.000000000000000E-003   5.70832541666667      -2.615318702672292E-002
  2.000000000000000E-003   6.00865833333333      -2.430967133683939E-002
  2.000000000000000E-003   6.30899125000000      -2.328551137840367E-002
  2.000000000000000E-003   6.60932416666667      -2.355320952229298E-002
  2.000000000000000E-003   6.90965708333333      -2.256751630707483E-002
  2.000000000000000E-003   7.20999000000000      -1.742545047361815E-002
  0.302332916666667       2.000000000000000E-003 -9.501756403161503E-002
  0.302332916666667       0.302332916666667      -9.019624213384633E-002
  0.302332916666667       0.602665833333333      -7.967439299571173E-002
  0.302332916666667       0.902998750000000      -6.965893032958016E-002
  0.302332916666667        1.20333166666667      -6.255858191442183E-002
  0.302332916666667        1.50366458333333      -5.723075135113738E-002
  0.302332916666667        1.80399750000000      -5.295244176248853E-002
  0.302332916666667        2.10433041666667      -4.959798022984589E-002
  0.302332916666667        2.40466333333333      -4.662608822626636E-002
  0.302332916666667        2.70499625000000      -4.359391622644788E-002
  0.302332916666667        3.00532916666667      -4.073102782420662E-002
  0.302332916666667        3.30566208333333      -3.779920444548880E-002
  0.302332916666667        3.60599500000000      -3.563027910758995E-002
  0.302332916666667        3.90632791666667      -3.116504757027614E-002
  0.302332916666667        4.20666083333333      -2.887706106740548E-002
  0.302332916666667        4.50699375000000      -2.953127820684671E-002
  0.302332916666667        4.80732666666667      -3.022752753239877E-002
  0.302332916666667        5.10765958333333      -2.970262691508729E-002
  0.302332916666667        5.40799250000000      -2.800686244968720E-002
  0.302332916666667        5.70832541666667      -2.557998723858656E-002
  0.302332916666667        6.00865833333333      -2.321752519420568E-002
  0.302332916666667        6.30899125000000      -2.235229387911845E-002
  0.302332916666667        6.60932416666667      -2.461219264930891E-002
  0.302332916666667        6.90965708333333      -2.659336054226897E-002
  0.302332916666667        7.20999000000000      -2.127508189877960E-002
  0.602665833333333       2.000000000000000E-003 -0.101160965767186     
  0.602665833333333       0.302332916666667      -9.709636346140869E-002
  0.602665833333333       0.602665833333333      -8.790873306898941E-002
  0.602665833333333       0.902998750000000      -7.874386473241163E-002
  0.602665833333333        1.20333166666667      -7.121899582763719E-002
  0.602665833333333        1.50366458333333      -6.484859771576006E-002
  0.602665833333333        1.80399750000000      -5.931572001663431E-002
  0.602665833333333        2.10433041666667      -5.462590174930212E-002
  0.602665833333333        2.40466333333333      -5.028989374971366E-002
  0.602665833333333        2.70499625000000      -4.536375850773375E-002
  0.602665833333333        3.00532916666667      -4.078578720045157E-002
  0.602665833333333        3.30566208333333      -3.668216642548766E-002
  0.602665833333333        3.60599500000000      -3.338819198238527E-002
  0.602665833333333        3.90632791666667      -3.093635299377932E-002
  0.602665833333333        4.20666083333333      -3.033183133531440E-002
  0.602665833333333        4.50699375000000      -3.102320524154130E-002
  0.602665833333333        4.80732666666667      -3.126241897556879E-002
  0.602665833333333        5.10765958333333      -3.022927178377357E-002
  0.602665833333333        5.40799250000000      -2.806521295301418E-002
  0.602665833333333        5.70832541666667      -2.511047001621157E-002
  0.602665833333333        6.00865833333333      -2.215574428448508E-002
  0.602665833333333        6.30899125000000      -2.054980104121132E-002
  0.602665833333333        6.60932416666667      -2.163156301320055E-002
  0.602665833333333        6.90965708333333      -2.360724946728721E-002
  0.602665833333333        7.20999000000000      -2.169019483554657E-002
  0.902998750000000       2.000000000000000E-003 -0.105860865971124     
  0.902998750000000       0.302332916666667      -0.103358618297940     
  0.902998750000000       0.602665833333333      -9.725486511797603E-002
  0.902998750000000       0.902998750000000      -8.978603482287570E-002
  0.902998750000000        1.20333166666667      -8.214423176484138E-002
  0.902998750000000        1.50366458333333      -7.467524082390359E-002
  0.902998750000000        1.80399750000000      -6.770673967968728E-002
  0.902998750000000        2.10433041666667      -6.163616715341706E-002
  0.902998750000000        2.40466333333333      -5.598918216335436E-002
  0.902998750000000        2.70499625000000      -5.029785784620735E-002
  0.902998750000000        3.00532916666667      -4.483563098076242E-002
  0.902998750000000        3.30566208333333      -4.028129339103138E-002
  0.902998750000000        3.60599500000000      -3.687739358877507E-002
  0.902998750000000        3.90632791666667      -3.481395829742930E-002
  0.902998750000000        4.20666083333333      -3.405148604396355E-002
  0.902998750000000        4.50699375000000      -3.380144053900793E-002
  0.902998750000000        4.80732666666667      -3.289702705621199E-002
  0.902998750000000        5.10765958333333      -3.109157008311025E-002
  0.902998750000000        5.40799250000000      -2.845330348795545E-002
  0.902998750000000        5.70832541666667      -2.513495520161385E-002
  0.902998750000000        6.00865833333333      -2.179156966488742E-002
  0.902998750000000        6.30899125000000      -1.940191672794659E-002
  0.902998750000000        6.60932416666667      -1.876926527115966E-002
  0.902998750000000        6.90965708333333      -1.937959716389038E-002
  0.902998750000000        7.20999000000000      -1.966148770653725E-002
   1.20333166666667       2.000000000000000E-003 -0.115808508738075     
   1.20333166666667       0.302332916666667      -0.114098840693397     
   1.20333166666667       0.602665833333333      -0.109493947235427     
   1.20333166666667       0.902998750000000      -0.102837919360354     
   1.20333166666667        1.20333166666667      -9.488579963431520E-002
   1.20333166666667        1.50366458333333      -8.630966310811239E-002
   1.20333166666667        1.80399750000000      -7.788175340500582E-002
   1.20333166666667        2.10433041666667      -7.021900679623538E-002
   1.20333166666667        2.40466333333333      -6.324373265306002E-002
   1.20333166666667        2.70499625000000      -5.698110394293458E-002
   1.20333166666667        3.00532916666667      -5.139205899920596E-002
   1.20333166666667        3.30566208333333      -4.657731175685292E-002
   1.20333166666667        3.60599500000000      -4.285970558784359E-002
   1.20333166666667        3.90632791666667      -4.026000533995150E-002
   1.20333166666667        4.20666083333333      -3.843904742466220E-002
   1.20333166666667        4.50699375000000      -3.674170558371394E-002
   1.20333166666667        4.80732666666667      -3.472994185502611E-002
   1.20333166666667        5.10765958333333      -3.222848087180494E-002
   1.20333166666667        5.40799250000000      -2.919070483838654E-002
   1.20333166666667        5.70832541666667      -2.572451928914323E-002
   1.20333166666667        6.00865833333333      -2.232668448484966E-002
   1.20333166666667        6.30899125000000      -1.968393117703934E-002
   1.20333166666667        6.60932416666667      -1.835619406697089E-002
   1.20333166666667        6.90965708333333      -1.833061522666627E-002
   1.20333166666667        7.20999000000000      -1.904832438621461E-002
   1.50366458333333       2.000000000000000E-003 -0.128735386062251     
   1.50366458333333       0.302332916666667      -0.127366912177320     
   1.50366458333333       0.602665833333333      -0.123436987525454     
   1.50366458333333       0.902998750000000      -0.117127148005996     
   1.50366458333333        1.20333166666667      -0.108818210246308     
   1.50366458333333        1.50366458333333      -9.921840904903878E-002
   1.50366458333333        1.80399750000000      -8.935609650154053E-002
   1.50366458333333        2.10433041666667      -7.998311481131591E-002
   1.50366458333333        2.40466333333333      -7.153522627673721E-002
   1.50366458333333        2.70499625000000      -6.426095616199047E-002
   1.50366458333333        3.00532916666667      -5.813732860534462E-002
   1.50366458333333        3.30566208333333      -5.301131102981070E-002
   1.50366458333333        3.60599500000000      -4.874537574063659E-002
   1.50366458333333        3.90632791666667      -4.520032845669973E-002
   1.50366458333333        4.20666083333333      -4.215637075108940E-002
   1.50366458333333        4.50699375000000      -3.933156946372370E-002
   1.50366458333333        4.80732666666667      -3.647370566281225E-002
   1.50366458333333        5.10765958333333      -3.342861125153580E-002
   1.50366458333333        5.40799250000000      -3.015111191711235E-002
   1.50366458333333        5.70832541666667      -2.670530510467416E-002
   1.50366458333333        6.00865833333333      -2.347692281449508E-002
   1.50366458333333        6.30899125000000      -2.096938319912865E-002
   1.50366458333333        6.60932416666667      -1.954711843155138E-002
   1.50366458333333        6.90965708333333      -1.924091686113104E-002
   1.50366458333333        7.20999000000000      -1.970488046775151E-002
   1.80399750000000       2.000000000000000E-003 -0.142186583975037     
   1.80399750000000       0.302332916666667      -0.141126879891765     
   1.80399750000000       0.602665833333333      -0.137763240490739     
   1.80399750000000       0.902998750000000      -0.131833367198855     
   1.80399750000000        1.20333166666667      -0.123294052877005     
   1.80399750000000        1.50366458333333      -0.112838764217927     
   1.80399750000000        1.80399750000000      -0.101547522160874     
   1.80399750000000        2.10433041666667      -9.039026155262521E-002
   1.80399750000000        2.40466333333333      -8.025146379892219E-002
   1.80399750000000        2.70499625000000      -7.161857076205770E-002
   1.80399750000000        3.00532916666667      -6.449603192042683E-002
   1.80399750000000        3.30566208333333      -5.858745101638953E-002
   1.80399750000000        3.60599500000000      -5.354894649481294E-002
   1.80399750000000        3.90632791666667      -4.912683788831867E-002
   1.80399750000000        4.20666083333333      -4.515045908294462E-002
   1.80399750000000        4.50699375000000      -4.147402853946489E-002
   1.80399750000000        4.80732666666667      -3.795683475855616E-002
   1.80399750000000        5.10765958333333      -3.449817336914860E-002
   1.80399750000000        5.40799250000000      -3.108504757989860E-002
   1.80399750000000        5.70832541666667      -2.780547262750759E-002
   1.80399750000000        6.00865833333333      -2.484857810464422E-002
   1.80399750000000        6.30899125000000      -2.259119021442801E-002
   1.80399750000000        6.60932416666667      -2.125809786057380E-002
   1.80399750000000        6.90965708333333      -2.079031568919466E-002
   1.80399750000000        7.20999000000000      -2.090210168926019E-002
   2.10433041666667       2.000000000000000E-003 -0.155016166752857     
   2.10433041666667       0.302332916666667      -0.154336844135999     
   2.10433041666667       0.602665833333333      -0.151923993953011     
   2.10433041666667       0.902998750000000      -0.146549197196726     
   2.10433041666667        1.20333166666667      -0.138002076521503     
   2.10433041666667        1.50366458333333      -0.126715941912103     
   2.10433041666667        1.80399750000000      -0.113789490716945     
   2.10433041666667        2.10433041666667      -0.100667612221538     
   2.10433041666667        2.40466333333333      -8.864603451200818E-002
   2.10433041666667        2.70499625000000      -7.844898194185443E-002
   2.10433041666667        3.00532916666667      -7.012627095171829E-002
   2.10433041666667        3.30566208333333      -6.328200074245681E-002
   2.10433041666667        3.60599500000000      -5.742639790189178E-002
   2.10433041666667        3.90632791666667      -5.221262262935412E-002
   2.10433041666667        4.20666083333333      -4.747028684929845E-002
   2.10433041666667        4.50699375000000      -4.311790534199553E-002
   2.10433041666667        4.80732666666667      -3.908611344351286E-002
   2.10433041666667        5.10765958333333      -3.531840417839131E-002
   2.10433041666667        5.40799250000000      -3.182010686147407E-002
   2.10433041666667        5.70832541666667      -2.868412630173848E-002
   2.10433041666667        6.00865833333333      -2.606034571070450E-002
   2.10433041666667        6.30899125000000      -2.409468687765072E-002
   2.10433041666667        6.60932416666667      -2.286875892412274E-002
   2.10433041666667        6.90965708333333      -2.232622000574723E-002
   2.10433041666667        7.20999000000000      -2.216898056695974E-002
   2.40466333333333       2.000000000000000E-003 -0.166364274172820     
   2.40466333333333       0.302332916666667      -0.166894255751706     
   2.40466333333333       0.602665833333333      -0.166478564796887     
   2.40466333333333       0.902998750000000      -0.162005757667495     
   2.40466333333333        1.20333166666667      -0.152889311012979     
   2.40466333333333        1.50366458333333      -0.140094546328329     
   2.40466333333333        1.80399750000000      -0.125177781817017     
   2.40466333333333        2.10433041666667      -0.109938579493269     
   2.40466333333333        2.40466333333333      -9.596713735937447E-002
   2.40466333333333        2.70499625000000      -8.417536726781318E-002
   2.40466333333333        3.00532916666667      -7.465062302621313E-002
   2.40466333333333        3.30566208333333      -6.690830150047102E-002
   2.40466333333333        3.60599500000000      -6.032556623657341E-002
   2.40466333333333        3.90632791666667      -5.445961178173829E-002
   2.40466333333333        4.20666083333333      -4.911592789115544E-002
   2.40466333333333        4.50699375000000      -4.424611889171501E-002
   2.40466333333333        4.80732666666667      -3.983064333136408E-002
   2.40466333333333        5.10765958333333      -3.584488839649893E-002
   2.40466333333333        5.40799250000000      -3.229654434063150E-002
   2.40466333333333        5.70832541666667      -2.925525410943650E-002
   2.40466333333333        6.00865833333333      -2.682472153507141E-002
   2.40466333333333        6.30899125000000      -2.508183289016905E-002
   2.40466333333333        6.60932416666667      -2.402872280442604E-002
   2.40466333333333        6.90965708333333      -2.353865447829922E-002
   2.40466333333333        7.20999000000000      -2.329076747020598E-002
   2.70499625000000       2.000000000000000E-003 -0.177707482553157     
   2.70499625000000       0.302332916666667      -0.180484074351508     
   2.70499625000000       0.602665833333333      -0.183400174826483     
   2.70499625000000       0.902998750000000      -0.179071067238013     
   2.70499625000000        1.20333166666667      -0.167573463604897     
   2.70499625000000        1.50366458333333      -0.152171518533072     
   2.70499625000000        1.80399750000000      -0.134866594718317     
   2.70499625000000        2.10433041666667      -0.117480519657411     
   2.70499625000000        2.40466333333333      -0.101671454034896     
   2.70499625000000        2.70499625000000      -8.843403826370864E-002
   2.70499625000000        3.00532916666667      -7.786028048260477E-002
   2.70499625000000        3.30566208333333      -6.937684763982732E-002
   2.70499625000000        3.60599500000000      -6.223564360509429E-002
   2.70499625000000        3.90632791666667      -5.589696160970795E-002
   2.70499625000000        4.20666083333333      -5.012864087435836E-002
   2.70499625000000        4.50699375000000      -4.489740282537272E-002
   2.70499625000000        4.80732666666667      -4.022013592086256E-002
   2.70499625000000        5.10765958333333      -3.609517487461424E-002
   2.70499625000000        5.40799250000000      -3.252209171126243E-002
   2.70499625000000        5.70832541666667      -2.953112865438046E-002
   2.70499625000000        6.00865833333333      -2.716454166965280E-002
   2.70499625000000        6.30899125000000      -2.544763139123708E-002
   2.70499625000000        6.60932416666667      -2.448963886953683E-002
   2.70499625000000        6.90965708333333      -2.419262654525231E-002
   2.70499625000000        7.20999000000000      -2.404450141824259E-002
   3.00532916666667       2.000000000000000E-003 -0.196167765563740     
   3.00532916666667       0.302332916666667      -0.202147216251844     
   3.00532916666667       0.602665833333333      -0.206823885729043     
   3.00532916666667       0.902998750000000      -0.199101613236258     
   3.00532916666667        1.20333166666667      -0.181895380311162     
   3.00532916666667        1.50366458333333      -0.162259576768662     
   3.00532916666667        1.80399750000000      -0.142259666722427     
   3.00532916666667        2.10433041666667      -0.122902058396270     
   3.00532916666667        2.40466333333333      -0.105562324299398     
   3.00532916666667        2.70499625000000      -9.117996521648028E-002
   3.00532916666667        3.00532916666667      -7.981011465284268E-002
   3.00532916666667        3.30566208333333      -7.079526426252609E-002
   3.00532916666667        3.60599500000000      -6.328335550174863E-002
   3.00532916666667        3.90632791666667      -5.665189045798684E-002
   3.00532916666667        4.20666083333333      -5.062633786250953E-002
   3.00532916666667        4.50699375000000      -4.517498666473365E-002
   3.00532916666667        4.80732666666667      -4.034042881498917E-002
   3.00532916666667        5.10765958333333      -3.613776566413952E-002
   3.00532916666667        5.40799250000000      -3.255309090184253E-002
   3.00532916666667        5.70832541666667      -2.956516922792603E-002
   3.00532916666667        6.00865833333333      -2.711713621375371E-002
   3.00532916666667        6.30899125000000      -2.523472516448556E-002
   3.00532916666667        6.60932416666667      -2.432685324219406E-002
   3.00532916666667        6.90965708333333      -2.428063672066457E-002
   3.00532916666667        7.20999000000000      -2.436379010149391E-002
   3.30566208333333       2.000000000000000E-003 -0.229302429202703     
   3.30566208333333       0.302332916666667      -0.238984734348142     
   3.30566208333333       0.602665833333333      -0.237139905585706     
   3.30566208333333       0.902998750000000      -0.219180744682110     
   3.30566208333333        1.20333166666667      -0.194204536780093     
   3.30566208333333        1.50366458333333      -0.169370766781818     
   3.30566208333333        1.80399750000000      -0.146939174842322     
   3.30566208333333        2.10433041666667      -0.126115709170812     
   3.30566208333333        2.40466333333333      -0.107744278857203     
   3.30566208333333        2.70499625000000      -9.262635863115286E-002
   3.30566208333333        3.00532916666667      -8.076145684768432E-002
   3.30566208333333        3.30566208333333      -7.142842848906204E-002
   3.30566208333333        3.60599500000000      -6.370990833472753E-002
   3.30566208333333        3.90632791666667      -5.693207090526717E-002
   3.30566208333333        4.20666083333333      -5.078272280621431E-002
   3.30566208333333        4.50699375000000      -4.522235002964616E-002
   3.30566208333333        4.80732666666667      -4.030953389344472E-002
   3.30566208333333        5.10765958333333      -3.607114766278409E-002
   3.30566208333333        5.40799250000000      -3.248099146646484E-002
   3.30566208333333        5.70832541666667      -2.946646544619917E-002
   3.30566208333333        6.00865833333333      -2.683618141755639E-002
   3.30566208333333        6.30899125000000      -2.478626826398270E-002
   3.30566208333333        6.60932416666667      -2.378646014221800E-002
   3.30566208333333        6.90965708333333      -2.393164935978969E-002
   3.30566208333333        7.20999000000000      -2.437687243194142E-002
   3.60599500000000       2.000000000000000E-003 -0.240742018657226     
   3.60599500000000       0.302332916666667      -0.265268938723446     
   3.60599500000000       0.602665833333333      -0.254207910624622     
   3.60599500000000       0.902998750000000      -0.228535360824231     
   3.60599500000000        1.20333166666667      -0.199399838478114     
   3.60599500000000        1.50366458333333      -0.172038892888987     
   3.60599500000000        1.80399750000000      -0.148557298783508     
   3.60599500000000        2.10433041666667      -0.127167580040787     
   3.60599500000000        2.40466333333333      -0.108420318204638     
   3.60599500000000        2.70499625000000      -9.304132249508473E-002
   3.60599500000000        3.00532916666667      -8.100242814149758E-002
   3.60599500000000        3.30566208333333      -7.155784444166254E-002
   3.60599500000000        3.60599500000000      -6.376892644426752E-002
   3.60599500000000        3.90632791666667      -5.694614909865280E-002
   3.60599500000000        4.20666083333333      -5.076048595872042E-002
   3.60599500000000        4.50699375000000      -4.516715557038903E-002
   3.60599500000000        4.80732666666667      -4.023116477967797E-002
   3.60599500000000        5.10765958333333      -3.598485735728101E-002
   3.60599500000000        5.40799250000000      -3.239797596513676E-002
   3.60599500000000        5.70832541666667      -2.937593791897346E-002
   3.60599500000000        6.00865833333333      -2.667109413947159E-002
   3.60599500000000        6.30899125000000      -2.456883994665654E-002
   3.60599500000000        6.60932416666667      -2.350313647793854E-002
   3.60599500000000        6.90965708333333      -2.364807340722535E-002
   3.60599500000000        7.20999000000000      -2.431840463845996E-002
   3.90632791666667       2.000000000000000E-003 -0.229316919511509     
   3.90632791666667       0.302332916666667      -0.239441325014440     
   3.90632791666667       0.602665833333333      -0.237574602251217     
   3.90632791666667       0.902998750000000      -0.219461536820964     
   3.90632791666667        1.20333166666667      -0.194351098496311     
   3.90632791666667        1.50366458333333      -0.169433165868423     
   3.90632791666667        1.80399750000000      -0.146949801429116     
   3.90632791666667        2.10433041666667      -0.126086581529185     
   3.90632791666667        2.40466333333333      -0.107683065316258     
   3.90632791666667        2.70499625000000      -9.253960440025681E-002
   3.90632791666667        3.00532916666667      -8.065466755598828E-002
   3.90632791666667        3.30566208333333      -7.130576201656533E-002
   3.90632791666667        3.60599500000000      -6.357420525985653E-002
   3.90632791666667        3.90632791666667      -5.678537200361865E-002
   3.90632791666667        4.20666083333333      -5.062714716262123E-002
   3.90632791666667        4.50699375000000      -4.506112900243570E-002
   3.90632791666667        4.80732666666667      -4.014801825421782E-002
   3.90632791666667        5.10765958333333      -3.591732311782340E-002
   3.90632791666667        5.40799250000000      -3.234562751985134E-002
   3.90632791666667        5.70832541666667      -2.936376970964629E-002
   3.90632791666667        6.00865833333333      -2.678750344806207E-002
   3.90632791666667        6.30899125000000      -2.482199721608339E-002
   3.90632791666667        6.60932416666667      -2.393103816292283E-002
   3.90632791666667        6.90965708333333      -2.416505430056376E-002
   3.90632791666667        7.20999000000000      -2.462505904522704E-002
   4.20666083333333       2.000000000000000E-003 -0.196187790000262     
   4.20666083333333       0.302332916666667      -0.202594061526855     
   4.20666083333333       0.602665833333333      -0.207339733252117     
   4.20666083333333       0.902998750000000      -0.199478613689227     
   4.20666083333333        1.20333166666667      -0.182103902003360     
   4.20666083333333        1.50366458333333      -0.162352545756900     
   4.20666083333333        1.80399750000000      -0.142265978059978     
   4.20666083333333        2.10433041666667      -0.122835372261971     
   4.20666083333333        2.40466333333333      -0.105433602444082     
   4.20666083333333        2.70499625000000      -9.099997722243715E-002
   4.20666083333333        3.00532916666667      -7.958891303961894E-002
   4.20666083333333        3.30566208333333      -7.054138538006000E-002
   4.20666083333333        3.60599500000000      -6.300360598362272E-002
   4.20666083333333        3.90632791666667      -5.635194813140014E-002
   4.20666083333333        4.20666083333333      -5.031188196636144E-002
   4.20666083333333        4.50699375000000      -4.485321510801601E-002
   4.20666083333333        4.80732666666667      -4.002161375076504E-002
   4.20666083333333        5.10765958333333      -3.583624683334515E-002
   4.20666083333333        5.40799250000000      -3.228751570971508E-002
   4.20666083333333        5.70832541666667      -2.935890167855435E-002
   4.20666083333333        6.00865833333333      -2.700162682726907E-002
   4.20666083333333        6.30899125000000      -2.525603757176299E-002
   4.20666083333333        6.60932416666667      -2.451960330202207E-002
   4.20666083333333        6.90965708333333      -2.463300174142974E-002
   4.20666083333333        7.20999000000000      -2.478824866848234E-002
   4.50699375000000       2.000000000000000E-003 -0.177726545217267     
   4.50699375000000       0.302332916666667      -0.180785874688245     
   4.50699375000000       0.602665833333333      -0.183792579467141     
   4.50699375000000       0.902998750000000      -0.179385541854374     
   4.50699375000000        1.20333166666667      -0.167768265052807     
   4.50699375000000        1.50366458333333      -0.152255724534983     
   4.50699375000000        1.80399750000000      -0.134846168739461     
   4.50699375000000        2.10433041666667      -0.117361446678282     
   4.50699375000000        2.40466333333333      -0.101462621728613     
   4.50699375000000        2.70499625000000      -8.814718621930713E-002
   4.50699375000000        3.00532916666667      -7.750871825642429E-002
   4.50699375000000        3.30566208333333      -6.897413380660021E-002
   4.50699375000000        3.60599500000000      -6.179471653923283E-002
   4.50699375000000        3.90632791666667      -5.542992981605549E-002
   4.50699375000000        4.20666083333333      -4.964719309718824E-002
   4.50699375000000        4.50699375000000      -4.441385423651971E-002
   4.50699375000000        4.80732666666667      -3.974897574448544E-002
   4.50699375000000        5.10765958333333      -3.565450753803646E-002
   4.50699375000000        5.40799250000000      -3.213395528080330E-002
   4.50699375000000        5.70832541666667      -2.922121724596746E-002
   4.50699375000000        6.00865833333333      -2.696262480061422E-002
   4.50699375000000        6.30899125000000      -2.539113684950171E-002
   4.50699375000000        6.60932416666667      -2.461141288776317E-002
   4.50699375000000        6.90965708333333      -2.447372587970000E-002
   4.50699375000000        7.20999000000000      -2.440095541801708E-002
   4.80732666666667       2.000000000000000E-003 -0.166382331735110     
   4.80732666666667       0.302332916666667      -0.167075222702995     
   4.80732666666667       0.602665833333333      -0.166727305113839     
   4.80732666666667       0.902998750000000      -0.162230822922060     
   4.80732666666667        1.20333166666667      -0.153038965323694     
   4.80732666666667        1.50366458333333      -0.140142105110560     
   4.80732666666667        1.80399750000000      -0.125109480046622     
   4.80732666666667        2.10433041666667      -0.109749824732355     
   4.80732666666667        2.40466333333333      -9.566118541774622E-002
   4.80732666666667        2.70499625000000      -8.376231106646208E-002
   4.80732666666667        3.00532916666667      -7.414617369044019E-002
   4.80732666666667        3.30566208333333      -6.633225396529224E-002
   4.80732666666667        3.60599500000000      -5.969992522222806E-002
   4.80732666666667        3.90632791666667      -5.380638178558445E-002
   4.80732666666667        4.20666083333333      -4.845547748891189E-002
   4.80732666666667        4.50699375000000      -4.359688185436760E-002
   4.80732666666667        4.80732666666667      -3.921039334456806E-002
   4.80732666666667        5.10765958333333      -3.527251902590451E-002
   4.80732666666667        5.40799250000000      -3.179294190122198E-002
   4.80732666666667        5.70832541666667      -2.884279023627132E-002
   4.80732666666667        6.00865833333333      -2.652599971938766E-002
   4.80732666666667        6.30899125000000      -2.491759172891862E-002
   4.80732666666667        6.60932416666667      -2.401160923269142E-002
   4.80732666666667        6.90965708333333      -2.365529245205791E-002
   4.80732666666667        7.20999000000000      -2.347787959677988E-002
   5.10765958333333       2.000000000000000E-003 -0.155036051609861     
   5.10765958333333       0.302332916666667      -0.154459076445439     
   5.10765958333333       0.602665833333333      -0.152101467747014     
   5.10765958333333       0.902998750000000      -0.146717543444791     
   5.10765958333333        1.20333166666667      -0.138106004289086     
   5.10765958333333        1.50366458333333      -0.126715918543870     
   5.10765958333333        1.80399750000000      -0.113660043724575     
   5.10765958333333        2.10433041666667      -0.100394964204236     
   5.10765958333333        2.40466333333333      -8.822692123747528E-002
   5.10765958333333        2.70499625000000      -7.789056936774413E-002
   5.10765958333333        3.00532916666667      -6.944635297930778E-002
   5.10765958333333        3.30566208333333      -6.250820644459101E-002
   5.10765958333333        3.60599500000000      -5.659316515377318E-002
   5.10765958333333        3.90632791666667      -5.135569444978583E-002
   5.10765958333333        4.20666083333333      -4.662112791283041E-002
   5.10765958333333        4.50699375000000      -4.230119818355888E-002
   5.10765958333333        4.80732666666667      -3.832105102599903E-002
   5.10765958333333        5.10765958333333      -3.462151564056112E-002
   5.10765958333333        5.40799250000000      -3.120714386944727E-002
   5.10765958333333        5.70832541666667      -2.817046120465715E-002
   5.10765958333333        6.00865833333333      -2.566048499057351E-002
   5.10765958333333        6.30899125000000      -2.382057527230651E-002
   5.10765958333333        6.60932416666667      -2.272369137435969E-002
   5.10765958333333        6.90965708333333      -2.229095003308666E-002
   5.10765958333333        7.20999000000000      -2.219962135250723E-002
   5.40799250000000       2.000000000000000E-003 -0.142212085355509     
   5.40799250000000       0.302332916666667      -0.141238284101256     
   5.40799250000000       0.602665833333333      -0.137922516637377     
   5.40799250000000       0.902998750000000      -0.131982620489883     
   5.40799250000000        1.20333166666667      -0.123373253702906     
   5.40799250000000        1.50366458333333      -0.112798124222549     
   5.40799250000000        1.80399750000000      -0.101356070147413     
   5.40799250000000        2.10433041666667      -9.002908885436074E-002
   5.40799250000000        2.40466333333333      -7.971213045406982E-002
   5.40799250000000        2.70499625000000      -7.090481844837161E-002
   5.40799250000000        3.00532916666667      -6.362678164484319E-002
   5.40799250000000        3.30566208333333      -5.759916951041064E-002
   5.40799250000000        3.60599500000000      -5.249300666625489E-002
   5.40799250000000        3.90632791666667      -4.805836718229346E-002
   5.40799250000000        4.20666083333333      -4.411441346627442E-002
   5.40799250000000        4.50699375000000      -4.049932726828256E-002
   5.40799250000000        4.80732666666667      -3.706001163614353E-002
   5.40799250000000        5.10765958333333      -3.368933764854728E-002
   5.40799250000000        5.40799250000000      -3.037133642783500E-002
   5.40799250000000        5.70832541666667      -2.719251930762992E-002
   5.40799250000000        6.00865833333333      -2.434303578154608E-002
   5.40799250000000        6.30899125000000      -2.220393182664985E-002
   5.40799250000000        6.60932416666667      -2.099419545394810E-002
   5.40799250000000        6.90965708333333      -2.063671209768603E-002
   5.40799250000000        7.20999000000000      -2.082279198028094E-002
   5.70832541666667       2.000000000000000E-003 -0.128769851729877     
   5.70832541666667       0.302332916666667      -0.127493800366655     
   5.70832541666667       0.602665833333333      -0.123615289135340     
   5.70832541666667       0.902998750000000      -0.117291359975388     
   5.70832541666667        1.20333166666667      -0.108899092224993     
   5.70832541666667        1.50366458333333      -9.915869285662054E-002
   5.70832541666667        1.80399750000000      -8.911558449648777E-002
   5.70832541666667        2.10433041666667      -7.954273526282149E-002
   5.70832541666667        2.40466333333333      -7.088445761205719E-002
   5.70832541666667        2.70499625000000      -6.339821553777482E-002
   5.70832541666667        3.00532916666667      -5.707703083663832E-002
   5.70832541666667        3.30566208333333      -5.179619625099775E-002
   5.70832541666667        3.60599500000000      -4.745298129728966E-002
   5.70832541666667        3.90632791666667      -4.392034191144687E-002
   5.70832541666667        4.20666083333333      -4.095172279093756E-002
   5.70832541666667        4.50699375000000      -3.822752541218688E-002
   5.70832541666667        4.80732666666667      -3.547454374906808E-002
   5.70832541666667        5.10765958333333      -3.253222109362840E-002
   5.70832541666667        5.40799250000000      -2.935292459326232E-002
   5.70832541666667        5.70832541666667      -2.599951083462215E-002
   5.70832541666667        6.00865833333333      -2.286905735745628E-002
   5.70832541666667        6.30899125000000      -2.047590608386294E-002
   5.70832541666667        6.60932416666667      -1.918423534581985E-002
   5.70832541666667        6.90965708333333      -1.900564041653696E-002
   5.70832541666667        7.20999000000000      -1.956140488961336E-002
   6.00865833333333       2.000000000000000E-003 -0.115854337193889     
   6.00865833333333       0.302332916666667      -0.114247512275639     
   6.00865833333333       0.602665833333333      -0.109705009305493     
   6.00865833333333       0.902998750000000      -0.103036519433770     
   6.00865833333333        1.20333166666667      -9.498733694266780E-002
   6.00865833333333        1.50366458333333      -8.624727499155344E-002
   6.00865833333333        1.80399750000000      -7.761291305381585E-002
   6.00865833333333        2.10433041666667      -6.972140330676380E-002
   6.00865833333333        2.40466333333333      -6.250813987893426E-002
   6.00865833333333        2.70499625000000      -5.599439335188866E-002
   6.00865833333333        3.00532916666667      -5.014315925072931E-002
   6.00865833333333        3.30566208333333      -4.509501606467350E-002
   6.00865833333333        3.60599500000000      -4.127553202915525E-002
   6.00865833333333        3.90632791666667      -3.874974033491745E-002
   6.00865833333333        4.20666083333333      -3.709694019656007E-002
   6.00865833333333        4.50699375000000      -3.555917548767512E-002
   6.00865833333333        4.80732666666667      -3.367616201079351E-002
   6.00865833333333        5.10765958333333      -3.128217805385686E-002
   6.00865833333333        5.40799250000000      -2.833536776479328E-002
   6.00865833333333        5.70832541666667      -2.495059790144534E-002
   6.00865833333333        6.00865833333333      -2.164297859547663E-002
   6.00865833333333        6.30899125000000      -1.911860340991065E-002
   6.00865833333333        6.60932416666667      -1.794765498864699E-002
   6.00865833333333        6.90965708333333      -1.809106624199206E-002
   6.00865833333333        7.20999000000000      -1.892465206435912E-002
   6.30899125000000       2.000000000000000E-003 -0.105918902318934     
   6.30899125000000       0.302332916666667      -0.103484631188468     
   6.30899125000000       0.602665833333333      -9.745385486535001E-002
   6.30899125000000       0.902998750000000      -8.999401043980640E-002
   6.30899125000000        1.20333166666667      -8.225689371778531E-002
   6.30899125000000        1.50366458333333      -7.460974271719466E-002
   6.30899125000000        1.80399750000000      -6.741910465705801E-002
   6.30899125000000        2.10433041666667      -6.110725562662737E-002
   6.30899125000000        2.40466333333333      -5.521025552956648E-002
   6.30899125000000        2.70499625000000      -4.923678747660720E-002
   6.30899125000000        3.00532916666667      -4.342671362234834E-002
   6.30899125000000        3.30566208333333      -3.852574392248972E-002
   6.30899125000000        3.60599500000000      -3.498107451353766E-002
   6.30899125000000        3.90632791666667      -3.309438405643113E-002
   6.30899125000000        4.20666083333333      -3.263939532382649E-002
   6.30899125000000        4.50699375000000      -3.261942195016260E-002
   6.30899125000000        4.80732666666667      -3.184884847976145E-002
   6.30899125000000        5.10765958333333      -3.013866090017178E-002
   6.30899125000000        5.40799250000000      -2.757715356383948E-002
   6.30899125000000        5.70832541666667      -2.432950401548077E-002
   6.30899125000000        6.00865833333333      -2.107249680869706E-002
   6.30899125000000        6.30899125000000      -1.881689156373919E-002
   6.30899125000000        6.60932416666667      -1.839786473762817E-002
   6.30899125000000        6.90965708333333      -1.926676182448454E-002
   6.30899125000000        7.20999000000000      -1.969707083111094E-002
   6.60932416666667       2.000000000000000E-003 -0.101231334337959     
   6.60932416666667       0.302332916666667      -9.706769098212138E-002
   6.60932416666667       0.602665833333333      -8.795791064230586E-002
   6.60932416666667       0.902998750000000      -7.887256523368290E-002
   6.60932416666667        1.20333166666667      -7.128832306875725E-002
   6.60932416666667        1.50366458333333      -6.474960800224960E-002
   6.60932416666667        1.80399750000000      -5.899953172786490E-002
   6.60932416666667        2.10433041666667      -5.408108589505625E-002
   6.60932416666667        2.40466333333333      -4.951578020838519E-002
   6.60932416666667        2.70499625000000      -4.433145403791998E-002
   6.60932416666667        3.00532916666667      -3.937757378545952E-002
   6.60932416666667        3.30566208333333      -3.478007318241793E-002
   6.60932416666667        3.60599500000000      -3.125122156633594E-002
   6.60932416666667        3.90632791666667      -2.914679972866441E-002
   6.60932416666667        4.20666083333333      -2.901502956986650E-002
   6.60932416666667        4.50699375000000      -2.995325343544661E-002
   6.60932416666667        4.80732666666667      -3.027582162100373E-002
   6.60932416666667        5.10765958333333      -2.930118681989409E-002
   6.60932416666667        5.40799250000000      -2.719517954880691E-002
   6.60932416666667        5.70832541666667      -2.430359853967732E-002
   6.60932416666667        6.00865833333333      -2.143578653264727E-002
   6.60932416666667        6.30899125000000      -1.998020156486999E-002
   6.60932416666667        6.60932416666667      -2.134458389979271E-002
   6.60932416666667        6.90965708333333      -2.372293997494308E-002
   6.60932416666667        7.20999000000000      -2.199917921535398E-002
   6.90965708333333       2.000000000000000E-003 -9.510495613526052E-002
   6.90965708333333       0.302332916666667      -8.995555838706494E-002
   6.90965708333333       0.602665833333333      -7.944462574453871E-002
   6.90965708333333       0.902998750000000      -6.959998212403526E-002
   6.90965708333333        1.20333166666667      -6.250261263748981E-002
   6.90965708333333        1.50366458333333      -5.704310035521105E-002
   6.90965708333333        1.80399750000000      -5.257769819972370E-002
   6.90965708333333        2.10433041666667      -4.902847936888539E-002
   6.90965708333333        2.40466333333333      -4.588330760861458E-002
   6.90965708333333        2.70499625000000      -4.268325147805637E-002
   6.90965708333333        3.00532916666667      -3.952953213278228E-002
   6.90965708333333        3.30566208333333      -3.604936708210856E-002
   6.90965708333333        3.60599500000000      -3.350670550521221E-002
   6.90965708333333        3.90632791666667      -2.955916803610363E-002
   6.90965708333333        4.20666083333333      -2.779798152673214E-002
   6.90965708333333        4.50699375000000      -2.861523650906051E-002
   6.90965708333333        4.80732666666667      -2.931244717914896E-002
   6.90965708333333        5.10765958333333      -2.879728448735840E-002
   6.90965708333333        5.40799250000000      -2.714561808031035E-002
   6.90965708333333        5.70832541666667      -2.478194840011383E-002
   6.90965708333333        6.00865833333333      -2.250872107821880E-002
   6.90965708333333        6.30899125000000      -2.178443314075149E-002
   6.90965708333333        6.60932416666667      -2.429771525623160E-002
   6.90965708333333        6.90965708333333      -2.667333342826478E-002
   6.90965708333333        7.20999000000000      -2.154924446403655E-002
   7.20999000000000       2.000000000000000E-003 -7.530710398599570E-002
   7.20999000000000       0.302332916666667      -7.221571700601413E-002
   7.20999000000000       0.602665833333333      -6.793852236372679E-002
   7.20999000000000       0.902998750000000      -6.165228517802331E-002
   7.20999000000000        1.20333166666667      -5.611584232159237E-002
   7.20999000000000        1.50366458333333      -5.162301985200551E-002
   7.20999000000000        1.80399750000000      -4.814497010399488E-002
   7.20999000000000        2.10433041666667      -4.572017727556268E-002
   7.20999000000000        2.40466333333333      -4.425412634448005E-002
   7.20999000000000        2.70499625000000      -4.359804853542251E-002
   7.20999000000000        3.00532916666667      -4.320288604951997E-002
   7.20999000000000        3.30566208333333      -4.084144448962591E-002
   7.20999000000000        3.60599500000000      -3.792043940070044E-002
   7.20999000000000        3.90632791666667      -3.324704512174789E-002
   7.20999000000000        4.20666083333333      -2.949565475635493E-002
   7.20999000000000        4.50699375000000      -2.902621438542623E-002
   7.20999000000000        4.80732666666667      -2.909734098437938E-002
   7.20999000000000        5.10765958333333      -2.851690983312414E-002
   7.20999000000000        5.40799250000000      -2.716342295396047E-002
   7.20999000000000        5.70832541666667      -2.535788221530539E-002
   7.20999000000000        6.00865833333333      -2.361164557091312E-002
   7.20999000000000        6.30899125000000      -2.270771813429528E-002
   7.20999000000000        6.60932416666667      -2.311814277232895E-002
   7.20999000000000        6.90965708333333      -2.230700361568857E-002
   7.20999000000000        7.20999000000000      -1.732972390184860E-002
