  2.000000000000000E-003  2.000000000000000E-003 -0.634551677170940     
  2.000000000000000E-003  0.302332916666667      -0.642626426919432     
  2.000000000000000E-003  0.602665833333333      -0.586025491736707     
  2.000000000000000E-003  0.902998750000000      -0.486897083738280     
  2.000000000000000E-003   1.20333166666667      -0.403486009791519     
  2.000000000000000E-003   1.50366458333333      -0.340067292316603     
  2.000000000000000E-003   1.80399750000000      -0.290556777609904     
  2.000000000000000E-003   2.10433041666667      -0.250202915466745     
  2.000000000000000E-003   2.40466333333333      -0.214980378425236     
  2.000000000000000E-003   2.70499625000000      -0.185339212180459     
  2.000000000000000E-003   3.00532916666667      -0.165701459012826     
  2.000000000000000E-003   3.30566208333333      -0.161979516227408     
  2.000000000000000E-003   3.60599500000000      -0.166640903650566     
  2.000000000000000E-003   3.90632791666667      -0.137719982194000     
  2.000000000000000E-003   4.20666083333333      -0.115289209370478     
  2.000000000000000E-003   4.50699375000000      -0.102781872688443     
  2.000000000000000E-003   4.80732666666667      -9.663760441169580E-002
  2.000000000000000E-003   5.10765958333333      -9.309040178087148E-002
  2.000000000000000E-003   5.40799250000000      -9.049501643605204E-002
  2.000000000000000E-003   5.70832541666667      -8.930011253432368E-002
  2.000000000000000E-003   6.00865833333333      -8.807059738717407E-002
  2.000000000000000E-003   6.30899125000000      -8.428462306857840E-002
  2.000000000000000E-003   6.60932416666667      -7.672023119430627E-002
  2.000000000000000E-003   6.90965708333333      -7.379926386942832E-002
  2.000000000000000E-003   7.20999000000000      -7.214156602095537E-002
  0.302332916666667       2.000000000000000E-003 -0.623994172848556     
  0.302332916666667       0.302332916666667      -0.595034223144304     
  0.302332916666667       0.602665833333333      -0.565624160614012     
  0.302332916666667       0.902998750000000      -0.497750678499310     
  0.302332916666667        1.20333166666667      -0.425426955815228     
  0.302332916666667        1.50366458333333      -0.363316694902357     
  0.302332916666667        1.80399750000000      -0.311736919403788     
  0.302332916666667        2.10433041666667      -0.268426465035708     
  0.302332916666667        2.40466333333333      -0.230659113619522     
  0.302332916666667        2.70499625000000      -0.198675215110715     
  0.302332916666667        3.00532916666667      -0.177159613301961     
  0.302332916666667        3.30566208333333      -0.171548129842077     
  0.302332916666667        3.60599500000000      -0.172288879237069     
  0.302332916666667        3.90632791666667      -0.149504627232960     
  0.302332916666667        4.20666083333333      -0.124884097407152     
  0.302332916666667        4.50699375000000      -0.109959566463798     
  0.302332916666667        4.80732666666667      -0.102165667959967     
  0.302332916666667        5.10765958333333      -9.713310842051529E-002
  0.302332916666667        5.40799250000000      -9.347140401700953E-002
  0.302332916666667        5.70832541666667      -9.125683923309599E-002
  0.302332916666667        6.00865833333333      -8.899123631395819E-002
  0.302332916666667        6.30899125000000      -8.451185632063836E-002
  0.302332916666667        6.60932416666667      -7.718365772480433E-002
  0.302332916666667        6.90965708333333      -7.377722805934459E-002
  0.302332916666667        7.20999000000000      -7.732636370656903E-002
  0.602665833333333       2.000000000000000E-003 -0.597998527509188     
  0.602665833333333       0.302332916666667      -0.578802266014372     
  0.602665833333333       0.602665833333333      -0.546157419806333     
  0.602665833333333       0.902998750000000      -0.497006959284822     
  0.602665833333333        1.20333166666667      -0.437841483259266     
  0.602665833333333        1.50366458333333      -0.380286270890320     
  0.602665833333333        1.80399750000000      -0.328957739707400     
  0.602665833333333        2.10433041666667      -0.284767902683758     
  0.602665833333333        2.40466333333333      -0.247397628572919     
  0.602665833333333        2.70499625000000      -0.216360262328275     
  0.602665833333333        3.00532916666667      -0.195342622897214     
  0.602665833333333        3.30566208333333      -0.185478946250545     
  0.602665833333333        3.60599500000000      -0.177773104482350     
  0.602665833333333        3.90632791666667      -0.159091807627621     
  0.602665833333333        4.20666083333333      -0.136395285591344     
  0.602665833333333        4.50699375000000      -0.119457888479960     
  0.602665833333333        4.80732666666667      -0.109108689911051     
  0.602665833333333        5.10765958333333      -0.101611371121519     
  0.602665833333333        5.40799250000000      -9.633167755239337E-002
  0.602665833333333        5.70832541666667      -9.254599660335235E-002
  0.602665833333333        6.00865833333333      -8.882254269314117E-002
  0.602665833333333        6.30899125000000      -8.387794179526219E-002
  0.602665833333333        6.60932416666667      -7.847549656110737E-002
  0.602665833333333        6.90965708333333      -7.750956274799414E-002
  0.602665833333333        7.20999000000000      -7.900321911964886E-002
  0.902998750000000       2.000000000000000E-003 -0.620838128136337     
  0.902998750000000       0.302332916666667      -0.602596457573039     
  0.902998750000000       0.602665833333333      -0.560703973087332     
  0.902998750000000       0.902998750000000      -0.507793654828642     
  0.902998750000000        1.20333166666667      -0.450211895012306     
  0.902998750000000        1.50366458333333      -0.393757291313955     
  0.902998750000000        1.80399750000000      -0.342306891998142     
  0.902998750000000        2.10433041666667      -0.297805916495201     
  0.902998750000000        2.40466333333333      -0.261203946356640     
  0.902998750000000        2.70499625000000      -0.231663381361708     
  0.902998750000000        3.00532916666667      -0.209669448780638     
  0.902998750000000        3.30566208333333      -0.194593823886063     
  0.902998750000000        3.60599500000000      -0.180853056676652     
  0.902998750000000        3.90632791666667      -0.163093800074456     
  0.902998750000000        4.20666083333333      -0.143462720011682     
  0.902998750000000        4.50699375000000      -0.127017215098226     
  0.902998750000000        4.80732666666667      -0.114961667721073     
  0.902998750000000        5.10765958333333      -0.105922992285637     
  0.902998750000000        5.40799250000000      -9.913718724857001E-002
  0.902998750000000        5.70832541666667      -9.386815568363339E-002
  0.902998750000000        6.00865833333333      -8.889922085871822E-002
  0.902998750000000        6.30899125000000      -8.362368505667440E-002
  0.902998750000000        6.60932416666667      -7.889270059352486E-002
  0.902998750000000        6.90965708333333      -7.649318471650800E-002
  0.902998750000000        7.20999000000000      -7.466962503166380E-002
   1.20333166666667       2.000000000000000E-003 -0.637129489725747     
   1.20333166666667       0.302332916666667      -0.620321574863927     
   1.20333166666667       0.602665833333333      -0.577108862847554     
   1.20333166666667       0.902998750000000      -0.521039446435479     
   1.20333166666667        1.20333166666667      -0.461355526444265     
   1.20333166666667        1.50366458333333      -0.403635270784451     
   1.20333166666667        1.80399750000000      -0.351258271014771     
   1.20333166666667        2.10433041666667      -0.306712871086467     
   1.20333166666667        2.40466333333333      -0.270476853981174     
   1.20333166666667        2.70499625000000      -0.241167080633854     
   1.20333166666667        3.00532916666667      -0.217853568851864     
   1.20333166666667        3.30566208333333      -0.199146232803648     
   1.20333166666667        3.60599500000000      -0.182146792194247     
   1.20333166666667        3.90632791666667      -0.164525364001217     
   1.20333166666667        4.20666083333333      -0.147000791790426     
   1.20333166666667        4.50699375000000      -0.131665673580677     
   1.20333166666667        4.80732666666667      -0.119296752198740     
   1.20333166666667        5.10765958333333      -0.109613485527111     
   1.20333166666667        5.40799250000000      -0.101942129742167     
   1.20333166666667        5.70832541666667      -9.559993046139147E-002
   1.20333166666667        6.00865833333333      -8.975340310790740E-002
   1.20333166666667        6.30899125000000      -8.406998196415906E-002
   1.20333166666667        6.60932416666667      -7.901379724302013E-002
   1.20333166666667        6.90965708333333      -7.516064029944435E-002
   1.20333166666667        7.20999000000000      -7.187048396231299E-002
   1.50366458333333       2.000000000000000E-003 -0.636726063911270     
   1.50366458333333       0.302332916666667      -0.621642806446974     
   1.50366458333333       0.602665833333333      -0.581271879476940     
   1.50366458333333       0.902998750000000      -0.526219201611872     
   1.50366458333333        1.20333166666667      -0.466088024176315     
   1.50366458333333        1.50366458333333      -0.407404949159731     
   1.50366458333333        1.80399750000000      -0.354772755973766     
   1.50366458333333        2.10433041666667      -0.311029103501944     
   1.50366458333333        2.40466333333333      -0.274993884243324     
   1.50366458333333        2.70499625000000      -0.245478928983789     
   1.50366458333333        3.00532916666667      -0.221276944457119     
   1.50366458333333        3.30566208333333      -0.200866180668474     
   1.50366458333333        3.60599500000000      -0.182550687722545     
   1.50366458333333        3.90632791666667      -0.165226404841920     
   1.50366458333333        4.20666083333333      -0.148985054382412     
   1.50366458333333        4.50699375000000      -0.134576362336328     
   1.50366458333333        4.80732666666667      -0.122498495315450     
   1.50366458333333        5.10765958333333      -0.112677839043840     
   1.50366458333333        5.40799250000000      -0.104613584235336     
   1.50366458333333        5.70832541666667      -9.765702325549097E-002
   1.50366458333333        6.00865833333333      -9.125723161285977E-002
   1.50366458333333        6.30899125000000      -8.521785059388821E-002
   1.50366458333333        6.60932416666667      -7.977524509763070E-002
   1.50366458333333        6.90965708333333      -7.517441489640479E-002
   1.50366458333333        7.20999000000000      -7.121200555571780E-002
   1.80399750000000       2.000000000000000E-003 -0.621411560998381     
   1.80399750000000       0.302332916666667      -0.608148797597858     
   1.80399750000000       0.602665833333333      -0.570866085078433     
   1.80399750000000       0.902998750000000      -0.518744050344326     
   1.80399750000000        1.20333166666667      -0.460132973130244     
   1.80399750000000        1.50366458333333      -0.402978992018846     
   1.80399750000000        1.80399750000000      -0.353070102737768     
   1.80399750000000        2.10433041666667      -0.310493913646618     
   1.80399750000000        2.40466333333333      -0.274851686048020     
   1.80399750000000        2.70499625000000      -0.245473273947395     
   1.80399750000000        3.00532916666667      -0.221217037099159     
   1.80399750000000        3.30566208333333      -0.200618244309059     
   1.80399750000000        3.60599500000000      -0.182309449731069     
   1.80399750000000        3.90632791666667      -0.165489906081137     
   1.80399750000000        4.20666083333333      -0.150090145915630     
   1.80399750000000        4.50699375000000      -0.136455498721712     
   1.80399750000000        4.80732666666667      -0.124843721433306     
   1.80399750000000        5.10765958333333      -0.115144308311149     
   1.80399750000000        5.40799250000000      -0.106924631636640     
   1.80399750000000        5.70832541666667      -9.966031079266699E-002
   1.80399750000000        6.00865833333333      -9.295882789747384E-002
   1.80399750000000        6.30899125000000      -8.669423637015321E-002
   1.80399750000000        6.60932416666667      -8.102651583173547E-002
   1.80399750000000        6.90965708333333      -7.608364886022548E-002
   1.80399750000000        7.20999000000000      -7.176340244687852E-002
   2.10433041666667       2.000000000000000E-003 -0.595255518024619     
   2.10433041666667       0.302332916666667      -0.581992054549884     
   2.10433041666667       0.602665833333333      -0.547172968291946     
   2.10433041666667       0.902998750000000      -0.497616506767347     
   2.10433041666667        1.20333166666667      -0.444537509712081     
   2.10433041666667        1.50366458333333      -0.393261848952785     
   2.10433041666667        1.80399750000000      -0.346330619169971     
   2.10433041666667        2.10433041666667      -0.305158608680070     
   2.10433041666667        2.40466333333333      -0.270381919710033     
   2.10433041666667        2.70499625000000      -0.241760995474943     
   2.10433041666667        3.00532916666667      -0.218243451789734     
   2.10433041666667        3.30566208333333      -0.198363923218169     
   2.10433041666667        3.60599500000000      -0.180807889509218     
   2.10433041666667        3.90632791666667      -0.164832296586573     
   2.10433041666667        4.20666083333333      -0.150317809703979     
   2.10433041666667        4.50699375000000      -0.137467563432936     
   2.10433041666667        4.80732666666667      -0.126405347202896     
   2.10433041666667        5.10765958333333      -0.116956872507902     
   2.10433041666667        5.40799250000000      -0.108711490455621     
   2.10433041666667        5.70832541666667      -0.101247559160069     
   2.10433041666667        6.00865833333333      -9.433022234232386E-002
   2.10433041666667        6.30899125000000      -8.795748618279969E-002
   2.10433041666667        6.60932416666667      -8.225031066437154E-002
   2.10433041666667        6.90965708333333      -7.726760364481750E-002
   2.10433041666667        7.20999000000000      -7.282323762206624E-002
   2.40466333333333       2.000000000000000E-003 -0.567890454514970     
   2.40466333333333       0.302332916666667      -0.554916782296855     
   2.40466333333333       0.602665833333333      -0.520439360143116     
   2.40466333333333       0.902998750000000      -0.475491937162931     
   2.40466333333333        1.20333166666667      -0.427166500715663     
   2.40466333333333        1.50366458333333      -0.379435941644659     
   2.40466333333333        1.80399750000000      -0.334932817697741     
   2.40466333333333        2.10433041666667      -0.295542404527994     
   2.40466333333333        2.40466333333333      -0.262291071231340     
   2.40466333333333        2.70499625000000      -0.235121514086628     
   2.40466333333333        3.00532916666667      -0.212999669233925     
   2.40466333333333        3.30566208333333      -0.194423164062424     
   2.40466333333333        3.60599500000000      -0.178063894754364     
   2.40466333333333        3.90632791666667      -0.163188301798819     
   2.40466333333333        4.20666083333333      -0.149664192628946     
   2.40466333333333        4.50699375000000      -0.137639545774325     
   2.40466333333333        4.80732666666667      -0.127164588430332     
   2.40466333333333        5.10765958333333      -0.118017074848277     
   2.40466333333333        5.40799250000000      -0.109799548524566     
   2.40466333333333        5.70832541666667      -0.102173962567345     
   2.40466333333333        6.00865833333333      -9.504132919720973E-002
   2.40466333333333        6.30899125000000      -8.855879974341110E-002
   2.40466333333333        6.60932416666667      -8.298831344577756E-002
   2.40466333333333        6.90965708333333      -7.837028561735788E-002
   2.40466333333333        7.20999000000000      -7.419097981032895E-002
   2.70499625000000       2.000000000000000E-003 -0.546546454653431     
   2.70499625000000       0.302332916666667      -0.535694888421652     
   2.70499625000000       0.602665833333333      -0.503960156287427     
   2.70499625000000       0.902998750000000      -0.457365878312827     
   2.70499625000000        1.20333166666667      -0.408272576701539     
   2.70499625000000        1.50366458333333      -0.362025100378334     
   2.70499625000000        1.80399750000000      -0.319720524247587     
   2.70499625000000        2.10433041666667      -0.282640608240171     
   2.70499625000000        2.40466333333333      -0.251609826493011     
   2.70499625000000        2.70499625000000      -0.226496865708169     
   2.70499625000000        3.00532916666667      -0.206223690354719     
   2.70499625000000        3.30566208333333      -0.189267441307266     
   2.70499625000000        3.60599500000000      -0.174312323819113     
   2.70499625000000        3.90632791666667      -0.160653854755316     
   2.70499625000000        4.20666083333333      -0.148171458138933     
   2.70499625000000        4.50699375000000      -0.136986572073019     
   2.70499625000000        4.80732666666667      -0.127099982845832     
   2.70499625000000        5.10765958333333      -0.118257176696658     
   2.70499625000000        5.40799250000000      -0.110077189727924     
   2.70499625000000        5.70832541666667      -0.102288900799449     
   2.70499625000000        6.00865833333333      -9.489515510835270E-002
   2.70499625000000        6.30899125000000      -8.821592272778217E-002
   2.70499625000000        6.60932416666667      -8.280280587117449E-002
   2.70499625000000        6.90965708333333      -7.884419731918470E-002
   2.70499625000000        7.20999000000000      -7.538168313452903E-002
   3.00532916666667       2.000000000000000E-003 -0.521658997474536     
   3.00532916666667       0.302332916666667      -0.514271351076368     
   3.00532916666667       0.602665833333333      -0.485733650307934     
   3.00532916666667       0.902998750000000      -0.439041632806343     
   3.00532916666667        1.20333166666667      -0.387654762509061     
   3.00532916666667        1.50366458333333      -0.341801345495583     
   3.00532916666667        1.80399750000000      -0.301842237465445     
   3.00532916666667        2.10433041666667      -0.267646134091088     
   3.00532916666667        2.40466333333333      -0.239408832591567     
   3.00532916666667        2.70499625000000      -0.216754932259875     
   3.00532916666667        3.00532916666667      -0.198549107638568     
   3.00532916666667        3.30566208333333      -0.183305486238537     
   3.00532916666667        3.60599500000000      -0.169783089748614     
   3.00532916666667        3.90632791666667      -0.157345136727873     
   3.00532916666667        4.20666083333333      -0.145897554937727     
   3.00532916666667        4.50699375000000      -0.135538773250017     
   3.00532916666667        4.80732666666667      -0.126225060234735     
   3.00532916666667        5.10765958333333      -0.117680615736723     
   3.00532916666667        5.40799250000000      -0.109546618425155     
   3.00532916666667        5.70832541666667      -0.101594969794477     
   3.00532916666667        6.00865833333333      -9.384162750917908E-002
   3.00532916666667        6.30899125000000      -8.663949570894579E-002
   3.00532916666667        6.60932416666667      -8.102476895856249E-002
   3.00532916666667        6.90965708333333      -7.790557794437310E-002
   3.00532916666667        7.20999000000000      -7.572551584217509E-002
   3.30566208333333       2.000000000000000E-003 -0.498104141303313     
   3.30566208333333       0.302332916666667      -0.496831900521976     
   3.30566208333333       0.602665833333333      -0.468297472869794     
   3.30566208333333       0.902998750000000      -0.417669327385855     
   3.30566208333333        1.20333166666667      -0.364539787681801     
   3.30566208333333        1.50366458333333      -0.319275065087816     
   3.30566208333333        1.80399750000000      -0.282264099686576     
   3.30566208333333        2.10433041666667      -0.251519855398197     
   3.30566208333333        2.40466333333333      -0.226468141722476     
   3.30566208333333        2.70499625000000      -0.206464441118784     
   3.30566208333333        3.00532916666667      -0.190360619475373     
   3.30566208333333        3.30566208333333      -0.176781714966013     
   3.30566208333333        3.60599500000000      -0.164625811129192     
   3.30566208333333        3.90632791666667      -0.153355641952322     
   3.30566208333333        4.20666083333333      -0.142906307654820     
   3.30566208333333        4.50699375000000      -0.133347092868871     
   3.30566208333333        4.80732666666667      -0.124592127052440     
   3.30566208333333        5.10765958333333      -0.116357012274536     
   3.30566208333333        5.40799250000000      -0.108315863903842     
   3.30566208333333        5.70832541666667      -0.100268156996201     
   3.30566208333333        6.00865833333333      -9.213096026635559E-002
   3.30566208333333        6.30899125000000      -8.420830972806452E-002
   3.30566208333333        6.60932416666667      -7.785888603980806E-002
   3.30566208333333        6.90965708333333      -7.511430263530729E-002
   3.30566208333333        7.20999000000000      -7.423014749334392E-002
   3.60599500000000       2.000000000000000E-003 -0.465489430660703     
   3.60599500000000       0.302332916666667      -0.468910490306535     
   3.60599500000000       0.602665833333333      -0.438322950527639     
   3.60599500000000       0.902998750000000      -0.387326897328770     
   3.60599500000000        1.20333166666667      -0.336325818900534     
   3.60599500000000        1.50366458333333      -0.294262665840677     
   3.60599500000000        1.80399750000000      -0.261444623187400     
   3.60599500000000        2.10433041666667      -0.234752530592796     
   3.60599500000000        2.40466333333333      -0.213150957080963     
   3.60599500000000        2.70499625000000      -0.195864527307821     
   3.60599500000000        3.00532916666667      -0.181818563403036     
   3.60599500000000        3.30566208333333      -0.169817076708220     
   3.60599500000000        3.60599500000000      -0.158943923606874     
   3.60599500000000        3.90632791666667      -0.148778705271861     
   3.60599500000000        4.20666083333333      -0.139281577543822     
   3.60599500000000        4.50699375000000      -0.130488372428809     
   3.60599500000000        4.80732666666667      -0.122280780981746     
   3.60599500000000        5.10765958333333      -0.114386514413155     
   3.60599500000000        5.40799250000000      -0.106536223818663     
   3.60599500000000        5.70832541666667      -9.858404914839296E-002
   3.60599500000000        6.00865833333333      -9.040851052046647E-002
   3.60599500000000        6.30899125000000      -8.230265374887120E-002
   3.60599500000000        6.60932416666667      -7.561845255589621E-002
   3.60599500000000        6.90965708333333      -7.269690124996932E-002
   3.60599500000000        7.20999000000000      -7.151127829167118E-002
   3.90632791666667       2.000000000000000E-003 -0.387362320540465     
   3.90632791666667       0.302332916666667      -0.392826933730032     
   3.90632791666667       0.602665833333333      -0.377737941201380     
   3.90632791666667       0.902998750000000      -0.341404333385435     
   3.90632791666667        1.20333166666667      -0.300958507638156     
   3.90632791666667        1.50366458333333      -0.266631674004669     
   3.90632791666667        1.80399750000000      -0.239599426148034     
   3.90632791666667        2.10433041666667      -0.217531087922336     
   3.90632791666667        2.40466333333333      -0.199575211235044     
   3.90632791666667        2.70499625000000      -0.185040726341155     
   3.90632791666667        3.00532916666667      -0.173013800380539     
   3.90632791666667        3.30566208333333      -0.162524004511467     
   3.90632791666667        3.60599500000000      -0.152865492737890     
   3.90632791666667        3.90632791666667      -0.143740853392019     
   3.90632791666667        4.20666083333333      -0.135134113054596     
   3.90632791666667        4.50699375000000      -0.127054892770572     
   3.90632791666667        4.80732666666667      -0.119373147651807     
   3.90632791666667        5.10765958333333      -0.111855850366563     
   3.90632791666667        5.40799250000000      -0.104318372835175     
   3.90632791666667        5.70832541666667      -9.672148970237772E-002
   3.90632791666667        6.00865833333333      -8.908735408991741E-002
   3.90632791666667        6.30899125000000      -8.180725008718986E-002
   3.90632791666667        6.60932416666667      -7.631533837336354E-002
   3.90632791666667        6.90965708333333      -7.443252818463761E-002
   3.90632791666667        7.20999000000000      -7.406643154865909E-002
   4.20666083333333       2.000000000000000E-003 -0.303672137618151     
   4.20666083333333       0.302332916666667      -0.307761146942310     
   4.20666083333333       0.602665833333333      -0.305089382754323     
   4.20666083333333       0.902998750000000      -0.287196221828977     
   4.20666083333333        1.20333166666667      -0.261597344008717     
   4.20666083333333        1.50366458333333      -0.237677390932454     
   4.20666083333333        1.80399750000000      -0.217294773421573     
   4.20666083333333        2.10433041666667      -0.200142957104122     
   4.20666083333333        2.40466333333333      -0.185922109991182     
   4.20666083333333        2.70499625000000      -0.174147340472732     
   4.20666083333333        3.00532916666667      -0.164107399657884     
   4.20666083333333        3.30566208333333      -0.155074315945349     
   4.20666083333333        3.60599500000000      -0.146557921594351     
   4.20666083333333        3.90632791666667      -0.138385264791774     
   4.20666083333333        4.20666083333333      -0.130572280209188     
   4.20666083333333        4.50699375000000      -0.123124050730999     
   4.20666083333333        4.80732666666667      -0.115929114479636     
   4.20666083333333        5.10765958333333      -0.108816779545824     
   4.20666083333333        5.40799250000000      -0.101696814024423     
   4.20666083333333        5.70832541666667      -9.464419516474851E-002
   4.20666083333333        6.00865833333333      -8.787256240816541E-002
   4.20666083333333        6.30899125000000      -8.181955876254747E-002
   4.20666083333333        6.60932416666667      -7.763451022602740E-002
   4.20666083333333        6.90965708333333      -7.605744244311664E-002
   4.20666083333333        7.20999000000000      -7.507699804028256E-002
   4.50699375000000       2.000000000000000E-003 -0.241932429181602     
   4.50699375000000       0.302332916666667      -0.244448948304537     
   4.50699375000000       0.602665833333333      -0.245679602602125     
   4.50699375000000       0.902998750000000      -0.238740495561584     
   4.50699375000000        1.20333166666667      -0.224989253717853     
   4.50699375000000        1.50366458333333      -0.209812256920775     
   4.50699375000000        1.80399750000000      -0.195647219134353     
   4.50699375000000        2.10433041666667      -0.183222170168875     
   4.50699375000000        2.40466333333333      -0.172607388611056     
   4.50699375000000        2.70499625000000      -0.163485377091509     
   4.50699375000000        3.00532916666667      -0.155331611104756     
   4.50699375000000        3.30566208333333      -0.147649144644225     
   4.50699375000000        3.60599500000000      -0.140154750736958     
   4.50699375000000        3.90632791666667      -0.132800826970792     
   4.50699375000000        4.20666083333333      -0.125651346288749     
   4.50699375000000        4.50699375000000      -0.118735065657328     
   4.50699375000000        4.80732666666667      -0.111985660563969     
   4.50699375000000        5.10765958333333      -0.105303851090931     
   4.50699375000000        5.40799250000000      -9.867618503456121E-002
   4.50699375000000        5.70832541666667      -9.224158261958543E-002
   4.50699375000000        6.00865833333333      -8.627086916814095E-002
   4.50699375000000        6.30899125000000      -8.114445306779576E-002
   4.50699375000000        6.60932416666667      -7.741253235762680E-002
   4.50699375000000        6.90965708333333      -7.515976943981666E-002
   4.50699375000000        7.20999000000000      -7.305831716522670E-002
   4.80732666666667       2.000000000000000E-003 -0.202969076807335     
   4.80732666666667       0.302332916666667      -0.204500496073291     
   4.80732666666667       0.602665833333333      -0.205698472761081     
   4.80732666666667       0.902998750000000      -0.201992919074037     
   4.80732666666667        1.20333166666667      -0.194310068095244     
   4.80732666666667        1.50366458333333      -0.185091415975610     
   4.80732666666667        1.80399750000000      -0.175955227889205     
   4.80732666666667        2.10433041666667      -0.167613760351571     
   4.80732666666667        2.40466333333333      -0.160173028819636     
   4.80732666666667        2.70499625000000      -0.153381078869651     
   4.80732666666667        3.00532916666667      -0.146860652007449     
   4.80732666666667        3.30566208333333      -0.140319047046702     
   4.80732666666667        3.60599500000000      -0.133661316583329     
   4.80732666666667        3.90632791666667      -0.126962184693519     
   4.80732666666667        4.20666083333333      -0.120347638912245     
   4.80732666666667        4.50699375000000      -0.113888843122874     
   4.80732666666667        4.80732666666667      -0.107574005309695     
   4.80732666666667        5.10765958333333      -0.101366519253198     
   4.80732666666667        5.40799250000000      -9.529625242495789E-002
   4.80732666666667        5.70832541666667      -8.950252841645187E-002
   4.80732666666667        6.00865833333333      -8.420204511825169E-002
   4.80732666666667        6.30899125000000      -7.962202799666980E-002
   4.80732666666667        6.60932416666667      -7.592250288176956E-002
   4.80732666666667        6.90965708333333      -7.299717635634551E-002
   4.80732666666667        7.20999000000000      -7.015576149480389E-002
   5.10765958333333       2.000000000000000E-003 -0.177497223530745     
   5.10765958333333       0.302332916666667      -0.177537762695192     
   5.10765958333333       0.602665833333333      -0.176628560579218     
   5.10765958333333       0.902998750000000      -0.174137471112416     
   5.10765958333333        1.20333166666667      -0.169841729285132     
   5.10765958333333        1.50366458333333      -0.164580665328514     
   5.10765958333333        1.80399750000000      -0.159161017508966     
   5.10765958333333        2.10433041666667      -0.153967064976895     
   5.10765958333333        2.40466333333333      -0.148981998375714     
   5.10765958333333        2.70499625000000      -0.143965844036191     
   5.10765958333333        3.00532916666667      -0.138664849438524     
   5.10765958333333        3.30566208333333      -0.132965408634407     
   5.10765958333333        3.60599500000000      -0.126934649197082     
   5.10765958333333        3.90632791666667      -0.120751877991878     
   5.10765958333333        4.20666083333333      -0.114599020499256     
   5.10765958333333        4.50699375000000      -0.108587005021006     
   5.10765958333333        4.80732666666667      -0.102749363249899     
   5.10765958333333        5.10765958333333      -9.709111909626111E-002
   5.10765958333333        5.40799250000000      -9.165019190988373E-002
   5.10765958333333        5.70832541666667      -8.652086061876996E-002
   5.10765958333333        6.00865833333333      -8.182596562690574E-002
   5.10765958333333        6.30899125000000      -7.766360015023357E-002
   5.10765958333333        6.60932416666667      -7.404942547655867E-002
   5.10765958333333        6.90965708333333      -7.085543962043322E-002
   5.10765958333333        7.20999000000000      -6.772185447296518E-002
   5.40799250000000       2.000000000000000E-003 -0.157803586538840     
   5.40799250000000       0.302332916666667      -0.157266249496184     
   5.40799250000000       0.602665833333333      -0.155717737344099     
   5.40799250000000       0.902998750000000      -0.153452225033410     
   5.40799250000000        1.20333166666667      -0.150976067577968     
   5.40799250000000        1.50366458333333      -0.148366451003210     
   5.40799250000000        1.80399750000000      -0.145463695028049     
   5.40799250000000        2.10433041666667      -0.142367668566907     
   5.40799250000000        2.40466333333333      -0.138964991673055     
   5.40799250000000        2.70499625000000      -0.135045012308411     
   5.40799250000000        3.00532916666667      -0.130480231487747     
   5.40799250000000        3.30566208333333      -0.125320688658166     
   5.40799250000000        3.60599500000000      -0.119765491983223     
   5.40799250000000        3.90632791666667      -0.114057733318679     
   5.40799250000000        4.20666083333333      -0.108394751219950     
   5.40799250000000        4.50699375000000      -0.102898512166502     
   5.40799250000000        4.80732666666667      -9.762803340633097E-002
   5.40799250000000        5.10765958333333      -9.260905317440428E-002
   5.40799250000000        5.40799250000000      -8.786292610716384E-002
   5.40799250000000        5.70832541666667      -8.341688515360714E-002
   5.40799250000000        6.00865833333333      -7.930494566589662E-002
   5.40799250000000        6.30899125000000      -7.561794886645049E-002
   5.40799250000000        6.60932416666667      -7.238149667265095E-002
   5.40799250000000        6.90965708333333      -6.942982255869612E-002
   5.40799250000000        7.20999000000000      -6.642595774694109E-002
   5.70832541666667       2.000000000000000E-003 -0.143078382012053     
   5.70832541666667       0.302332916666667      -0.142482094525587     
   5.70832541666667       0.602665833333333      -0.140824331759292     
   5.70832541666667       0.902998750000000      -0.138751796247365     
   5.70832541666667        1.20333166666667      -0.136992754523861     
   5.70832541666667        1.50366458333333      -0.135703447022362     
   5.70832541666667        1.80399750000000      -0.134274108186702     
   5.70832541666667        2.10433041666667      -0.132298994885879     
   5.70832541666667        2.40466333333333      -0.129653539814941     
   5.70832541666667        2.70499625000000      -0.126197807646141     
   5.70832541666667        3.00532916666667      -0.121941787227455     
   5.70832541666667        3.30566208333333      -0.117103625894032     
   5.70832541666667        3.60599500000000      -0.112002761027534     
   5.70832541666667        3.90632791666667      -0.106880568602533     
   5.70832541666667        4.20666083333333      -0.101856477742432     
   5.70832541666667        4.50699375000000      -9.700766198733712E-002
   5.70832541666667        4.80732666666667      -9.240358717983607E-002
   5.70832541666667        5.10765958333333      -8.808796979886559E-002
   5.70832541666667        5.40799250000000      -8.406315543839163E-002
   5.70832541666667        5.70832541666667      -8.030624862797722E-002
   5.70832541666667        6.00865833333333      -7.686251431148237E-002
   5.70832541666667        6.30899125000000      -7.380748638158872E-002
   5.70832541666667        6.60932416666667      -7.124684700559644E-002
   5.70832541666667        6.90965708333333      -6.899779599720136E-002
   5.70832541666667        7.20999000000000      -6.639853470913835E-002
   6.00865833333333       2.000000000000000E-003 -0.128968828592859     
   6.00865833333333       0.302332916666667      -0.129031096634823     
   6.00865833333333       0.602665833333333      -0.128487409249061     
   6.00865833333333       0.902998750000000      -0.127166564286655     
   6.00865833333333        1.20333166666667      -0.125939839513921     
   6.00865833333333        1.50366458333333      -0.125257680374704     
   6.00865833333333        1.80399750000000      -0.124563391765725     
   6.00865833333333        2.10433041666667      -0.122992120456184     
   6.00865833333333        2.40466333333333      -0.120509693280963     
   6.00865833333333        2.70499625000000      -0.117059061030149     
   6.00865833333333        3.00532916666667      -0.112765303040784     
   6.00865833333333        3.30566208333333      -0.108079402457689     
   6.00865833333333        3.60599500000000      -0.103573867249627     
   6.00865833333333        3.90632791666667      -9.936302910720229E-002
   6.00865833333333        4.20666083333333      -9.525765777439349E-002
   6.00865833333333        4.50699375000000      -9.120436432471228E-002
   6.00865833333333        4.80732666666667      -8.731862246267554E-002
   6.00865833333333        5.10765958333333      -8.370116787174828E-002
   6.00865833333333        5.40799250000000      -8.037228368059358E-002
   6.00865833333333        5.70832541666667      -7.738235751379334E-002
   6.00865833333333        6.00865833333333      -7.467249374945921E-002
   6.00865833333333        6.30899125000000      -7.232637202219969E-002
   6.00865833333333        6.60932416666667      -7.070858932554958E-002
   6.00865833333333        6.90965708333333      -6.979175648840634E-002
   6.00865833333333        7.20999000000000      -6.803587998769402E-002
   6.30899125000000       2.000000000000000E-003 -0.108940620697557     
   6.30899125000000       0.302332916666667      -0.111930694498645     
   6.30899125000000       0.602665833333333      -0.115851037389334     
   6.30899125000000       0.902998750000000      -0.116721847201642     
   6.30899125000000        1.20333166666667      -0.116190447043144     
   6.30899125000000        1.50366458333333      -0.115796018724002     
   6.30899125000000        1.80399750000000      -0.115347320427261     
   6.30899125000000        2.10433041666667      -0.113925538930388     
   6.30899125000000        2.40466333333333      -0.111328936806588     
   6.30899125000000        2.70499625000000      -0.107597596959452     
   6.30899125000000        3.00532916666667      -0.102910486972464     
   6.30899125000000        3.30566208333333      -9.836513491743155E-002
   6.30899125000000        3.60599500000000      -9.485972977926292E-002
   6.30899125000000        3.90632791666667      -9.201722249734184E-002
   6.30899125000000        4.20666083333333      -8.904313942881191E-002
   6.30899125000000        4.50699375000000      -8.581414342927288E-002
   6.30899125000000        4.80732666666667      -8.259405612741728E-002
   6.30899125000000        5.10765958333333      -7.957669962463079E-002
   6.30899125000000        5.40799250000000      -7.694549017042657E-002
   6.30899125000000        5.70832541666667      -7.480364161672187E-002
   6.30899125000000        6.00865833333333      -7.293136144878609E-002
   6.30899125000000        6.30899125000000      -7.127253557822943E-002
   6.30899125000000        6.60932416666667      -7.051748048380754E-002
   6.30899125000000        6.90965708333333      -7.168345612195409E-002
   6.30899125000000        7.20999000000000      -7.173982144675077E-002
   6.60932416666667       2.000000000000000E-003 -8.184199617791564E-002
   6.60932416666667       0.302332916666667      -9.189785794877031E-002
   6.60932416666667       0.602665833333333      -0.104125375103207     
   6.60932416666667       0.902998750000000      -0.107558830372030     
   6.60932416666667        1.20333166666667      -0.107374066906142     
   6.60932416666667        1.50366458333333      -0.106960122525103     
   6.60932416666667        1.80399750000000      -0.106466450760434     
   6.60932416666667        2.10433041666667      -0.105110937332969     
   6.60932416666667        2.40466333333333      -0.102445977003054     
   6.60932416666667        2.70499625000000      -9.840124370952091E-002
   6.60932416666667        3.00532916666667      -9.341843969744250E-002
   6.60932416666667        3.30566208333333      -8.932816570715607E-002
   6.60932416666667        3.60599500000000      -8.749715680940486E-002
   6.60932416666667        3.90632791666667      -8.624903284364216E-002
   6.60932416666667        4.20666083333333      -8.407015537639860E-002
   6.60932416666667        4.50699375000000      -8.119247650634367E-002
   6.60932416666667        4.80732666666667      -7.834606089400527E-002
   6.60932416666667        5.10765958333333      -7.574823055715252E-002
   6.60932416666667        5.40799250000000      -7.380816447499713E-002
   6.60932416666667        5.70832541666667      -7.262683616939132E-002
   6.60932416666667        6.00865833333333      -7.189888728292620E-002
   6.60932416666667        6.30899125000000      -7.111586647929713E-002
   6.60932416666667        6.60932416666667      -7.041189136697711E-002
   6.60932416666667        6.90965708333333      -7.292946712642306E-002
   6.60932416666667        7.20999000000000      -7.636581414837777E-002
   6.90965708333333       2.000000000000000E-003 -7.828126514438326E-002
   6.90965708333333       0.302332916666667      -8.813101049090173E-002
   6.90965708333333       0.602665833333333      -9.975869496969572E-002
   6.90965708333333       0.902998750000000      -0.101055743314280     
   6.90965708333333        1.20333166666667      -9.984330857996732E-002
   6.90965708333333        1.50366458333333      -9.901896315492660E-002
   6.90965708333333        1.80399750000000      -9.831384165541472E-002
   6.90965708333333        2.10433041666667      -9.698096377945106E-002
   6.90965708333333        2.40466333333333      -9.457443229315395E-002
   6.90965708333333        2.70499625000000      -9.083018077581120E-002
   6.90965708333333        3.00532916666667      -8.642748415705319E-002
   6.90965708333333        3.30566208333333      -8.382840194720298E-002
   6.90965708333333        3.60599500000000      -8.436240188391761E-002
   6.90965708333333        3.90632791666667      -8.323895074476080E-002
   6.90965708333333        4.20666083333333      -8.070916922924533E-002
   6.90965708333333        4.50699375000000      -7.751656025687026E-002
   6.90965708333333        4.80732666666667      -7.453663487769852E-002
   6.90965708333333        5.10765958333333      -7.216763879179845E-002
   6.90965708333333        5.40799250000000      -7.076354618390150E-002
   6.90965708333333        5.70832541666667      -7.053368968223585E-002
   6.90965708333333        6.00865833333333      -7.129795605055549E-002
   6.90965708333333        6.30899125000000      -7.241022877854268E-002
   6.90965708333333        6.60932416666667      -7.236378119821674E-002
   6.90965708333333        6.90965708333333      -7.121531141573069E-002
   6.90965708333333        7.20999000000000      -7.456776600955349E-002
   7.20999000000000       2.000000000000000E-003 -9.048754291664947E-002
   7.20999000000000       0.302332916666667      -9.607699196723817E-002
   7.20999000000000       0.602665833333333      -9.861717395133765E-002
   7.20999000000000       0.902998750000000      -9.579451861891307E-002
   7.20999000000000        1.20333166666667      -9.344703122006297E-002
   7.20999000000000        1.50366458333333      -9.218412396180248E-002
   7.20999000000000        1.80399750000000      -9.124548955035869E-002
   7.20999000000000        2.10433041666667      -9.000674595865378E-002
   7.20999000000000        2.40466333333333      -8.822979380611448E-002
   7.20999000000000        2.70499625000000      -8.579043635377086E-002
   7.20999000000000        3.00532916666667      -8.350671927024414E-002
   7.20999000000000        3.30566208333333      -8.303724660125812E-002
   7.20999000000000        3.60599500000000      -8.295113728412498E-002
   7.20999000000000        3.90632791666667      -8.064147008067431E-002
   7.20999000000000        4.20666083333333      -7.802017289297279E-002
   7.20999000000000        4.50699375000000      -7.430472009902939E-002
   7.20999000000000        4.80732666666667      -7.098303459598287E-002
   7.20999000000000        5.10765958333333      -6.861331034314869E-002
   7.20999000000000        5.40799250000000      -6.747924323703074E-002
   7.20999000000000        5.70832541666667      -6.776424309578724E-002
   7.20999000000000        6.00865833333333      -6.944950392998660E-002
   7.20999000000000        6.30899125000000      -7.225215074571312E-002
   7.20999000000000        6.60932416666667      -7.492514884161251E-002
   7.20999000000000        6.90965708333333      -7.345883569620222E-002
   7.20999000000000        7.20999000000000      -6.661971487816221E-002
