  2.000000000000000E-003  2.000000000000000E-003  -1.30200382964975     
  2.000000000000000E-003  0.302332916666667       -1.55145299874229     
  2.000000000000000E-003  0.602665833333333       -1.46151286029135     
  2.000000000000000E-003  0.902998750000000       -1.11058407432986     
  2.000000000000000E-003   1.20333166666667      -0.778736496554942     
  2.000000000000000E-003   1.50366458333333      -0.523416405215547     
  2.000000000000000E-003   1.80399750000000      -0.338880000078954     
  2.000000000000000E-003   2.10433041666667      -0.210737047142804     
  2.000000000000000E-003   2.40466333333333      -0.119869998641227     
  2.000000000000000E-003   2.70499625000000      -5.727087664311695E-002
  2.000000000000000E-003   3.00532916666667      -2.539595408168798E-002
  2.000000000000000E-003   3.30566208333333      -1.991403066365958E-002
  2.000000000000000E-003   3.60599500000000      -3.997537302050060E-002
  2.000000000000000E-003   3.90632791666667       2.264695281567129E-002
  2.000000000000000E-003   4.20666083333333       5.675310527112033E-002
  2.000000000000000E-003   4.50699375000000       5.153556788458363E-002
  2.000000000000000E-003   4.80732666666667       3.048842317444032E-002
  2.000000000000000E-003   5.10765958333333       8.593676116297711E-003
  2.000000000000000E-003   5.40799250000000      -8.736608965728794E-003
  2.000000000000000E-003   5.70832541666667      -2.303669785960837E-002
  2.000000000000000E-003   6.00865833333333      -3.056816550404685E-002
  2.000000000000000E-003   6.30899125000000      -2.503881815365167E-002
  2.000000000000000E-003   6.60932416666667      -5.402746660338874E-003
  2.000000000000000E-003   6.90965708333333      -1.010337325610157E-003
  2.000000000000000E-003   7.20999000000000      -1.023078707063974E-003
  0.302332916666667       2.000000000000000E-003  -1.55202884084622     
  0.302332916666667       0.302332916666667       -1.26338470670086     
  0.302332916666667       0.602665833333333       -1.16560834497886     
  0.302332916666667       0.902998750000000      -0.960649110567515     
  0.302332916666667        1.20333166666667      -0.709114554780769     
  0.302332916666667        1.50366458333333      -0.491404133414318     
  0.302332916666667        1.80399750000000      -0.325288978121982     
  0.302332916666667        2.10433041666667      -0.207281802993470     
  0.302332916666667        2.40466333333333      -0.123351327492697     
  0.302332916666667        2.70499625000000      -6.538084174128508E-002
  0.302332916666667        3.00532916666667      -3.970728812927468E-002
  0.302332916666667        3.30566208333333      -4.049353805898402E-002
  0.302332916666667        3.60599500000000      -4.128100701933847E-002
  0.302332916666667        3.90632791666667       5.055751957214373E-003
  0.302332916666667        4.20666083333333       4.016839733783700E-002
  0.302332916666667        4.50699375000000       4.131538542482642E-002
  0.302332916666667        4.80732666666667       2.492057722426554E-002
  0.302332916666667        5.10765958333333       6.667640565481006E-003
  0.302332916666667        5.40799250000000      -8.739933221874904E-003
  0.302332916666667        5.70832541666667      -2.150239564554159E-002
  0.302332916666667        6.00865833333333      -2.769648452606615E-002
  0.302332916666667        6.30899125000000      -2.163134520243740E-002
  0.302332916666667        6.60932416666667      -2.997784119461396E-003
  0.302332916666667        6.90965708333333       7.211827383705439E-003
  0.302332916666667        7.20999000000000      -1.511557945044525E-003
  0.602665833333333       2.000000000000000E-003  -1.46225619221895     
  0.602665833333333       0.302332916666667       -1.16602585756161     
  0.602665833333333       0.602665833333333      -0.883278902983714     
  0.602665833333333       0.902998750000000      -0.726234792282092     
  0.602665833333333        1.20333166666667      -0.570400469167042     
  0.602665833333333        1.50366458333333      -0.419496370693723     
  0.602665833333333        1.80399750000000      -0.292457292797756     
  0.602665833333333        2.10433041666667      -0.196951428944571     
  0.602665833333333        2.40466333333333      -0.129000951917749     
  0.602665833333333        2.70499625000000      -8.077373005401488E-002
  0.602665833333333        3.00532916666667      -6.165653318308915E-002
  0.602665833333333        3.30566208333333      -6.183553573287919E-002
  0.602665833333333        3.60599500000000      -5.439473091133747E-002
  0.602665833333333        3.90632791666667      -2.158802409898468E-002
  0.602665833333333        4.20666083333333       9.527938636889246E-003
  0.602665833333333        4.50699375000000       1.911521982485166E-002
  0.602665833333333        4.80732666666667       1.227035178029629E-002
  0.602665833333333        5.10765958333333       2.071184162847552E-003
  0.602665833333333        5.40799250000000      -8.855826281646585E-003
  0.602665833333333        5.70832541666667      -1.799128137348659E-002
  0.602665833333333        6.00865833333333      -2.130481879245539E-002
  0.602665833333333        6.30899125000000      -1.529229851142932E-002
  0.602665833333333        6.60932416666667      -2.747755567066551E-003
  0.602665833333333        6.90965708333333       5.020704906788798E-004
  0.602665833333333        7.20999000000000      -7.166855781518065E-003
  0.902998750000000       2.000000000000000E-003  -1.11112443951519     
  0.902998750000000       0.302332916666667      -0.961053059478537     
  0.902998750000000       0.602665833333333      -0.726403093235345     
  0.902998750000000       0.902998750000000      -0.567470795706267     
  0.902998750000000        1.20333166666667      -0.449785975505312     
  0.902998750000000        1.50366458333333      -0.345419369772953     
  0.902998750000000        1.80399750000000      -0.254306201966042     
  0.902998750000000        2.10433041666667      -0.182615714401913     
  0.902998750000000        2.40466333333333      -0.129112605152775     
  0.902998750000000        2.70499625000000      -9.193627894914772E-002
  0.902998750000000        3.00532916666667      -7.358200711967630E-002
  0.902998750000000        3.30566208333333      -6.772424651774255E-002
  0.902998750000000        3.60599500000000      -5.750608991366146E-002
  0.902998750000000        3.90632791666667      -3.530754402805184E-002
  0.902998750000000        4.20666083333333      -1.240650817566799E-002
  0.902998750000000        4.50699375000000      -8.573282914023563E-004
  0.902998750000000        4.80732666666667       4.818098979390917E-004
  0.902998750000000        5.10765958333333      -3.297528078297422E-003
  0.902998750000000        5.40799250000000      -9.606434491962065E-003
  0.902998750000000        5.70832541666667      -1.496217073242662E-002
  0.902998750000000        6.00865833333333      -1.584994959698765E-002
  0.902998750000000        6.30899125000000      -1.060832384429222E-002
  0.902998750000000        6.60932416666667      -2.330440214445048E-003
  0.902998750000000        6.90965708333333       1.279269467821025E-003
  0.902998750000000        7.20999000000000      -2.461168699751833E-004
   1.20333166666667       2.000000000000000E-003 -0.779141698367349     
   1.20333166666667       0.302332916666667      -0.709460319825240     
   1.20333166666667       0.602665833333333      -0.570625029800963     
   1.20333166666667       0.902998750000000      -0.449888794726305     
   1.20333166666667        1.20333166666667      -0.358821278239996     
   1.20333166666667        1.50366458333333      -0.283548871864744     
   1.20333166666667        1.80399750000000      -0.218521777076335     
   1.20333166666667        2.10433041666667      -0.165054577565588     
   1.20333166666667        2.40466333333333      -0.123260217049166     
   1.20333166666667        2.70499625000000      -9.384356269800413E-002
   1.20333166666667        3.00532916666667      -7.596174148149173E-002
   1.20333166666667        3.30566208333333      -6.549912214666742E-002
   1.20333166666667        3.60599500000000      -5.446677011344471E-002
   1.20333166666667        3.90632791666667      -3.890920756811816E-002
   1.20333166666667        4.20666083333333      -2.315706928884648E-002
   1.20333166666667        4.50699375000000      -1.249210124871732E-002
   1.20333166666667        4.80732666666667      -7.907199151483321E-003
   1.20333166666667        5.10765958333333      -8.162072827540754E-003
   1.20333166666667        5.40799250000000      -1.116318377948938E-002
   1.20333166666667        5.70832541666667      -1.384650947804191E-002
   1.20333166666667        6.00865833333333      -1.345237705530695E-002
   1.20333166666667        6.30899125000000      -9.212715573842442E-003
   1.20333166666667        6.60932416666667      -3.233219429512778E-003
   1.20333166666667        6.90965708333333       6.870025904154899E-004
   1.20333166666667        7.20999000000000       1.097650440497137E-003
   1.50366458333333       2.000000000000000E-003 -0.523789161844848     
   1.50366458333333       0.302332916666667      -0.491745039470974     
   1.50366458333333       0.602665833333333      -0.419765235227635     
   1.50366458333333       0.902998750000000      -0.345598364390769     
   1.50366458333333        1.20333166666667      -0.283635254806302     
   1.50366458333333        1.50366458333333      -0.231360964237625     
   1.50366458333333        1.80399750000000      -0.185529863912616     
   1.50366458333333        2.10433041666667      -0.145863493972486     
   1.50366458333333        2.40466333333333      -0.113753131303230     
   1.50366458333333        2.70499625000000      -8.986539604005007E-002
   1.50366458333333        3.00532916666667      -7.327172369640772E-002
   1.50366458333333        3.30566208333333      -6.124858414257701E-002
   1.50366458333333        3.60599500000000      -5.027478191969030E-002
   1.50366458333333        3.90632791666667      -3.852868468562898E-002
   1.50366458333333        4.20666083333333      -2.714180496403527E-002
   1.50366458333333        4.50699375000000      -1.836182669115612E-002
   1.50366458333333        4.80732666666667      -1.345669377290688E-002
   1.50366458333333        5.10765958333333      -1.220334524381598E-002
   1.50366458333333        5.40799250000000      -1.321830290202802E-002
   1.50366458333333        5.70832541666667      -1.447278316218815E-002
   1.50366458333333        6.00865833333333      -1.380396103099146E-002
   1.50366458333333        6.30899125000000      -1.074546529215935E-002
   1.50366458333333        6.60932416666667      -6.633272677318032E-003
   1.50366458333333        6.90965708333333      -3.602183683702638E-003
   1.50366458333333        7.20999000000000      -2.910637458820151E-003
   1.80399750000000       2.000000000000000E-003 -0.339272644008876     
   1.80399750000000       0.302332916666667      -0.325659001545255     
   1.80399750000000       0.602665833333333      -0.292772038348972     
   1.80399750000000       0.902998750000000      -0.254545143047744     
   1.80399750000000        1.20333166666667      -0.218675489274535     
   1.80399750000000        1.50366458333333      -0.185600655640164     
   1.80399750000000        1.80399750000000      -0.154458187189829     
   1.80399750000000        2.10433041666667      -0.126316610811236     
   1.80399750000000        2.40466333333333      -0.102365573790451     
   1.80399750000000        2.70499625000000      -8.322909639664003E-002
   1.80399750000000        3.00532916666667      -6.854689000406171E-002
   1.80399750000000        3.30566208333333      -5.697232931793811E-002
   1.80399750000000        3.60599500000000      -4.683244569485906E-002
   1.80399750000000        3.90632791666667      -3.718662698257313E-002
   1.80399750000000        4.20666083333333      -2.835265698261225E-002
   1.80399750000000        4.50699375000000      -2.137528282255837E-002
   1.80399750000000        4.80732666666667      -1.705998448258957E-002
   1.80399750000000        5.10765958333333      -1.536774130550932E-002
   1.80399750000000        5.40799250000000      -1.539229617702819E-002
   1.80399750000000        5.70832541666667      -1.579169726766426E-002
   1.80399750000000        6.00865833333333      -1.537230396367688E-002
   1.80399750000000        6.30899125000000      -1.353857638208295E-002
   1.80399750000000        6.60932416666667      -1.103940302494360E-002
   1.80399750000000        6.90965708333333      -9.099447705344047E-003
   1.80399750000000        7.20999000000000      -8.501392845543706E-003
   2.10433041666667       2.000000000000000E-003 -0.211164384821930     
   2.10433041666667       0.302332916666667      -0.207685544492960     
   2.10433041666667       0.602665833333333      -0.197299991737496     
   2.10433041666667       0.902998750000000      -0.182890052143605     
   2.10433041666667        1.20333166666667      -0.165251074061937     
   2.10433041666667        1.50366458333333      -0.145985130769807     
   2.10433041666667        1.80399750000000      -0.126370976435753     
   2.10433041666667        2.10433041666667      -0.107449929555277     
   2.10433041666667        2.40466333333333      -9.014723035483016E-002
   2.10433041666667        2.70499625000000      -7.513979126583775E-002
   2.10433041666667        3.00532916666667      -6.261258291468762E-002
   2.10433041666667        3.30566208333333      -5.218507210178235E-002
   2.10433041666667        3.60599500000000      -4.319119047428288E-002
   2.10433041666667        3.90632791666667      -3.517923019041985E-002
   2.10433041666667        4.20666083333333      -2.822714167493684E-002
   2.10433041666667        4.50699375000000      -2.279912361989555E-002
   2.10433041666667        4.80732666666667      -1.929223949185850E-002
   2.10433041666667        5.10765958333333      -1.763910374571268E-002
   2.10433041666667        5.40799250000000      -1.722810576990100E-002
   2.10433041666667        5.70832541666667      -1.717545501709070E-002
   2.10433041666667        6.00865833333333      -1.676733343622851E-002
   2.10433041666667        6.30899125000000      -1.579875885703287E-002
   2.10433041666667        6.60932416666667      -1.459319069886243E-002
   2.10433041666667        6.90965708333333      -1.362274824356002E-002
   2.10433041666667        7.20999000000000      -1.320544156874553E-002
   2.40466333333333       2.000000000000000E-003 -0.120349996865574     
   2.40466333333333       0.302332916666667      -0.123797721394275     
   2.40466333333333       0.602665833333333      -0.129371495825523     
   2.40466333333333       0.902998750000000      -0.129403147268072     
   2.40466333333333        1.20333166666667      -0.123477529900853     
   2.40466333333333        1.50366458333333      -0.113902716470672     
   2.40466333333333        1.80399750000000      -0.102453548396146     
   2.40466333333333        2.10433041666667      -9.018381899494569E-002
   2.40466333333333        2.40466333333333      -7.788983919397170E-002
   2.40466333333333        2.70499625000000      -6.629187716011205E-002
   2.40466333333333        3.00532916666667      -5.591974566116227E-002
   2.40466333333333        3.30566208333333      -4.696442297526258E-002
   2.40466333333333        3.60599500000000      -3.931726140752126E-002
   2.40466333333333        3.90632791666667      -3.280307042462902E-002
   2.40466333333333        4.20666083333333      -2.740293201758015E-002
   2.40466333333333        4.50699375000000      -2.326671235903020E-002
   2.40466333333333        4.80732666666667      -2.052319683768302E-002
   2.40466333333333        5.10765958333333      -1.905809133750691E-002
   2.40466333333333        5.40799250000000      -1.844571933481204E-002
   2.40466333333333        5.70832541666667      -1.811232880182042E-002
   2.40466333333333        6.00865833333333      -1.763651492156235E-002
   2.40466333333333        6.30899125000000      -1.699549501436844E-002
   2.40466333333333        6.60932416666667      -1.655505497020330E-002
   2.40466333333333        6.90965708333333      -1.658149115605053E-002
   2.40466333333333        7.20999000000000      -1.654167582339762E-002
   2.70499625000000       2.000000000000000E-003 -5.780459179655517E-002
   2.70499625000000       0.302332916666667      -6.586648633295636E-002
   2.70499625000000       0.602665833333333      -8.115647722926751E-002
   2.70499625000000       0.902998750000000      -9.222019469713343E-002
   2.70499625000000        1.20333166666667      -9.405460929008461E-002
   2.70499625000000        1.50366458333333      -9.001750289849489E-002
   2.70499625000000        1.80399750000000      -8.332803924707320E-002
   2.70499625000000        2.10433041666667      -7.519325255586067E-002
   2.70499625000000        2.40466333333333      -6.631165830700565E-002
   2.70499625000000        2.70499625000000      -5.737069968885219E-002
   2.70499625000000        3.00532916666667      -4.901820182419817E-002
   2.70499625000000        3.30566208333333      -4.168105773114355E-002
   2.70499625000000        3.60599500000000      -3.549094504201756E-002
   2.70499625000000        3.90632791666667      -3.038772982226755E-002
   2.70499625000000        4.20666083333333      -2.629134412720317E-002
   2.70499625000000        4.50699375000000      -2.318361610044093E-002
   2.70499625000000        4.80732666666667      -2.105111348207883E-002
   2.70499625000000        5.10765958333333      -1.976155169488391E-002
   2.70499625000000        5.40799250000000      -1.900716197865271E-002
   2.70499625000000        5.70832541666667      -1.839949478949336E-002
   2.70499625000000        6.00865833333333      -1.768181730412341E-002
   2.70499625000000        6.30899125000000      -1.700024105481707E-002
   2.70499625000000        6.60932416666667      -1.694141782614616E-002
   2.70499625000000        6.90965708333333      -1.760975936242229E-002
   2.70499625000000        7.20999000000000      -1.801723748000818E-002
   3.00532916666667       2.000000000000000E-003 -2.592936482329330E-002
   3.00532916666667       0.302332916666667      -4.016380004755284E-002
   3.00532916666667       0.602665833333333      -6.198095145308988E-002
   3.00532916666667       0.902998750000000      -7.381481289120363E-002
   3.00532916666667        1.20333166666667      -7.613788314562632E-002
   3.00532916666667        1.50366458333333      -7.340381076449820E-002
   3.00532916666667        1.80399750000000      -6.863721918605291E-002
   3.00532916666667        2.10433041666667      -6.266557876099633E-002
   3.00532916666667        2.40466333333333      -5.594422571354759E-002
   3.00532916666667        2.70499625000000      -4.902529551947441E-002
   3.00532916666667        3.00532916666667      -4.249280607517455E-002
   3.00532916666667        3.30566208333333      -3.676987267740327E-002
   3.00532916666667        3.60599500000000      -3.201841306065671E-002
   3.00532916666667        3.90632791666667      -2.818936919333682E-002
   3.00532916666667        4.20666083333333      -2.515596868966443E-002
   3.00532916666667        4.50699375000000      -2.282441496326773E-002
   3.00532916666667        4.80732666666667      -2.113206571845771E-002
   3.00532916666667        5.10765958333333      -1.995812319049603E-002
   3.00532916666667        5.40799250000000      -1.906576063071441E-002
   3.00532916666667        5.70832541666667      -1.814574692263281E-002
   3.00532916666667        6.00865833333333      -1.693409025637536E-002
   3.00532916666667        6.30899125000000      -1.555174448611227E-002
   3.00532916666667        6.60932416666667      -1.505893800928200E-002
   3.00532916666667        6.90965708333333      -1.629253368920882E-002
   3.00532916666667        7.20999000000000      -1.760037319926589E-002
   3.30566208333333       2.000000000000000E-003 -2.034159521733853E-002
   3.30566208333333       0.302332916666667      -4.081203249670244E-002
   3.30566208333333       0.602665833333333      -6.203340063719377E-002
   3.30566208333333       0.902998750000000      -6.787199088962306E-002
   3.30566208333333        1.20333166666667      -6.562378735308615E-002
   3.30566208333333        1.50366458333333      -6.134875114187643E-002
   3.30566208333333        1.80399750000000      -5.704231730275450E-002
   3.30566208333333        2.10433041666667      -5.222608335586952E-002
   3.30566208333333        2.40466333333333      -4.698296236004136E-002
   3.30566208333333        2.70499625000000      -4.168607041947539E-002
   3.30566208333333        3.00532916666667      -3.676959619703657E-002
   3.30566208333333        3.30566208333333      -3.253412129271754E-002
   3.30566208333333        3.60599500000000      -2.907528966323424E-002
   3.30566208333333        3.90632791666667      -2.631858973777781E-002
   3.30566208333333        4.20666083333333      -2.411198360635015E-002
   3.30566208333333        4.50699375000000      -2.234421281304904E-002
   3.30566208333333        4.80732666666667      -2.095765230235692E-002
   3.30566208333333        5.10765958333333      -1.986022747990949E-002
   3.30566208333333        5.40799250000000      -1.886161879823512E-002
   3.30566208333333        5.70832541666667      -1.767359855176632E-002
   3.30566208333333        6.00865833333333      -1.588231998195596E-002
   3.30566208333333        6.30899125000000      -1.364583110336164E-002
   3.30566208333333        6.60932416666667      -1.229833067695482E-002
   3.30566208333333        6.90965708333333      -1.370958571852064E-002
   3.30566208333333        7.20999000000000      -1.618893932239047E-002
   3.60599500000000       2.000000000000000E-003 -4.021404691615286E-002
   3.60599500000000       0.302332916666667      -4.146702583296290E-002
   3.60599500000000       0.602665833333333      -5.451614055464729E-002
   3.60599500000000       0.902998750000000      -5.760433503969604E-002
   3.60599500000000        1.20333166666667      -5.455461257319592E-002
   3.60599500000000        1.50366458333333      -5.034608458369104E-002
   3.60599500000000        1.80399750000000      -4.687963768040067E-002
   3.60599500000000        2.10433041666667      -4.321523177210608E-002
   3.60599500000000        2.40466333333333      -3.932407846309036E-002
   3.60599500000000        2.70499625000000      -3.548843219555097E-002
   3.60599500000000        3.00532916666667      -3.201349451028800E-002
   3.60599500000000        3.30566208333333      -2.907210435345275E-002
   3.60599500000000        3.60599500000000      -2.668524617925514E-002
   3.60599500000000        3.90632791666667      -2.476349032681482E-002
   3.60599500000000        4.20666083333333      -2.316479149743787E-002
   3.60599500000000        4.50699375000000      -2.179955163774162E-002
   3.60599500000000        4.80732666666667      -2.063652462819906E-002
   3.60599500000000        5.10765958333333      -1.961635313201718E-002
   3.60599500000000        5.40799250000000      -1.859495484818500E-002
   3.60599500000000        5.70832541666667      -1.733452374154639E-002
   3.60599500000000        6.00865833333333      -1.543790147190114E-002
   3.60599500000000        6.30899125000000      -1.318156823868160E-002
   3.60599500000000        6.60932416666667      -1.178230498728936E-002
   3.60599500000000        6.90965708333333      -1.267681090079904E-002
   3.60599500000000        7.20999000000000      -1.248952549224228E-002
   3.90632791666667       2.000000000000000E-003  2.216191669203806E-002
   3.90632791666667       0.302332916666667       4.695205629695616E-003
   3.90632791666667       0.602665833333333      -2.179752458292103E-002
   3.90632791666667       0.902998750000000      -3.543368873632254E-002
   3.90632791666667        1.20333166666667      -3.899265310547062E-002
   3.90632791666667        1.50366458333333      -3.858257138847666E-002
   3.90632791666667        1.80399750000000      -3.721430107431243E-002
   3.90632791666667        2.10433041666667      -3.518567961420387E-002
   3.90632791666667        2.40466333333333      -3.279565987045170E-002
   3.90632791666667        2.70499625000000      -3.037459133197023E-002
   3.90632791666667        3.00532916666667      -2.817705341447077E-002
   3.90632791666667        3.30566208333333      -2.631047714500593E-002
   3.90632791666667        3.60599500000000      -2.475994450603610E-002
   3.90632791666667        3.90632791666667      -2.344492164859519E-002
   3.90632791666667        4.20666083333333      -2.227109728786828E-002
   3.90632791666667        4.50699375000000      -2.119392463038570E-002
   3.90632791666667        4.80732666666667      -2.020814585817991E-002
   3.90632791666667        5.10765958333333      -1.928142335897142E-002
   3.90632791666667        5.40799250000000      -1.832473874575404E-002
   3.90632791666667        5.70832541666667      -1.721670640400124E-002
   3.90632791666667        6.00865833333333      -1.583404085164296E-002
   3.90632791666667        6.30899125000000      -1.462204489906805E-002
   3.90632791666667        6.60932416666667      -1.483245643019850E-002
   3.90632791666667        6.90965708333333      -1.739594090167090E-002
   3.90632791666667        7.20999000000000      -1.947281070739094E-002
   4.20666083333333       2.000000000000000E-003  5.613496566266460E-002
   4.20666083333333       0.302332916666667       3.966743754679596E-002
   4.20666083333333       0.602665833333333       9.216328985813399E-003
   4.20666083333333       0.902998750000000      -1.257911807546052E-002
   4.20666083333333        1.20333166666667      -2.324749852919062E-002
   4.20666083333333        1.50366458333333      -2.718509610046076E-002
   4.20666083333333        1.80399750000000      -2.836393247253268E-002
   4.20666083333333        2.10433041666667      -2.821643151176424E-002
   4.20666083333333        2.40466333333333      -2.737989388195229E-002
   4.20666083333333        2.70499625000000      -2.626511579504182E-002
   4.20666083333333        3.00532916666667      -2.513348250331770E-002
   4.20666083333333        3.30566208333333      -2.409661761522431E-002
   4.20666083333333        3.60599500000000      -2.315647891791593E-002
   4.20666083333333        3.90632791666667      -2.226783571724424E-002
   4.20666083333333        4.20666083333333      -2.139215042308763E-002
   4.20666083333333        4.50699375000000      -2.052575182283330E-002
   4.20666083333333        4.80732666666667      -1.967863449383332E-002
   4.20666083333333        5.10765958333333      -1.883726322586706E-002
   4.20666083333333        5.40799250000000      -1.796773820468495E-002
   4.20666083333333        5.70832541666667      -1.707257042353585E-002
   4.20666083333333        6.00865833333333      -1.629734293459989E-002
   4.20666083333333        6.30899125000000      -1.619521700122612E-002
   4.20666083333333        6.60932416666667      -1.766468277568469E-002
   4.20666083333333        6.90965708333333      -2.074467580887929E-002
   4.20666083333333        7.20999000000000      -2.277631051259713E-002
   4.50699375000000       2.000000000000000E-003  5.101089531528788E-002
   4.50699375000000       0.302332916666667       4.086645426064098E-002
   4.50699375000000       0.602665833333333       1.881262507023237E-002
   4.50699375000000       0.902998750000000      -1.026107558734285E-003
   4.50699375000000        1.20333166666667      -1.257479891248579E-002
   4.50699375000000        1.50366458333333      -1.839166870388874E-002
   4.50699375000000        1.80399750000000      -2.136974153485748E-002
   4.50699375000000        2.10433041666667      -2.277064736628499E-002
   4.50699375000000        2.40466333333333      -2.322644428413323E-002
   4.50699375000000        2.70499625000000      -2.314156230293023E-002
   4.50699375000000        3.00532916666667      -2.278816731354014E-002
   4.50699375000000        3.30566208333333      -2.231775606978053E-002
   4.50699375000000        3.60599500000000      -2.178317917951608E-002
   4.50699375000000        3.90632791666667      -2.118540149572214E-002
   4.50699375000000        4.20666083333333      -2.052224628934474E-002
   4.50699375000000        4.50699375000000      -1.980508364109730E-002
   4.50699375000000        4.80732666666667      -1.904419031142467E-002
   4.50699375000000        5.10765958333333      -1.823808779669859E-002
   4.50699375000000        5.40799250000000      -1.739833465095122E-002
   4.50699375000000        5.70832541666667      -1.660659524415357E-002
   4.50699375000000        6.00865833333333      -1.608816218739180E-002
   4.50699375000000        6.30899125000000      -1.631394634486270E-002
   4.50699375000000        6.60932416666667      -1.779141440992387E-002
   4.50699375000000        6.90965708333333      -2.002986843901849E-002
   4.50699375000000        7.20999000000000      -2.137277929496734E-002
   4.80732666666667       2.000000000000000E-003  3.014160936610650E-002
   4.80732666666667       0.302332916666667       2.461863644235055E-002
   4.80732666666667       0.602665833333333       1.206045776730455E-002
   4.80732666666667       0.902998750000000       3.593672101297064E-004
   4.80732666666667        1.20333166666667      -7.963385738122854E-003
   4.80732666666667        1.50366458333333      -1.346510951857444E-002
   4.80732666666667        1.80399750000000      -1.703456332191321E-002
   4.80732666666667        2.10433041666667      -1.924465898402404E-002
   4.80732666666667        2.40466333333333      -2.046428674969795E-002
   4.80732666666667        2.70499625000000      -2.099076197924514E-002
   4.80732666666667        3.00532916666667      -2.107820011816441E-002
   4.80732666666667        3.30566208333333      -2.091516227309075E-002
   4.80732666666667        3.60599500000000      -2.060686870463060E-002
   4.80732666666667        3.90632791666667      -2.018989472786894E-002
   4.80732666666667        4.20666083333333      -1.966882719922882E-002
   4.80732666666667        4.50699375000000      -1.904004360654405E-002
   4.80732666666667        4.80732666666667      -1.829906693637979E-002
   4.80732666666667        5.10765958333333      -1.745265655035705E-002
   4.80732666666667        5.40799250000000      -1.654731358756525E-002
   4.80732666666667        5.70832541666667      -1.570302430220499E-002
   4.80732666666667        6.00865833333333      -1.512863795472282E-002
   4.80732666666667        6.30899125000000      -1.509700039206365E-002
   4.80732666666667        6.60932416666667      -1.581874485878449E-002
   4.80732666666667        6.90965708333333      -1.708512566163487E-002
   4.80732666666667        7.20999000000000      -1.795418139434756E-002
   5.10765958333333       2.000000000000000E-003  8.408518155964724E-003
   5.10765958333333       0.302332916666667       6.504235434832573E-003
   5.10765958333333       0.602665833333333       1.953500841945445E-003
   5.10765958333333       0.902998750000000      -3.361762016678504E-003
   5.10765958333333        1.20333166666667      -8.179205437154061E-003
   5.10765958333333        1.50366458333333      -1.218321016217366E-002
   5.10765958333333        1.80399750000000      -1.531986342670603E-002
   5.10765958333333        2.10433041666667      -1.757233471763067E-002
   5.10765958333333        2.40466333333333      -1.898097254646470E-002
   5.10765958333333        2.70499625000000      -1.968227106793422E-002
   5.10765958333333        3.00532916666667      -1.988398795202124E-002
   5.10765958333333        3.30566208333333      -1.979696556420438E-002
   5.10765958333333        3.60599500000000      -1.956746519436138E-002
   5.10765958333333        3.90632791666667      -1.924771065110882E-002
   5.10765958333333        4.20666083333333      -1.881694857441855E-002
   5.10765958333333        4.50699375000000      -1.822787122776649E-002
   5.10765958333333        4.80732666666667      -1.744907999142386E-002
   5.10765958333333        5.10765958333333      -1.649349612916039E-002
   5.10765958333333        5.40799250000000      -1.543514344338940E-002
   5.10765958333333        5.70832541666667      -1.441024131388548E-002
   5.10765958333333        6.00865833333333      -1.359340113965009E-002
   5.10765958333333        6.30899125000000      -1.315011690868963E-002
   5.10765958333333        6.60932416666667      -1.317743351946183E-002
   5.10765958333333        6.90965708333333      -1.361616698497460E-002
   5.10765958333333        7.20999000000000      -1.419249325817096E-002
   5.40799250000000       2.000000000000000E-003 -8.794949225604825E-003
   5.40799250000000       0.302332916666667      -8.789217133299429E-003
   5.40799250000000       0.602665833333333      -8.884805398182188E-003
   5.40799250000000       0.902998750000000      -9.608051611312712E-003
   5.40799250000000        1.20333166666667      -1.113606783621498E-002
   5.40799250000000        1.50366458333333      -1.316686534275523E-002
   5.40799250000000        1.80399750000000      -1.532263147329817E-002
   5.40799250000000        2.10433041666667      -1.714527937528606E-002
   5.40799250000000        2.40466333333333      -1.835425141139845E-002
   5.40799250000000        2.70499625000000      -1.891155457232619E-002
   5.40799250000000        3.00532916666667      -1.897101671246365E-002
   5.40799250000000        3.30566208333333      -1.877382361449624E-002
   5.40799250000000        3.60599500000000      -1.852098864382995E-002
   5.40799250000000        3.90632791666667      -1.827000937315171E-002
   5.40799250000000        4.20666083333333      -1.793341285144086E-002
   5.40799250000000        4.50699375000000      -1.738107272891215E-002
   5.40799250000000        4.80732666666667      -1.654148167040839E-002
   5.40799250000000        5.10765958333333      -1.543493137154168E-002
   5.40799250000000        5.40799250000000      -1.415903545450125E-002
   5.40799250000000        5.70832541666667      -1.285380527534130E-002
   5.40799250000000        6.00865833333333      -1.166404407894600E-002
   5.40799250000000        6.30899125000000      -1.075513980510471E-002
   5.40799250000000        6.60932416666667      -1.020938813698736E-002
   5.40799250000000        6.90965708333333      -1.012788508099733E-002
   5.40799250000000        7.20999000000000      -1.062556910472478E-002
   5.70832541666667       2.000000000000000E-003 -2.297445003231250E-002
   5.70832541666667       0.302332916666667      -2.144158688617246E-002
   5.70832541666667       0.602665833333333      -1.793262423591205E-002
   5.70832541666667       0.902998750000000      -1.489927132457154E-002
   5.70832541666667        1.20333166666667      -1.377474183705539E-002
   5.70832541666667        1.50366458333333      -1.439245294220361E-002
   5.70832541666667        1.80399750000000      -1.570511287149567E-002
   5.70832541666667        2.10433041666667      -1.708357460940631E-002
   5.70832541666667        2.40466333333333      -1.801438713093558E-002
   5.70832541666667        2.70499625000000      -1.829392028015096E-002
   5.70832541666667        3.00532916666667      -1.803211088435662E-002
   5.70832541666667        3.30566208333333      -1.755676188316364E-002
   5.70832541666667        3.60599500000000      -1.722766705503905E-002
   5.70832541666667        3.90632791666667      -1.713542631751885E-002
   5.70832541666667        4.20666083333333      -1.702357743971385E-002
   5.70832541666667        4.50699375000000      -1.658520260831124E-002
   5.70832541666667        4.80732666666667      -1.569941564725770E-002
   5.70832541666667        5.10765958333333      -1.441488991875896E-002
   5.70832541666667        5.40799250000000      -1.285909389225023E-002
   5.70832541666667        5.70832541666667      -1.120313403524214E-002
   5.70832541666667        6.00865833333333      -9.706261376578587E-003
   5.70832541666667        6.30899125000000      -8.410789746795176E-003
   5.70832541666667        6.60932416666667      -7.287031418106913E-003
   5.70832541666667        6.90965708333333      -6.595344232415654E-003
   5.70832541666667        7.20999000000000      -6.968232370754781E-003
   6.00865833333333       2.000000000000000E-003 -3.038635508015910E-002
   6.00865833333333       0.302332916666667      -2.753077090458777E-002
   6.00865833333333       0.602665833333333      -2.116563020738273E-002
   6.00865833333333       0.902998750000000      -1.572591939179112E-002
   6.00865833333333        1.20333166666667      -1.333725498138387E-002
   6.00865833333333        1.50366458333333      -1.369872415134650E-002
   6.00865833333333        1.80399750000000      -1.527665333424869E-002
   6.00865833333333        2.10433041666667      -1.667636879073823E-002
   6.00865833333333        2.40466333333333      -1.754384060188972E-002
   6.00865833333333        2.70499625000000      -1.757720836479090E-002
   6.00865833333333        3.00532916666667      -1.680458330413018E-002
   6.00865833333333        3.30566208333333      -1.572428294288595E-002
   6.00865833333333        3.60599500000000      -1.527882087260417E-002
   6.00865833333333        3.90632791666667      -1.571666645811281E-002
   6.00865833333333        4.20666083333333      -1.623875439987423E-002
   6.00865833333333        4.50699375000000      -1.607342147673449E-002
   6.00865833333333        4.80732666666667      -1.513729166186297E-002
   6.00865833333333        5.10765958333333      -1.361078291366596E-002
   6.00865833333333        5.40799250000000      -1.168067664183944E-002
   6.00865833333333        5.70832541666667      -9.716018681382185E-003
   6.00865833333333        6.00865833333333      -8.009854059866810E-003
   6.00865833333333        6.30899125000000      -6.512946443074997E-003
   6.00865833333333        6.60932416666667      -4.882695816107924E-003
   6.00865833333333        6.90965708333333      -3.192642564488524E-003
   6.00865833333333        7.20999000000000      -3.094667583350664E-003
   6.30899125000000       2.000000000000000E-003 -2.474549581881892E-002
   6.30899125000000       0.302332916666667      -2.137949021301044E-002
   6.30899125000000       0.602665833333333      -1.508674067902391E-002
   6.30899125000000       0.902998750000000      -1.042263456229453E-002
   6.30899125000000        1.20333166666667      -9.049239808340688E-003
   6.30899125000000        1.50366458333333      -1.061388056311257E-002
   6.30899125000000        1.80399750000000      -1.343902201972654E-002
   6.30899125000000        2.10433041666667      -1.571948586050474E-002
   6.30899125000000        2.40466333333333      -1.692371191671117E-002
   6.30899125000000        2.70499625000000      -1.691757702018907E-002
   6.30899125000000        3.00532916666667      -1.542075087932561E-002
   6.30899125000000        3.30566208333333      -1.344505649836250E-002
   6.30899125000000        3.60599500000000      -1.296167278661462E-002
   6.30899125000000        3.90632791666667      -1.447516776550384E-002
   6.30899125000000        4.20666083333333      -1.615151584719264E-002
   6.30899125000000        4.50699375000000      -1.633238808286728E-002
   6.30899125000000        4.80732666666667      -1.513511237033652E-002
   6.30899125000000        5.10765958333333      -1.319047280568720E-002
   6.30899125000000        5.40799250000000      -1.078906031361679E-002
   6.30899125000000        5.70832541666667      -8.434756358348564E-003
   6.30899125000000        6.00865833333333      -6.527091760805777E-003
   6.30899125000000        6.30899125000000      -5.182709243978307E-003
   6.30899125000000        6.60932416666667      -3.645509486803956E-003
   6.30899125000000        6.90965708333333      -5.660988546798904E-004
   6.30899125000000        7.20999000000000       1.057437933556192E-003
   6.60932416666667       2.000000000000000E-003 -5.030739697037351E-003
   6.60932416666667       0.302332916666667      -2.705868643786632E-003
   6.60932416666667       0.602665833333333      -2.477251112938963E-003
   6.60932416666667       0.902998750000000      -2.059629244285127E-003
   6.60932416666667        1.20333166666667      -3.003790372004015E-003
   6.60932416666667        1.50366458333333      -6.467360494586375E-003
   6.60932416666667        1.80399750000000      -1.093484551977813E-002
   6.60932416666667        2.10433041666667      -1.453325995312961E-002
   6.60932416666667        2.40466333333333      -1.652214386305640E-002
   6.60932416666667        2.70499625000000      -1.691768115076521E-002
   6.60932416666667        3.00532916666667      -1.497783508590673E-002
   6.60932416666667        3.30566208333333      -1.209725341988433E-002
   6.60932416666667        3.60599500000000      -1.152690003150985E-002
   6.60932416666667        3.90632791666667      -1.470665658795133E-002
   6.60932416666667        4.20666083333333      -1.769856235231981E-002
   6.60932416666667        4.50699375000000      -1.788902364854415E-002
   6.60932416666667        4.80732666666667      -1.590795295902299E-002
   6.60932416666667        5.10765958333333      -1.324964615440440E-002
   6.60932416666667        5.40799250000000      -1.026499300256345E-002
   6.60932416666667        5.70832541666667      -7.329692203806347E-003
   6.60932416666667        6.00865833333333      -4.918444844369339E-003
   6.60932416666667        6.30899125000000      -3.674296341045576E-003
   6.60932416666667        6.60932416666667      -3.579648507414041E-003
   6.60932416666667        6.90965708333333      -5.347904235231370E-004
   6.60932416666667        7.20999000000000       4.485517416274964E-003
   6.90965708333333       2.000000000000000E-003 -6.306235397314508E-004
   6.90965708333333       0.302332916666667       7.546893537167199E-003
   6.90965708333333       0.602665833333333       9.238029187001416E-004
   6.90965708333333       0.902998750000000       1.681313261377000E-003
   6.90965708333333        1.20333166666667       9.965989085242051E-004
   6.90965708333333        1.50366458333333      -3.397889803552176E-003
   6.90965708333333        1.80399750000000      -8.986792431759599E-003
   6.90965708333333        2.10433041666667      -1.357897707242632E-002
   6.90965708333333        2.40466333333333      -1.659488054864970E-002
   6.90965708333333        2.70499625000000      -1.766547991479989E-002
   6.90965708333333        3.00532916666667      -1.632216409589436E-002
   6.90965708333333        3.30566208333333      -1.360534889963077E-002
   6.90965708333333        3.60599500000000      -1.246207823343494E-002
   6.90965708333333        3.90632791666667      -1.738374174602552E-002
   6.90965708333333        4.20666083333333      -2.091882714781925E-002
   6.90965708333333        4.50699375000000      -2.022973385445053E-002
   6.90965708333333        4.80732666666667      -1.723424940515761E-002
   6.90965708333333        5.10765958333333      -1.371875807960751E-002
   6.90965708333333        5.40799250000000      -1.020381391630938E-002
   6.90965708333333        5.70832541666667      -6.656849106542434E-003
   6.90965708333333        6.00865833333333      -3.253411756064889E-003
   6.90965708333333        6.30899125000000      -6.376701499131270E-004
   6.90965708333333        6.60932416666667      -6.074675437657794E-004
   6.90965708333333        6.90965708333333      -2.777213020682300E-003
   6.90965708333333        7.20999000000000       2.362274056594608E-003
   7.20999000000000       2.000000000000000E-003 -6.616797885797276E-004
   7.20999000000000       0.302332916666667      -9.515734559263980E-004
   7.20999000000000       0.602665833333333      -6.576304209876638E-003
   7.20999000000000       0.902998750000000       2.451556718956957E-004
   7.20999000000000        1.20333166666667       1.453545222682835E-003
   7.20999000000000        1.50366458333333      -2.683756433613699E-003
   7.20999000000000        1.80399750000000      -8.380906817667996E-003
   7.20999000000000        2.10433041666667      -1.316551500813674E-002
   7.20999000000000        2.40466333333333      -1.657248293457674E-002
   7.20999000000000        2.70499625000000      -1.810664975506553E-002
   7.20999000000000        3.00532916666667      -1.769322075292080E-002
   7.20999000000000        3.30566208333333      -1.618745175889059E-002
   7.20999000000000        3.60599500000000      -1.236875158021750E-002
   7.20999000000000        3.90632791666667      -1.956325101849440E-002
   7.20999000000000        4.20666083333333      -2.302954767239939E-002
   7.20999000000000        4.50699375000000      -2.161942942714842E-002
   7.20999000000000        4.80732666666667      -1.812925528631261E-002
   7.20999000000000        5.10765958333333      -1.430801851632609E-002
   7.20999000000000        5.40799250000000      -1.071082693980785E-002
   7.20999000000000        5.70832541666667      -7.039440235964860E-003
   7.20999000000000        6.00865833333333      -3.168244715473247E-003
   7.20999000000000        6.30899125000000       9.650573375298462E-004
   7.20999000000000        6.60932416666667       4.371391792244550E-003
   7.20999000000000        6.90965708333333       2.281997127897738E-003
   7.20999000000000        7.20999000000000      -3.413004794879430E-003
