  2.000000000000000E-003  2.000000000000000E-003 -0.598973348994460     
  2.000000000000000E-003  0.302332916666667      -0.603652011258611     
  2.000000000000000E-003  0.602665833333333      -0.552696337969287     
  2.000000000000000E-003  0.902998750000000      -0.461385098214974     
  2.000000000000000E-003   1.20333166666667      -0.386032509753588     
  2.000000000000000E-003   1.50366458333333      -0.329746860677199     
  2.000000000000000E-003   1.80399750000000      -0.285864079698260     
  2.000000000000000E-003   2.10433041666667      -0.249558951120208     
  2.000000000000000E-003   2.40466333333333      -0.217425607074261     
  2.000000000000000E-003   2.70499625000000      -0.189919060584610     
  2.000000000000000E-003   3.00532916666667      -0.170557927294782     
  2.000000000000000E-003   3.30566208333333      -0.164607674364307     
  2.000000000000000E-003   3.60599500000000      -0.165367832048787     
  2.000000000000000E-003   3.90632791666667      -0.142686130042581     
  2.000000000000000E-003   4.20666083333333      -0.123757585072863     
  2.000000000000000E-003   4.50699375000000      -0.109508150074864     
  2.000000000000000E-003   4.80732666666667      -9.929266642407801E-002
  2.000000000000000E-003   5.10765958333333      -9.133067658565422E-002
  2.000000000000000E-003   5.40799250000000      -8.475593840874308E-002
  2.000000000000000E-003   5.70832541666667      -7.983431177479476E-002
  2.000000000000000E-003   6.00865833333333      -7.569457915031980E-002
  2.000000000000000E-003   6.30899125000000      -7.087380289202656E-002
  2.000000000000000E-003   6.60932416666667      -6.485719749150505E-002
  2.000000000000000E-003   6.90965708333333      -6.320787526587858E-002
  2.000000000000000E-003   7.20999000000000      -6.492402998768677E-002
  0.302332916666667       2.000000000000000E-003 -0.595719854087042     
  0.302332916666667       0.302332916666667      -0.565986974216978     
  0.302332916666667       0.602665833333333      -0.537694817826710     
  0.302332916666667       0.902998750000000      -0.475357921941441     
  0.302332916666667        1.20333166666667      -0.409904967024807     
  0.302332916666667        1.50366458333333      -0.354024698053701     
  0.302332916666667        1.80399750000000      -0.307284631172013     
  0.302332916666667        2.10433041666667      -0.267253762671222     
  0.302332916666667        2.40466333333333      -0.231642544519092     
  0.302332916666667        2.70499625000000      -0.200653688682593     
  0.302332916666667        3.00532916666667      -0.177921032189634     
  0.302332916666667        3.30566208333333      -0.168987737124294     
  0.302332916666667        3.60599500000000      -0.169267142493128     
  0.302332916666667        3.90632791666667      -0.154282582464162     
  0.302332916666667        4.20666083333333      -0.133814030723618     
  0.302332916666667        4.50699375000000      -0.117265333451782     
  0.302332916666667        4.80732666666667      -0.105241708080403     
  0.302332916666667        5.10765958333333      -9.579978813329508E-002
  0.302332916666667        5.40799250000000      -8.814301286368600E-002
  0.302332916666667        5.70832541666667      -8.227295367823574E-002
  0.302332916666667        6.00865833333333      -7.732490702794574E-002
  0.302332916666667        6.30899125000000      -7.225772303852432E-002
  0.302332916666667        6.60932416666667      -6.705521495900495E-002
  0.302332916666667        6.90965708333333      -6.521414649469712E-002
  0.302332916666667        7.20999000000000      -6.515198021585290E-002
  0.602665833333333       2.000000000000000E-003 -0.578373612088960     
  0.602665833333333       0.302332916666667      -0.558309010481405     
  0.602665833333333       0.602665833333333      -0.525829575647505     
  0.602665833333333       0.902998750000000      -0.479984761667822     
  0.602665833333333        1.20333166666667      -0.425664757488883     
  0.602665833333333        1.50366458333333      -0.372723127006456     
  0.602665833333333        1.80399750000000      -0.324948986507674     
  0.602665833333333        2.10433041666667      -0.282960377096724     
  0.602665833333333        2.40466333333333      -0.246548784316869     
  0.602665833333333        2.70499625000000      -0.215293314164881     
  0.602665833333333        3.00532916666667      -0.192186607898897     
  0.602665833333333        3.30566208333333      -0.179713022180804     
  0.602665833333333        3.60599500000000      -0.173077804406376     
  0.602665833333333        3.90632791666667      -0.160169052137418     
  0.602665833333333        4.20666083333333      -0.141597521151573     
  0.602665833333333        4.50699375000000      -0.124411782678846     
  0.602665833333333        4.80732666666667      -0.111071962992554     
  0.602665833333333        5.10765958333333      -0.100291113249241     
  0.602665833333333        5.40799250000000      -9.170655741001060E-002
  0.602665833333333        5.70832541666667      -8.498216951903687E-002
  0.602665833333333        6.00865833333333      -7.945844075141006E-002
  0.602665833333333        6.30899125000000      -7.461521193817025E-002
  0.602665833333333        6.60932416666667      -7.059182173078114E-002
  0.602665833333333        6.90965708333333      -6.783472517958918E-002
  0.602665833333333        7.20999000000000      -6.440767882545256E-002
  0.902998750000000       2.000000000000000E-003 -0.604316652885225     
  0.902998750000000       0.302332916666667      -0.586343634936399     
  0.902998750000000       0.602665833333333      -0.545845935410217     
  0.902998750000000       0.902998750000000      -0.495671007840395     
  0.902998750000000        1.20333166666667      -0.441432414263873     
  0.902998750000000        1.50366458333333      -0.388057502502424     
  0.902998750000000        1.80399750000000      -0.338879153640341     
  0.902998750000000        2.10433041666667      -0.295577837506152     
  0.902998750000000        2.40466333333333      -0.259223808109930     
  0.902998750000000        2.70499625000000      -0.228939596362617     
  0.902998750000000        3.00532916666667      -0.205180036452070     
  0.902998750000000        3.30566208333333      -0.188690808628279     
  0.902998750000000        3.60599500000000      -0.176014560748466     
  0.902998750000000        3.90632791666667      -0.161722410356977     
  0.902998750000000        4.20666083333333      -0.144987740809437     
  0.902998750000000        4.50699375000000      -0.128875571074961     
  0.902998750000000        4.80732666666667      -0.115354257340316     
  0.902998750000000        5.10765958333333      -0.104179055763123     
  0.902998750000000        5.40799250000000      -9.498894342800780E-002
  0.902998750000000        5.70832541666667      -8.760122240218669E-002
  0.902998750000000        6.00865833333333      -8.151286154057827E-002
  0.902998750000000        6.30899125000000      -7.642666388511603E-002
  0.902998750000000        6.60932416666667      -7.225540365224692E-002
  0.902998750000000        6.90965708333333      -6.860129622021496E-002
  0.902998750000000        7.20999000000000      -6.457974398479287E-002
   1.20333166666667       2.000000000000000E-003 -0.624950684292146     
   1.20333166666667       0.302332916666667      -0.608699245947543     
   1.20333166666667       0.602665833333333      -0.567022959494795     
   1.20333166666667       0.902998750000000      -0.513055401448623     
   1.20333166666667        1.20333166666667      -0.455547868190427     
   1.20333166666667        1.50366458333333      -0.399672721974948     
   1.20333166666667        1.80399750000000      -0.348535854904196     
   1.20333166666667        2.10433041666667      -0.304523890861050     
   1.20333166666667        2.40466333333333      -0.268154362320965     
   1.20333166666667        2.70499625000000      -0.238090773539627     
   1.20333166666667        3.00532916666667      -0.213666394770190     
   1.20333166666667        3.30566208333333      -0.194211900055192     
   1.20333166666667        3.60599500000000      -0.177832898314367     
   1.20333166666667        3.90632791666667      -0.162027859392565     
   1.20333166666667        4.20666083333333      -0.146118636619685     
   1.20333166666667        4.50699375000000      -0.131229917121400     
   1.20333166666667        4.80732666666667      -0.118175688097507     
   1.20333166666667        5.10765958333333      -0.107057155915722     
   1.20333166666667        5.40799250000000      -9.766073277031914E-002
   1.20333166666667        5.70832541666667      -8.976941335815571E-002
   1.20333166666667        6.00865833333333      -8.306531659267823E-002
   1.20333166666667        6.30899125000000      -7.733715950823812E-002
   1.20333166666667        6.60932416666667      -7.244670430646420E-002
   1.20333166666667        6.90965708333333      -6.807628555565441E-002
   1.20333166666667        7.20999000000000      -6.378717720202649E-002
   1.50366458333333       2.000000000000000E-003 -0.629992933671417     
   1.50366458333333       0.302332916666667      -0.615287529493209     
   1.50366458333333       0.602665833333333      -0.575813533754233     
   1.50366458333333       0.902998750000000      -0.521891464393767     
   1.50366458333333        1.20333166666667      -0.462852110397998     
   1.50366458333333        1.50366458333333      -0.405030994251458     
   1.50366458333333        1.80399750000000      -0.352922491494953     
   1.50366458333333        2.10433041666667      -0.309282684026415     
   1.50366458333333        2.40466333333333      -0.272875560572559     
   1.50366458333333        2.70499625000000      -0.242618766104682     
   1.50366458333333        3.00532916666667      -0.217603973396796     
   1.50366458333333        3.30566208333333      -0.196744781290425     
   1.50366458333333        3.60599500000000      -0.178676408652217     
   1.50366458333333        3.90632791666667      -0.162160641625987     
   1.50366458333333        4.20666083333333      -0.146709217680543     
   1.50366458333333        4.50699375000000      -0.132529962804119     
   1.50366458333333        4.80732666666667      -0.119933929141314     
   1.50366458333333        5.10765958333333      -0.108985906408855     
   1.50366458333333        5.40799250000000      -9.952124040382622E-002
   1.50366458333333        5.70832541666667      -9.128172893339379E-002
   1.50366458333333        6.00865833333333      -8.399673172185408E-002
   1.50366458333333        6.30899125000000      -7.754294966246064E-002
   1.50366458333333        6.60932416666667      -7.186460370689002E-002
   1.50366458333333        6.90965708333333      -6.682981432685359E-002
   1.50366458333333        7.20999000000000      -6.223398471329313E-002
   1.80399750000000       2.000000000000000E-003 -0.620146601185693     
   1.80399750000000       0.302332916666667      -0.606920980513687     
   1.80399750000000       0.602665833333333      -0.569621363738254     
   1.80399750000000       0.902998750000000      -0.517521794303818     
   1.80399750000000        1.20333166666667      -0.458999418367365     
   1.80399750000000        1.50366458333333      -0.401976253204205     
   1.80399750000000        1.80399750000000      -0.352130477245679     
   1.80399750000000        2.10433041666667      -0.309369398904857     
   1.80399750000000        2.40466333333333      -0.273213487963058     
   1.80399750000000        2.70499625000000      -0.243075057167971     
   1.80399750000000        3.00532916666667      -0.218042303534835     
   1.80399750000000        3.30566208333333      -0.196928112845544     
   1.80399750000000        3.60599500000000      -0.178525419482880     
   1.80399750000000        3.90632791666667      -0.161939686391182     
   1.80399750000000        4.20666083333333      -0.146784950852593     
   1.80399750000000        4.50699375000000      -0.133065802765224     
   1.80399750000000        4.80732666666667      -0.120864954036631     
   1.80399750000000        5.10765958333333      -0.110122746368020     
   1.80399750000000        5.40799250000000      -0.100625423328793     
   1.80399750000000        5.70832541666667      -9.211275058823749E-002
   1.80399750000000        6.00865833333333      -8.436566515315730E-002
   1.80399750000000        6.30899125000000      -7.727581579294591E-002
   1.80399750000000        6.60932416666667      -7.090217328291799E-002
   1.80399750000000        6.90965708333333      -6.528688953515625E-002
   1.80399750000000        7.20999000000000      -6.041790774678420E-002
   2.10433041666667       2.000000000000000E-003 -0.599189629429264     
   2.10433041666667       0.302332916666667      -0.585415096421475     
   2.10433041666667       0.602665833333333      -0.549352519475699     
   2.10433041666667       0.902998750000000      -0.498567201515728     
   2.10433041666667        1.20333166666667      -0.444730590973312     
   2.10433041666667        1.50366458333333      -0.393107889632092     
   2.10433041666667        1.80399750000000      -0.345983508706312     
   2.10433041666667        2.10433041666667      -0.304520921227476     
   2.10433041666667        2.40466333333333      -0.269218086639873     
   2.10433041666667        2.70499625000000      -0.239855614903494     
   2.10433041666667        3.00532916666667      -0.215535235892500     
   2.10433041666667        3.30566208333333      -0.194987227974105     
   2.10433041666667        3.60599500000000      -0.177013319940122     
   2.10433041666667        3.90632791666667      -0.160826055335994     
   2.10433041666667        4.20666083333333      -0.146118659272021     
   2.10433041666667        4.50699375000000      -0.132874152112326     
   2.10433041666667        4.80732666666667      -0.121087646734534     
   2.10433041666667        5.10765958333333      -0.110604811827210     
   2.10433041666667        5.40799250000000      -0.101149193851267     
   2.10433041666667        5.70832541666667      -9.245081730808968E-002
   2.10433041666667        6.00865833333333      -8.434234779339175E-002
   2.10433041666667        6.30899125000000      -7.676961450258489E-002
   2.10433041666667        6.60932416666667      -6.978750956572806E-002
   2.10433041666667        6.90965708333333      -6.364939996093612E-002
   2.10433041666667        7.20999000000000      -5.856100178389175E-002
   2.40466333333333       2.000000000000000E-003 -0.577776169733471     
   2.40466333333333       0.302332916666667      -0.563131056367608     
   2.40466333333333       0.602665833333333      -0.525031447484818     
   2.40466333333333       0.902998750000000      -0.477248174777573     
   2.40466333333333        1.20333166666667      -0.427463744636132     
   2.40466333333333        1.50366458333333      -0.379186378865500     
   2.40466333333333        1.80399750000000      -0.334521102856528     
   2.40466333333333        2.10433041666667      -0.294972337817761     
   2.40466333333333        2.40466333333333      -0.261348413535049     
   2.40466333333333        2.70499625000000      -0.233543916808836     
   2.40466333333333        3.00532916666667      -0.210619937030575     
   2.40466333333333        3.30566208333333      -0.191232265713552     
   2.40466333333333        3.60599500000000      -0.174172912899957     
   2.40466333333333        3.90632791666667      -0.158721230793794     
   2.40466333333333        4.20666083333333      -0.144651661773236     
   2.40466333333333        4.50699375000000      -0.131981670643863     
   2.40466333333333        4.80732666666667      -0.120679944406341     
   2.40466333333333        5.10765958333333      -0.110534058992552     
   2.40466333333333        5.40799250000000      -0.101220814762549     
   2.40466333333333        5.70832541666667      -9.246197288335220E-002
   2.40466333333333        6.00865833333333      -8.411132562497788E-002
   2.40466333333333        6.30899125000000      -7.611818616614113E-002
   2.40466333333333        6.60932416666667      -6.849637446211322E-002
   2.40466333333333        6.90965708333333      -6.157800691292104E-002
   2.40466333333333        7.20999000000000      -5.630169339153260E-002
   2.70499625000000       2.000000000000000E-003 -0.561777429017722     
   2.70499625000000       0.302332916666667      -0.547549430318179     
   2.70499625000000       0.602665833333333      -0.509092858723521     
   2.70499625000000       0.902998750000000      -0.457761557071920     
   2.70499625000000        1.20333166666667      -0.406993176878600     
   2.70499625000000        1.50366458333333      -0.360536656076214     
   2.70499625000000        1.80399750000000      -0.318474868669966     
   2.70499625000000        2.10433041666667      -0.281612006788192     
   2.70499625000000        2.40466333333333      -0.250513520089477     
   2.70499625000000        2.70499625000000      -0.224958116964825     
   2.70499625000000        3.00532916666667      -0.203932422526320     
   2.70499625000000        3.30566208333333      -0.186068076472606     
   2.70499625000000        3.60599500000000      -0.170198628303365     
   2.70499625000000        3.90632791666667      -0.155692718935581     
   2.70499625000000        4.20666083333333      -0.142414481992136     
   2.70499625000000        4.50699375000000      -0.130427225445749     
   2.70499625000000        4.80732666666667      -0.119692694978227     
   2.70499625000000        5.10765958333333      -0.109966118377124     
   2.70499625000000        5.40799250000000      -0.100903687646795     
   2.70499625000000        5.70832541666667      -9.223442881993597E-002
   2.70499625000000        6.00865833333333      -8.381434180335323E-002
   2.70499625000000        6.30899125000000      -7.545739519445263E-002
   2.70499625000000        6.60932416666667      -6.701922340328592E-002
   2.70499625000000        6.90965708333333      -5.938787596698958E-002
   2.70499625000000        7.20999000000000      -5.414847474395699E-002
   3.00532916666667       2.000000000000000E-003 -0.537751710059432     
   3.00532916666667       0.302332916666667      -0.524108099790804     
   3.00532916666667       0.602665833333333      -0.485804860132058     
   3.00532916666667       0.902998750000000      -0.434567872133306     
   3.00532916666667        1.20333166666667      -0.383050758899921     
   3.00532916666667        1.50366458333333      -0.338208796554302     
   3.00532916666667        1.80399750000000      -0.299246107137775     
   3.00532916666667        2.10433041666667      -0.265783998789000     
   3.00532916666667        2.40466333333333      -0.237840444988708     
   3.00532916666667        2.70499625000000      -0.214959981353361     
   3.00532916666667        3.00532916666667      -0.196073507137940     
   3.00532916666667        3.30566208333333      -0.179869412439795     
   3.00532916666667        3.60599500000000      -0.165295104583766     
   3.00532916666667        3.90632791666667      -0.151840051792631     
   3.00532916666667        4.20666083333333      -0.139455392990300     
   3.00532916666667        4.50699375000000      -0.128236596182092     
   3.00532916666667        4.80732666666667      -0.118135193757122     
   3.00532916666667        5.10765958333333      -0.108890523883118     
   3.00532916666667        5.40799250000000      -0.100168424419979     
   3.00532916666667        5.70832541666667      -9.174122557344902E-002
   3.00532916666667        6.00865833333333      -8.351700500389035E-002
   3.00532916666667        6.30899125000000      -7.527448391657607E-002
   3.00532916666667        6.60932416666667      -6.683143099497628E-002
   3.00532916666667        6.90965708333333      -5.879175475718024E-002
   3.00532916666667        7.20999000000000      -5.361934310072522E-002
   3.30566208333333       2.000000000000000E-003 -0.506109749361499     
   3.30566208333333       0.302332916666667      -0.495164484054547     
   3.30566208333333       0.602665833333333      -0.457601552519107     
   3.30566208333333       0.902998750000000      -0.406180405968185     
   3.30566208333333        1.20333166666667      -0.355992746716154     
   3.30566208333333        1.50366458333333      -0.313599742538080     
   3.30566208333333        1.80399750000000      -0.278376953433858     
   3.30566208333333        2.10433041666667      -0.248797136059064     
   3.30566208333333        2.40466333333333      -0.224299419341495     
   3.30566208333333        2.70499625000000      -0.204209463004710     
   3.30566208333333        3.00532916666667      -0.187467377802031     
   3.30566208333333        3.30566208333333      -0.172897860935801     
   3.30566208333333        3.60599500000000      -0.159618755783450     
   3.30566208333333        3.90632791666667      -0.147253888289970     
   3.30566208333333        4.20666083333333      -0.135820645766265     
   3.30566208333333        4.50699375000000      -0.125418888312141     
   3.30566208333333        4.80732666666667      -0.115978910228211     
   3.30566208333333        5.10765958333333      -0.107235989914744     
   3.30566208333333        5.40799250000000      -9.889159729492522E-002
   3.30566208333333        5.70832541666667      -9.079757928823021E-002
   3.30566208333333        6.00865833333333      -8.301455918078902E-002
   3.30566208333333        6.30899125000000      -7.548576963407767E-002
   3.30566208333333        6.60932416666667      -6.815780294516015E-002
   3.30566208333333        6.90965708333333      -6.125242894917693E-002
   3.30566208333333        7.20999000000000      -5.628095721954227E-002
   3.60599500000000       2.000000000000000E-003 -0.463979028814494     
   3.60599500000000       0.302332916666667      -0.456751761413424     
   3.60599500000000       0.602665833333333      -0.421299596224264     
   3.60599500000000       0.902998750000000      -0.372585926172118     
   3.60599500000000        1.20333166666667      -0.326095844920177     
   3.60599500000000        1.50366458333333      -0.287713502322495     
   3.60599500000000        1.80399750000000      -0.256937244604791     
   3.60599500000000        2.10433041666667      -0.231489357722044     
   3.60599500000000        2.40466333333333      -0.210453675154613     
   3.60599500000000        2.70499625000000      -0.193061188017429     
   3.60599500000000        3.00532916666667      -0.178345182242082     
   3.60599500000000        3.30566208333333      -0.165322285788741     
   3.60599500000000        3.60599500000000      -0.153304621439892     
   3.60599500000000        3.90632791666667      -0.142039707910980     
   3.60599500000000        4.20666083333333      -0.131578515148563     
   3.60599500000000        4.50699375000000      -0.121996817471712     
   3.60599500000000        4.80732666666667      -0.113197288418397     
   3.60599500000000        5.10765958333333      -0.104923641317904     
   3.60599500000000        5.40799250000000      -9.692758358026687E-002
   3.60599500000000        5.70832541666667      -8.913561003504281E-002
   3.60599500000000        6.00865833333333      -8.170813714435869E-002
   3.60599500000000        6.30899125000000      -7.472013790117960E-002
   3.60599500000000        6.60932416666667      -6.847111109699476E-002
   3.60599500000000        6.90965708333333      -6.380842969179409E-002
   3.60599500000000        7.20999000000000      -6.062578408189916E-002
   3.90632791666667       2.000000000000000E-003 -0.398507567799128     
   3.90632791666667       0.302332916666667      -0.393834697603046     
   3.90632791666667       0.602665833333333      -0.369012260084612     
   3.90632791666667       0.902998750000000      -0.331050969450012     
   3.90632791666667        1.20333166666667      -0.292868625205817     
   3.90632791666667        1.50366458333333      -0.260948111419301     
   3.90632791666667        1.80399750000000      -0.235370413445125     
   3.90632791666667        2.10433041666667      -0.214169046735334     
   3.90632791666667        2.40466333333333      -0.196498298580344     
   3.90632791666667        2.70499625000000      -0.181661305627076     
   3.90632791666667        3.00532916666667      -0.168854634446424     
   3.90632791666667        3.30566208333333      -0.157310765038690     
   3.90632791666667        3.60599500000000      -0.146529853940025     
   3.90632791666667        3.90632791666667      -0.136357014673992     
   3.90632791666667        4.20666083333333      -0.126847150876500     
   3.90632791666667        4.50699375000000      -0.118038077102102     
   3.90632791666667        4.80732666666667      -0.109812754648946     
   3.90632791666667        5.10765958333333      -0.101941337463761     
   3.90632791666667        5.40799250000000      -9.423233804238497E-002
   3.90632791666667        5.70832541666667      -8.665109689075423E-002
   3.90632791666667        6.00865833333333      -7.929302189440046E-002
   3.90632791666667        6.30899125000000      -7.211031219459031E-002
   3.90632791666667        6.60932416666667      -6.512503882678983E-002
   3.90632791666667        6.90965708333333      -5.869105310299071E-002
   3.90632791666667        7.20999000000000      -5.453105501876359E-002
   4.20666083333333       2.000000000000000E-003 -0.324983886255065     
   4.20666083333333       0.302332916666667      -0.321809650561939     
   4.20666083333333       0.602665833333333      -0.308027708796720     
   4.20666083333333       0.902998750000000      -0.284305399253826     
   4.20666083333333        1.20333166666667      -0.257523088183598     
   4.20666083333333        1.50366458333333      -0.233882132644378     
   4.20666083333333        1.80399750000000      -0.213900321813685     
   4.20666083333333        2.10433041666667      -0.196934245696010     
   4.20666083333333        2.40466333333333      -0.182518956779463     
   4.20666083333333        2.70499625000000      -0.170138311547135     
   4.20666083333333        3.00532916666667      -0.159181579441598     
   4.20666083333333        3.30566208333333      -0.149090230633234     
   4.20666083333333        3.60599500000000      -0.139527066758401     
   4.20666083333333        3.90632791666667      -0.130407772921586     
   4.20666083333333        4.20666083333333      -0.121778687951816     
   4.20666083333333        4.50699375000000      -0.113649837525432     
   4.20666083333333        4.80732666666667      -0.105910748527021     
   4.20666083333333        5.10765958333333      -9.838119843048916E-002
   4.20666083333333        5.40799250000000      -9.093285690252575E-002
   4.20666083333333        5.70832541666667      -8.355718124513210E-002
   4.20666083333333        6.00865833333333      -7.627246060455657E-002
   4.20666083333333        6.30899125000000      -6.885489747470500E-002
   4.20666083333333        6.60932416666667      -6.126382105164006E-002
   4.20666083333333        6.90965708333333      -5.423278930803519E-002
   4.20666083333333        7.20999000000000      -5.021441444501594E-002
   4.50699375000000       2.000000000000000E-003 -0.261481793858992     
   4.50699375000000       0.302332916666667      -0.259842790034793     
   4.50699375000000       0.602665833333333      -0.253190294647275     
   4.50699375000000       0.902998750000000      -0.240322035054883     
   4.50699375000000        1.20333166666667      -0.223905275106524     
   4.50699375000000        1.50366458333333      -0.207692750879277     
   4.50699375000000        1.80399750000000      -0.192993542021941     
   4.50699375000000        2.10433041666667      -0.180051049510394     
   4.50699375000000        2.40466333333333      -0.168739427292140     
   4.50699375000000        2.70499625000000      -0.158723445965770     
   4.50699375000000        3.00532916666667      -0.149570319077559     
   4.50699375000000        3.30566208333333      -0.140900725144042     
   4.50699375000000        3.60599500000000      -0.132506911858373     
   4.50699375000000        3.90632791666667      -0.124356593284842     
   4.50699375000000        4.20666083333333      -0.116495409204501     
   4.50699375000000        4.50699375000000      -0.108935972331896     
   4.50699375000000        4.80732666666667      -0.101609520347263     
   4.50699375000000        5.10765958333333      -9.440747564809319E-002
   4.50699375000000        5.40799250000000      -8.726825614128912E-002
   4.50699375000000        5.70832541666667      -8.021646514473187E-002
   4.50699375000000        6.00865833333333      -7.328804237192844E-002
   4.50699375000000        6.30899125000000      -6.633501758274223E-002
   4.50699375000000        6.60932416666667      -5.926329942691618E-002
   4.50699375000000        6.90965708333333      -5.303034838177501E-002
   4.50699375000000        7.20999000000000      -4.910306869394693E-002
   4.80732666666667       2.000000000000000E-003 -0.215074684069242     
   4.80732666666667       0.302332916666667      -0.214498533670702     
   4.80732666666667       0.602665833333333      -0.211431376922434     
   4.80732666666667       0.902998750000000      -0.204183255391482     
   4.80732666666667        1.20333166666667      -0.194273618605288     
   4.80732666666667        1.50366458333333      -0.183649027783267     
   4.80732666666667        1.80399750000000      -0.173431388343439     
   4.80732666666667        2.10433041666667      -0.164057997005370     
   4.80732666666667        2.40466333333333      -0.155551573874201     
   4.80732666666667        2.70499625000000      -0.147704112048267     
   4.80732666666667        3.00532916666667      -0.140227111412431     
   4.80732666666667        3.30566208333333      -0.132881121499580     
   4.80732666666667        3.60599500000000      -0.125552305786939     
   4.80732666666667        3.90632791666667      -0.118247434732486     
   4.80732666666667        4.20666083333333      -0.111029176918077     
   4.80732666666667        4.50699375000000      -0.103947284016246     
   4.80732666666667        4.80732666666667      -9.700458443499282E-002
   4.80732666666667        5.10765958333333      -9.017559110772662E-002
   4.80732666666667        5.40799250000000      -8.345783671065814E-002
   4.80732666666667        5.70832541666667      -7.689906780713544E-002
   4.80732666666667        6.00865833333333      -7.056574165515561E-002
   4.80732666666667        6.30899125000000      -6.448239975044356E-002
   4.80732666666667        6.60932416666667      -5.866637708757570E-002
   4.80732666666667        6.90965708333333      -5.343501388932297E-002
   4.80732666666667        7.20999000000000      -4.961506919212687E-002
   5.10765958333333       2.000000000000000E-003 -0.181445065651602     
   5.10765958333333       0.302332916666667      -0.180887642840799     
   5.10765958333333       0.602665833333333      -0.178723515242789     
   5.10765958333333       0.902998750000000      -0.174834112671127     
   5.10765958333333        1.20333166666667      -0.169234700368698     
   5.10765958333333        1.50366458333333      -0.162721753630914     
   5.10765958333333        1.80399750000000      -0.156025533125731     
   5.10765958333333        2.10433041666667      -0.149530054463633     
   5.10765958333333        2.40466333333333      -0.143308305596532     
   5.10765958333333        2.70499625000000      -0.137250281101884     
   5.10765958333333        3.00532916666667      -0.131188571283165     
   5.10765958333333        3.30566208333333      -0.124986515399366     
   5.10765958333333        3.60599500000000      -0.118582822686251     
   5.10765958333333        3.90632791666667      -0.112000191805197     
   5.10765958333333        4.20666083333333      -0.105326184282717     
   5.10765958333333        4.50699375000000      -9.867315257375087E-002
   5.10765958333333        4.80732666666667      -9.213402318223257E-002
   5.10765958333333        5.10765958333333      -8.576435679854504E-002
   5.10765958333333        5.40799250000000      -7.959963889861824E-002
   5.10765958333333        5.70832541666667      -7.368120982317759E-002
   5.10765958333333        6.00865833333333      -6.806445817044740E-002
   5.10765958333333        6.30899125000000      -6.281292661602798E-002
   5.10765958333333        6.60932416666667      -5.800949729186600E-002
   5.10765958333333        6.90965708333333      -5.381818058829208E-002
   5.10765958333333        7.20999000000000      -5.036155375303035E-002
   5.40799250000000       2.000000000000000E-003 -0.154898994266857     
   5.40799250000000       0.302332916666667      -0.154590967220124     
   5.40799250000000       0.602665833333333      -0.153587996616545     
   5.40799250000000       0.902998750000000      -0.151653645971876     
   5.40799250000000        1.20333166666667      -0.148916373582797     
   5.40799250000000        1.50366458333333      -0.145405735771793     
   5.40799250000000        1.80399750000000      -0.141216958690609     
   5.40799250000000        2.10433041666667      -0.136720653141298     
   5.40799250000000        2.40466333333333      -0.132068591906405     
   5.40799250000000        2.70499625000000      -0.127266967536953     
   5.40799250000000        3.00532916666667      -0.122270114877078     
   5.40799250000000        3.30566208333333      -0.117014519896386     
   5.40799250000000        3.60599500000000      -0.111432209363631     
   5.40799250000000        3.90632791666667      -0.105503775041500     
   5.40799250000000        4.20666083333333      -9.932492886097488E-002
   5.40799250000000        4.50699375000000      -9.309008615210126E-002
   5.40799250000000        4.80732666666667      -8.699690970532535E-002
   5.40799250000000        5.10765958333333      -8.117019223622919E-002
   5.40799250000000        5.40799250000000      -7.565430132155246E-002
   5.40799250000000        5.70832541666667      -7.045312345441811E-002
   5.40799250000000        6.00865833333333      -6.557880370211377E-002
   5.40799250000000        6.30899125000000      -6.110101602275710E-002
   5.40799250000000        6.60932416666667      -5.714472980379954E-002
   5.40799250000000        6.90965708333333      -5.371192967373573E-002
   5.40799250000000        7.20999000000000      -5.066960065440319E-002
   5.70832541666667       2.000000000000000E-003 -0.134062118876203     
   5.70832541666667       0.302332916666667      -0.134430085561064     
   5.70832541666667       0.602665833333333      -0.134888994379310     
   5.70832541666667       0.902998750000000      -0.134618637794940     
   5.70832541666667        1.20333166666667      -0.133478294317847     
   5.70832541666667        1.50366458333333      -0.131590648522920     
   5.70832541666667        1.80399750000000      -0.128841686483353     
   5.70832541666667        2.10433041666667      -0.125394975212727     
   5.70832541666667        2.40466333333333      -0.121533984769118     
   5.70832541666667        2.70499625000000      -0.117413676635573     
   5.70832541666667        3.00532916666667      -0.113142012692274     
   5.70832541666667        3.30566208333333      -0.108731629807982     
   5.70832541666667        3.60599500000000      -0.104011814639804     
   5.70832541666667        3.90632791666667      -9.876802518850013E-002
   5.70832541666667        4.20666083333333      -9.306004240898602E-002
   5.70832541666667        4.50699375000000      -8.722602639458929E-002
   5.70832541666667        4.80732666666667      -8.160177033898804E-002
   5.70832541666667        5.10765958333333      -7.635785468058492E-002
   5.70832541666667        5.40799250000000      -7.150975998704907E-002
   5.70832541666667        5.70832541666667      -6.699650797607633E-002
   5.70832541666667        6.00865833333333      -6.279755084842141E-002
   5.70832541666667        6.30899125000000      -5.906065389757453E-002
   5.70832541666667        6.60932416666667      -5.592349907232028E-002
   5.70832541666667        6.90965708333333      -5.326675511298671E-002
   5.70832541666667        7.20999000000000      -5.070127235970171E-002
   6.00865833333333       2.000000000000000E-003 -0.115727814538172     
   6.00865833333333       0.302332916666667      -0.117534090646886     
   6.00865833333333       0.602665833333333      -0.120581328948635     
   6.00865833333333       0.902998750000000      -0.122080972404633     
   6.00865833333333        1.20333166666667      -0.121847452241804     
   6.00865833333333        1.50366458333333      -0.120514454086081     
   6.00865833333333        1.80399750000000      -0.118241106589634     
   6.00865833333333        2.10433041666667      -0.115007563947372     
   6.00865833333333        2.40466333333333      -0.111247123438066     
   6.00865833333333        2.70499625000000      -0.107256423931275     
   6.00865833333333        3.00532916666667      -0.103392564986026     
   6.00865833333333        3.30566208333333      -9.993671835808127E-002
   6.00865833333333        3.60599500000000      -9.647457496176161E-002
   6.00865833333333        3.90632791666667      -9.208175205682283E-002
   6.00865833333333        4.20666083333333      -8.670470367252478E-002
   6.00865833333333        4.50699375000000      -8.115646622733023E-002
   6.00865833333333        4.80732666666667      -7.598605864622852E-002
   6.00865833333333        5.10765958333333      -7.132033986281973E-002
   6.00865833333333        5.40799250000000      -6.708251535214545E-002
   6.00865833333333        5.70832541666667      -6.317784007760209E-002
   6.00865833333333        6.00865833333333      -5.957971451302833E-002
   6.00865833333333        6.30899125000000      -5.643522305674391E-002
   6.00865833333333        6.60932416666667      -5.396210764027160E-002
   6.00865833333333        6.90965708333333      -5.203257801745079E-002
   6.00865833333333        7.20999000000000      -4.993605673360552E-002
   6.30899125000000       2.000000000000000E-003 -9.551784714361979E-002
   6.30899125000000       0.302332916666667      -0.100986689076667     
   6.30899125000000       0.602665833333333      -0.109042730666326     
   6.30899125000000       0.902998750000000      -0.112530611795611     
   6.30899125000000        1.20333166666667      -0.112589190855412     
   6.30899125000000        1.50366458333333      -0.111100036375121     
   6.30899125000000        1.80399750000000      -0.108604399286210     
   6.30899125000000        2.10433041666667      -0.105103100542164     
   6.30899125000000        2.40466333333333      -0.100919807232699     
   6.30899125000000        2.70499625000000      -9.636522473341240E-002
   6.30899125000000        3.00532916666667      -9.244928106391151E-002
   6.30899125000000        3.30566208333333      -9.042162367615926E-002
   6.30899125000000        3.60599500000000      -8.903027552311725E-002
   6.30899125000000        3.90632791666667      -8.565639641493888E-002
   6.30899125000000        4.20666083333333      -8.028311016676724E-002
   6.30899125000000        4.50699375000000      -7.481649819302806E-002
   6.30899125000000        4.80732666666667      -7.016553074312172E-002
   6.30899125000000        5.10765958333333      -6.610908029115339E-002
   6.30899125000000        5.40799250000000      -6.247876498795792E-002
   6.30899125000000        5.70832541666667      -5.920353230601526E-002
   6.30899125000000        6.00865833333333      -5.611766748703943E-002
   6.30899125000000        6.30899125000000      -5.324387223593358E-002
   6.30899125000000        6.60932416666667      -5.088325034482561E-002
   6.30899125000000        6.90965708333333      -4.926500099571944E-002
   6.30899125000000        7.20999000000000      -4.746723050166393E-002
   6.60932416666667       2.000000000000000E-003 -7.334052457501455E-002
   6.60932416666667       0.302332916666667      -8.624536206820138E-002
   6.60932416666667       0.602665833333333      -0.100364594738007     
   6.60932416666667       0.902998750000000      -0.104713965773336     
   6.60932416666667        1.20333166666667      -0.104492321316287     
   6.60932416666667        1.50366458333333      -0.102580990891942     
   6.60932416666667        1.80399750000000      -9.962542786946574E-002
   6.60932416666667        2.10433041666667      -9.566759499789421E-002
   6.60932416666667        2.40466333333333      -9.075993317509257E-002
   6.60932416666667        2.70499625000000      -8.497905180861651E-002
   6.60932416666667        3.00532916666667      -8.074692070127173E-002
   6.60932416666667        3.30566208333333      -8.056517865764415E-002
   6.60932416666667        3.60599500000000      -8.244737788649670E-002
   6.60932416666667        3.90632791666667      -7.958583657570646E-002
   6.60932416666667        4.20666083333333      -7.328094461668629E-002
   6.60932416666667        4.50699375000000      -6.782914403841615E-002
   6.60932416666667        4.80732666666667      -6.409587976422161E-002
   6.60932416666667        5.10765958333333      -6.086325854125882E-002
   6.60932416666667        5.40799250000000      -5.801531959931384E-002
   6.60932416666667        5.70832541666667      -5.548582540551339E-002
   6.60932416666667        6.00865833333333      -5.297763715090752E-002
   6.60932416666667        6.30899125000000      -5.014818339633772E-002
   6.60932416666667        6.60932416666667      -4.698941517156476E-002
   6.60932416666667        6.90965708333333      -4.465872959785504E-002
   6.60932416666667        7.20999000000000      -4.305794160950576E-002
   6.90965708333333       2.000000000000000E-003 -7.221384618400899E-002
   6.90965708333333       0.302332916666667      -8.589146208741517E-002
   6.90965708333333       0.602665833333333      -9.458329048060692E-002
   6.90965708333333       0.902998750000000      -9.718542775419559E-002
   6.90965708333333        1.20333166666667      -9.678856708973770E-002
   6.90965708333333        1.50366458333333      -9.469559420424815E-002
   6.90965708333333        1.80399750000000      -9.145806093280465E-002
   6.90965708333333        2.10433041666667      -8.722549497438499E-002
   6.90965708333333        2.40466333333333      -8.178351846711004E-002
   6.90965708333333        2.70499625000000      -7.539669007108932E-002
   6.90965708333333        3.00532916666667      -7.072294148433139E-002
   6.90965708333333        3.30566208333333      -7.221183057660134E-002
   6.90965708333333        3.60599500000000      -7.821488606179836E-002
   6.90965708333333        3.90632791666667      -7.321029316979491E-002
   6.90965708333333        4.20666083333333      -6.534108517622673E-002
   6.90965708333333        4.50699375000000      -6.052582390189443E-002
   6.90965708333333        4.80732666666667      -5.797703291258838E-002
   6.90965708333333        5.10765958333333      -5.593857244741427E-002
   6.90965708333333        5.40799250000000      -5.397221123668468E-002
   6.90965708333333        5.70832541666667      -5.234355114034862E-002
   6.90965708333333        6.00865833333333      -5.070854043748821E-002
   6.90965708333333        6.30899125000000      -4.839681476509067E-002
   6.90965708333333        6.60932416666667      -4.462982154344414E-002
   6.90965708333333        6.90965708333333      -4.066573390103764E-002
   6.90965708333333        7.20999000000000      -4.081569597994916E-002
   7.20999000000000       2.000000000000000E-003 -8.757553503892894E-002
   7.20999000000000       0.302332916666667      -8.948151479765858E-002
   7.20999000000000       0.602665833333333      -8.856321732810674E-002
   7.20999000000000       0.902998750000000      -8.995192941275576E-002
   7.20999000000000        1.20333166666667      -8.962233025357921E-002
   7.20999000000000        1.50366458333333      -8.755389937725512E-002
   7.20999000000000        1.80399750000000      -8.434118947931110E-002
   7.20999000000000        2.10433041666667      -8.034870657755061E-002
   7.20999000000000        2.40466333333333      -7.551329170996342E-002
   7.20999000000000        2.70499625000000      -7.041332031445093E-002
   7.20999000000000        3.00532916666667      -6.742411700651385E-002
   7.20999000000000        3.30566208333333      -7.006866306016039E-002
   7.20999000000000        3.60599500000000      -7.486824353745888E-002
   7.20999000000000        3.90632791666667      -6.589185965309106E-002
   7.20999000000000        4.20666083333333      -5.848836447610623E-002
   7.20999000000000        4.50699375000000      -5.459912573714300E-002
   7.20999000000000        4.80732666666667      -5.287479676168988E-002
   7.20999000000000        5.10765958333333      -5.169186658567552E-002
   7.20999000000000        5.40799250000000      -5.049178096538538E-002
   7.20999000000000        5.70832541666667      -4.969030501821751E-002
   7.20999000000000        6.00865833333333      -4.899157157476075E-002
   7.20999000000000        6.30899125000000      -4.768090737376969E-002
   7.20999000000000        6.60932416666667      -4.505996261611284E-002
   7.20999000000000        6.90965708333333      -4.229448379066299E-002
   7.20999000000000        7.20999000000000      -4.043575039583273E-002
