  2.000000000000000E-003  2.000000000000000E-003 -0.625134359675703     
  2.000000000000000E-003  0.302332916666667      -0.606134066551391     
  2.000000000000000E-003  0.602665833333333      -0.540161855867475     
  2.000000000000000E-003  0.902998750000000      -0.454858620475018     
  2.000000000000000E-003   1.20333166666667      -0.386417240526786     
  2.000000000000000E-003   1.50366458333333      -0.334567356289053     
  2.000000000000000E-003   1.80399750000000      -0.293760116188713     
  2.000000000000000E-003   2.10433041666667      -0.260270695047182     
  2.000000000000000E-003   2.40466333333333      -0.231358910434322     
  2.000000000000000E-003   2.70499625000000      -0.207183077221121     
  2.000000000000000E-003   3.00532916666667      -0.189638308553855     
  2.000000000000000E-003   3.30566208333333      -0.181084979075318     
  2.000000000000000E-003   3.60599500000000      -0.177619215133529     
  2.000000000000000E-003   3.90632791666667      -0.157616681200439     
  2.000000000000000E-003   4.20666083333333      -0.140974477384349     
  2.000000000000000E-003   4.50699375000000      -0.127492970454596     
  2.000000000000000E-003   4.80732666666667      -0.117600800435287     
  2.000000000000000E-003   5.10765958333333      -0.110656596283570     
  2.000000000000000E-003   5.40799250000000      -0.106474725446350     
  2.000000000000000E-003   5.70832541666667      -0.105295294929923     
  2.000000000000000E-003   6.00865833333333      -0.106665409290429     
  2.000000000000000E-003   6.30899125000000      -0.109526262057697     
  2.000000000000000E-003   6.60932416666667      -0.112040228756127     
  2.000000000000000E-003   6.90965708333333      -0.111734692238510     
  2.000000000000000E-003   7.20999000000000      -0.102988862635716     
  0.302332916666667       2.000000000000000E-003 -0.589122200367410     
  0.302332916666667       0.302332916666667      -0.576088994654991     
  0.302332916666667       0.602665833333333      -0.541370341887460     
  0.302332916666667       0.902998750000000      -0.476980761923863     
  0.302332916666667        1.20333166666667      -0.413722361487156     
  0.302332916666667        1.50366458333333      -0.360440953919556     
  0.302332916666667        1.80399750000000      -0.316201491772481     
  0.302332916666667        2.10433041666667      -0.278890370606015     
  0.302332916666667        2.40466333333333      -0.246518859900510     
  0.302332916666667        2.70499625000000      -0.219080883619510     
  0.302332916666667        3.00532916666667      -0.198289904165968     
  0.302332916666667        3.30566208333333      -0.186632992611468     
  0.302332916666667        3.60599500000000      -0.180073495417841     
  0.302332916666667        3.90632791666667      -0.163565387358378     
  0.302332916666667        4.20666083333333      -0.145914914592834     
  0.302332916666667        4.50699375000000      -0.131891884490272     
  0.302332916666667        4.80732666666667      -0.121593612193418     
  0.302332916666667        5.10765958333333      -0.113955348082622     
  0.302332916666667        5.40799250000000      -0.108929655898043     
  0.302332916666667        5.70832541666667      -0.106654895400378     
  0.302332916666667        6.00865833333333      -0.106525254335332     
  0.302332916666667        6.30899125000000      -0.107359395569003     
  0.302332916666667        6.60932416666667      -0.107336996297030     
  0.302332916666667        6.90965708333333      -0.106781860636058     
  0.302332916666667        7.20999000000000      -0.109590735561552     
  0.602665833333333       2.000000000000000E-003 -0.554895933306518     
  0.602665833333333       0.302332916666667      -0.556870205623626     
  0.602665833333333       0.602665833333333      -0.539174263105487     
  0.602665833333333       0.902998750000000      -0.492363999510039     
  0.602665833333333        1.20333166666667      -0.435916506326717     
  0.602665833333333        1.50366458333333      -0.382531488772155     
  0.602665833333333        1.80399750000000      -0.335660202626531     
  0.602665833333333        2.10433041666667      -0.295444516630939     
  0.602665833333333        2.40466333333333      -0.261293244801382     
  0.602665833333333        2.70499625000000      -0.232641651825326     
  0.602665833333333        3.00532916666667      -0.210469044315779     
  0.602665833333333        3.30566208333333      -0.195249539453440     
  0.602665833333333        3.60599500000000      -0.183305012994926     
  0.602665833333333        3.90632791666667      -0.168088825650569     
  0.602665833333333        4.20666083333333      -0.151266403099778     
  0.602665833333333        4.50699375000000      -0.136824074009869     
  0.602665833333333        4.80732666666667      -0.125787502603192     
  0.602665833333333        5.10765958333333      -0.117048315743194     
  0.602665833333333        5.40799250000000      -0.110796356439567     
  0.602665833333333        5.70832541666667      -0.106833249165015     
  0.602665833333333        6.00865833333333      -0.104440896721258     
  0.602665833333333        6.30899125000000      -0.102766534769494     
  0.602665833333333        6.60932416666667      -0.101763678160015     
  0.602665833333333        6.90965708333333      -0.104392643143027     
  0.602665833333333        7.20999000000000      -0.107162242573465     
  0.902998750000000       2.000000000000000E-003 -0.597037561865404     
  0.902998750000000       0.302332916666667      -0.588781599085708     
  0.902998750000000       0.602665833333333      -0.559851456053436     
  0.902998750000000       0.902998750000000      -0.511647001455360     
  0.902998750000000        1.20333166666667      -0.455430409734652     
  0.902998750000000        1.50366458333333      -0.400448710829371     
  0.902998750000000        1.80399750000000      -0.351010875581157     
  0.902998750000000        2.10433041666667      -0.308456602457998     
  0.902998750000000        2.40466333333333      -0.273344029246355     
  0.902998750000000        2.70499625000000      -0.244389183923555     
  0.902998750000000        3.00532916666667      -0.220978346070522     
  0.902998750000000        3.30566208333333      -0.202652310696246     
  0.902998750000000        3.60599500000000      -0.186945722781122     
  0.902998750000000        3.90632791666667      -0.171050212669489     
  0.902998750000000        4.20666083333333      -0.155100676308924     
  0.902998750000000        4.50699375000000      -0.140952060404854     
  0.902998750000000        4.80732666666667      -0.129357168104042     
  0.902998750000000        5.10765958333333      -0.119903043460498     
  0.902998750000000        5.40799250000000      -0.112445361938632     
  0.902998750000000        5.70832541666667      -0.106912666770105     
  0.902998750000000        6.00865833333333      -0.102690380189741     
  0.902998750000000        6.30899125000000      -9.946339221133328E-002
  0.902998750000000        6.60932416666667      -9.774684840625518E-002
  0.902998750000000        6.90965708333333      -9.827347030336130E-002
  0.902998750000000        7.20999000000000      -9.742052758110482E-002
   1.20333166666667       2.000000000000000E-003 -0.630761300694710     
   1.20333166666667       0.302332916666667      -0.617954307548480     
   1.20333166666667       0.602665833333333      -0.581439843642802     
   1.20333166666667       0.902998750000000      -0.529013687536944     
   1.20333166666667        1.20333166666667      -0.470325962623203     
   1.20333166666667        1.50366458333333      -0.412955990308872     
   1.20333166666667        1.80399750000000      -0.361125441523413     
   1.20333166666667        2.10433041666667      -0.317238345818737     
   1.20333166666667        2.40466333333333      -0.281513427832923     
   1.20333166666667        2.70499625000000      -0.252101866072273     
   1.20333166666667        3.00532916666667      -0.227795040155066     
   1.20333166666667        3.30566208333333      -0.207536367402059     
   1.20333166666667        3.60599500000000      -0.189808570805307     
   1.20333166666667        3.90632791666667      -0.173250004344279     
   1.20333166666667        4.20666083333333      -0.157742184209354     
   1.20333166666667        4.50699375000000      -0.143961693002738     
   1.20333166666667        4.80732666666667      -0.132204131511458     
   1.20333166666667        5.10765958333333      -0.122348547582959     
   1.20333166666667        5.40799250000000      -0.114120664267160     
   1.20333166666667        5.70832541666667      -0.107420517884929     
   1.20333166666667        6.00865833333333      -0.101928780597290     
   1.20333166666667        6.30899125000000      -9.751909268687560E-002
   1.20333166666667        6.60932416666667      -9.440157988445891E-002
   1.20333166666667        6.90965708333333      -9.232931457166288E-002
   1.20333166666667        7.20999000000000      -8.945151742204606E-002
   1.50366458333333       2.000000000000000E-003 -0.641353066458896     
   1.50366458333333       0.302332916666667      -0.627771570364575     
   1.50366458333333       0.602665833333333      -0.590153225936827     
   1.50366458333333       0.902998750000000      -0.536805170731427     
   1.50366458333333        1.20333166666667      -0.476975375284283     
   1.50366458333333        1.50366458333333      -0.418005414662042     
   1.50366458333333        1.80399750000000      -0.365147089716125     
   1.50366458333333        2.10433041666667      -0.321437911831159     
   1.50366458333333        2.40466333333333      -0.285437070278070     
   1.50366458333333        2.70499625000000      -0.255702330833533     
   1.50366458333333        3.00532916666667      -0.230967224577645     
   1.50366458333333        3.30566208333333      -0.209973570629706     
   1.50366458333333        3.60599500000000      -0.191536622058685     
   1.50366458333333        3.90632791666667      -0.174838294125080     
   1.50366458333333        4.20666083333333      -0.159658816739324     
   1.50366458333333        4.50699375000000      -0.146147222636537     
   1.50366458333333        4.80732666666667      -0.134410348927661     
   1.50366458333333        5.10765958333333      -0.124351625525756     
   1.50366458333333        5.40799250000000      -0.115729693837597     
   1.50366458333333        5.70832541666667      -0.108290600669144     
   1.50366458333333        6.00865833333333      -0.101916099307017     
   1.50366458333333        6.30899125000000      -9.653952368167204E-002
   1.50366458333333        6.60932416666667      -9.215458030704003E-002
   1.50366458333333        6.90965708333333      -8.843025406527590E-002
   1.50366458333333        7.20999000000000      -8.451442559174535E-002
   1.80399750000000       2.000000000000000E-003 -0.632479904448914     
   1.80399750000000       0.302332916666667      -0.619678087482264     
   1.80399750000000       0.602665833333333      -0.583119820443089     
   1.80399750000000       0.902998750000000      -0.531228727049065     
   1.80399750000000        1.20333166666667      -0.472156542033328     
   1.80399750000000        1.50366458333333      -0.414262498436365     
   1.80399750000000        1.80399750000000      -0.363801852771593     
   1.80399750000000        2.10433041666667      -0.320908071436431     
   1.80399750000000        2.40466333333333      -0.285076783210457     
   1.80399750000000        2.70499625000000      -0.255509526428635     
   1.80399750000000        3.00532916666667      -0.231023031021318     
   1.80399750000000        3.30566208333333      -0.210258514231085     
   1.80399750000000        3.60599500000000      -0.192033182894427     
   1.80399750000000        3.90632791666667      -0.175619150098487     
   1.80399750000000        4.20666083333333      -0.160780220884074     
   1.80399750000000        4.50699375000000      -0.147549374692888     
   1.80399750000000        4.80732666666667      -0.135944232851331     
   1.80399750000000        5.10765958333333      -0.125833706544600     
   1.80399750000000        5.40799250000000      -0.116983177526639     
   1.80399750000000        5.70832541666667      -0.109164707121830     
   1.80399750000000        6.00865833333333      -0.102230304943453     
   1.80399750000000        6.30899125000000      -9.616667409491707E-002
   1.80399750000000        6.60932416666667      -9.094858731998050E-002
   1.80399750000000        6.90965708333333      -8.633433815410142E-002
   1.80399750000000        7.20999000000000      -8.188983941595981E-002
   2.10433041666667       2.000000000000000E-003 -0.610136939073143     
   2.10433041666667       0.302332916666667      -0.596818859550552     
   2.10433041666667       0.602665833333333      -0.561686778556983     
   2.10433041666667       0.902998750000000      -0.511408855456664     
   2.10433041666667        1.20333166666667      -0.457407685041683     
   2.10433041666667        1.50366458333333      -0.405194728224780     
   2.10433041666667        1.80399750000000      -0.357480847655503     
   2.10433041666667        2.10433041666667      -0.315772817785576     
   2.10433041666667        2.40466333333333      -0.280693990549538     
   2.10433041666667        2.70499625000000      -0.251923623544003     
   2.10433041666667        3.00532916666667      -0.228335886485342     
   2.10433041666667        3.30566208333333      -0.208455300510723     
   2.10433041666667        3.60599500000000      -0.191000863400575     
   2.10433041666667        3.90632791666667      -0.175223982532163     
   2.10433041666667        4.20666083333333      -0.160899877672946     
   2.10433041666667        4.50699375000000      -0.148060557795789     
   2.10433041666667        4.80732666666667      -0.136703403394786     
   2.10433041666667        5.10765958333333      -0.126669948950451     
   2.10433041666667        5.40799250000000      -0.117716596862090     
   2.10433041666667        5.70832541666667      -0.109651715195917     
   2.10433041666667        6.00865833333333      -0.102405298117572     
   2.10433041666667        6.30899125000000      -9.598722315619503E-002
   2.10433041666667        6.60932416666667      -9.038045656194857E-002
   2.10433041666667        6.90965708333333      -8.545803764886663E-002
   2.10433041666667        7.20999000000000      -8.085313270770468E-002
   2.40466333333333       2.000000000000000E-003 -0.585296097857140     
   2.40466333333333       0.302332916666667      -0.571982667111820     
   2.40466333333333       0.602665833333333      -0.536509889462493     
   2.40466333333333       0.902998750000000      -0.490397436791609     
   2.40466333333333        1.20333166666667      -0.440896263369393     
   2.40466333333333        1.50366458333333      -0.392050742250212     
   2.40466333333333        1.80399750000000      -0.346606091298509     
   2.40466333333333        2.10433041666667      -0.306546903008741     
   2.40466333333333        2.40466333333333      -0.272917737493196     
   2.40466333333333        2.70499625000000      -0.245592720908318     
   2.40466333333333        3.00532916666667      -0.223434550108295     
   2.40466333333333        3.30566208333333      -0.204861819074500     
   2.40466333333333        3.60599500000000      -0.188506320343914     
   2.40466333333333        3.90632791666667      -0.173600803562456     
   2.40466333333333        4.20666083333333      -0.159950639788759     
   2.40466333333333        4.50699375000000      -0.147621097538990     
   2.40466333333333        4.80732666666667      -0.136615655401961     
   2.40466333333333        5.10765958333333      -0.126758949025855     
   2.40466333333333        5.40799250000000      -0.117797143597769     
   2.40466333333333        5.70832541666667      -0.109566630491621     
   2.40466333333333        6.00865833333333      -0.102079131442570     
   2.40466333333333        6.30899125000000      -9.547977919551004E-002
   2.40466333333333        6.60932416666667      -8.991297111257142E-002
   2.40466333333333        6.90965708333333      -8.528505193109315E-002
   2.40466333333333        7.20999000000000      -8.102495270350389E-002
   2.70499625000000       2.000000000000000E-003 -0.566017365253716     
   2.70499625000000       0.302332916666667      -0.554668310980553     
   2.70499625000000       0.602665833333333      -0.521506631186824     
   2.70499625000000       0.902998750000000      -0.473277342111933     
   2.70499625000000        1.20333166666667      -0.422766174003916     
   2.70499625000000        1.50366458333333      -0.375302355651898     
   2.70499625000000        1.80399750000000      -0.331981067766540     
   2.70499625000000        2.10433041666667      -0.294154954702760     
   2.70499625000000        2.40466333333333      -0.262670832746842     
   2.70499625000000        2.70499625000000      -0.237335350968486     
   2.70499625000000        3.00532916666667      -0.216956763304150     
   2.70499625000000        3.30566208333333      -0.199903603433553     
   2.70499625000000        3.60599500000000      -0.184789292228134     
   2.70499625000000        3.90632791666667      -0.170870438847307     
   2.70499625000000        4.20666083333333      -0.157997880792328     
   2.70499625000000        4.50699375000000      -0.146269861466496     
   2.70499625000000        4.80732666666667      -0.135693586592262     
   2.70499625000000        5.10765958333333      -0.126080221173979     
   2.70499625000000        5.40799250000000      -0.117169849511908     
   2.70499625000000        5.70832541666667      -0.108818434795549     
   2.70499625000000        6.00865833333333      -0.101096765958028     
   2.70499625000000        6.30899125000000      -9.429820220898430E-002
   2.70499625000000        6.60932416666667      -8.891112023257752E-002
   2.70499625000000        6.90965708333333      -8.506587472020079E-002
   2.70499625000000        7.20999000000000      -8.171718944259233E-002
   3.00532916666667       2.000000000000000E-003 -0.542563317512786     
   3.00532916666667       0.302332916666667      -0.534413281203246     
   3.00532916666667       0.602665833333333      -0.504049302596607     
   3.00532916666667       0.902998750000000      -0.455611010978074     
   3.00532916666667        1.20333166666667      -0.402762175366439     
   3.00532916666667        1.50366458333333      -0.355685724054125     
   3.00532916666667        1.80399750000000      -0.314694515473833     
   3.00532916666667        2.10433041666667      -0.279698960656661     
   3.00532916666667        2.40466333333333      -0.250915844779993     
   3.00532916666667        2.70499625000000      -0.227920440036172     
   3.00532916666667        3.00532916666667      -0.209473912744297     
   3.00532916666667        3.30566208333333      -0.193980431346236     
   3.00532916666667        3.60599500000000      -0.180121081513063     
   3.00532916666667        3.90632791666667      -0.167222663066070     
   3.00532916666667        4.20666083333333      -0.155185501807732     
   3.00532916666667        4.50699375000000      -0.144122259052792     
   3.00532916666667        4.80732666666667      -0.134028110526772     
   3.00532916666667        5.10765958333333      -0.124701574613978     
   3.00532916666667        5.40799250000000      -0.115883762819722     
   3.00532916666667        5.70832541666667      -0.107434591648461     
   3.00532916666667        6.00865833333333      -9.940524695472719E-002
   3.00532916666667        6.30899125000000      -9.214248288144947E-002
   3.00532916666667        6.60932416666667      -8.666502849971902E-002
   3.00532916666667        6.90965708333333      -8.376295632236812E-002
   3.00532916666667        7.20999000000000      -8.187184057306048E-002
   3.30566208333333       2.000000000000000E-003 -0.519583139322908     
   3.30566208333333       0.302332916666667      -0.517300979063949     
   3.30566208333333       0.602665833333333      -0.486887815909642     
   3.30566208333333       0.902998750000000      -0.434674568233774     
   3.30566208333333        1.20333166666667      -0.380187105770412     
   3.30566208333333        1.50366458333333      -0.333724727963100     
   3.30566208333333        1.80399750000000      -0.295674413707793     
   3.30566208333333        2.10433041666667      -0.264072265193879     
   3.30566208333333        2.40466333333333      -0.238362822613007     
   3.30566208333333        2.70499625000000      -0.217870040137077     
   3.30566208333333        3.00532916666667      -0.201365291111616     
   3.30566208333333        3.30566208333333      -0.187378142381679     
   3.30566208333333        3.60599500000000      -0.174731541169273     
   3.30566208333333        3.90632791666667      -0.162852700822990     
   3.30566208333333        4.20666083333333      -0.151682020093201     
   3.30566208333333        4.50699375000000      -0.141322663592298     
   3.30566208333333        4.80732666666667      -0.131744860491212     
   3.30566208333333        5.10765958333333      -0.122740954151090     
   3.30566208333333        5.40799250000000      -0.114067378024981     
   3.30566208333333        5.70832541666667      -0.105581211985081     
   3.30566208333333        6.00865833333333      -9.720880059929926E-002
   3.30566208333333        6.30899125000000      -8.928315470946079E-002
   3.30566208333333        6.60932416666667      -8.309757263776887E-002
   3.30566208333333        6.90965708333333      -8.043252192784540E-002
   3.30566208333333        7.20999000000000      -7.970248416132754E-002
   3.60599500000000       2.000000000000000E-003 -0.485273048416606     
   3.60599500000000       0.302332916666667      -0.489372311678044     
   3.60599500000000       0.602665833333333      -0.457483656237208     
   3.60599500000000       0.902998750000000      -0.404993249766347     
   3.60599500000000        1.20333166666667      -0.352587381336083     
   3.60599500000000        1.50366458333333      -0.309259318760304     
   3.60599500000000        1.80399750000000      -0.275357337275637     
   3.60599500000000        2.10433041666667      -0.247729798118216     
   3.60599500000000        2.40466333333333      -0.225349405439712     
   3.60599500000000        2.70499625000000      -0.207425029061625     
   3.60599500000000        3.00532916666667      -0.192826446640631     
   3.60599500000000        3.30566208333333      -0.180281278635704     
   3.60599500000000        3.60599500000000      -0.168804068860148     
   3.60599500000000        3.90632791666667      -0.157936609607291     
   3.60599500000000        4.20666083333333      -0.147644744244050     
   3.60599500000000        4.50699375000000      -0.138003958189828     
   3.60599500000000        4.80732666666667      -0.128958512732877     
   3.60599500000000        5.10765958333333      -0.120311818121237     
   3.60599500000000        5.40799250000000      -0.111863639760403     
   3.60599500000000        5.70832541666667      -0.103504064055303     
   3.60599500000000        6.00865833333333      -9.509978517345119E-002
   3.60599500000000        6.30899125000000      -8.697498497621764E-002
   3.60599500000000        6.60932416666667      -8.038587681462769E-002
   3.60599500000000        6.90965708333333      -7.745457746811318E-002
   3.60599500000000        7.20999000000000      -7.656015389450463E-002
   3.90632791666667       2.000000000000000E-003 -0.411141446419587     
   3.90632791666667       0.302332916666667      -0.415413842162519     
   3.90632791666667       0.602665833333333      -0.398240899133200     
   3.90632791666667       0.902998750000000      -0.359958220172842     
   3.90632791666667        1.20333166666667      -0.317825435941735     
   3.90632791666667        1.50366458333333      -0.282104452441301     
   3.90632791666667        1.80399750000000      -0.253917381789626     
   3.90632791666667        2.10433041666667      -0.230829293670533     
   3.90632791666667        2.40466333333333      -0.211984087130296     
   3.90632791666667        2.70499625000000      -0.196685115818897     
   3.90632791666667        3.00532916666667      -0.183982134604432     
   3.90632791666667        3.30566208333333      -0.172844940738614     
   3.90632791666667        3.60599500000000      -0.162505994604311     
   3.90632791666667        3.90632791666667      -0.152629033195251     
   3.90632791666667        4.20666083333333      -0.143197890773723     
   3.90632791666667        4.50699375000000      -0.134257602951166     
   3.90632791666667        4.80732666666667      -0.125738718259128     
   3.90632791666667        5.10765958333333      -0.117479420930447     
   3.90632791666667        5.40799250000000      -0.109354290438493     
   3.90632791666667        5.70832541666667      -0.101347177875916     
   3.90632791666667        6.00865833333333      -9.345676352729240E-002
   3.90632791666667        6.30899125000000      -8.606664458702912E-002
   3.90632791666667        6.60932416666667      -8.050671225649210E-002
   3.90632791666667        6.90965708333333      -7.840198491564089E-002
   3.90632791666667        7.20999000000000      -7.772132997303950E-002
   4.20666083333333       2.000000000000000E-003 -0.328434740805229     
   4.20666083333333       0.302332916666667      -0.331216647433521     
   4.20666083333333       0.602665833333333      -0.326262102125174     
   4.20666083333333       0.902998750000000      -0.306204799270379     
   4.20666083333333        1.20333166666667      -0.278768065980648     
   4.20666083333333        1.50366458333333      -0.253431992490578     
   4.20666083333333        1.80399750000000      -0.231847229231208     
   4.20666083333333        2.10433041666667      -0.213612479110856     
   4.20666083333333        2.40466333333333      -0.198423123822240     
   4.20666083333333        2.70499625000000      -0.185794198387218     
   4.20666083333333        3.00532916666667      -0.174989718363196     
   4.20666083333333        3.30566208333333      -0.165235158120483     
   4.20666083333333        3.60599500000000      -0.155989338066587     
   4.20666083333333        3.90632791666667      -0.147044228631931     
   4.20666083333333        4.20666083333333      -0.138409730019164     
   4.20666083333333        4.50699375000000      -0.130115724049934     
   4.20666083333333        4.80732666666667      -0.122100383570970     
   4.20666083333333        5.10765958333333      -0.114253636603941     
   4.20666083333333        5.40799250000000      -0.106534892557949     
   4.20666083333333        5.70832541666667      -9.903601240584921E-002
   4.20666083333333        6.00865833333333      -9.194837748379925E-002
   4.20666083333333        6.30899125000000      -8.566866029566989E-002
   4.20666083333333        6.60932416666667      -8.123698065166257E-002
   4.20666083333333        6.90965708333333      -7.923983613106021E-002
   4.20666083333333        7.20999000000000      -7.778777297106804E-002
   4.50699375000000       2.000000000000000E-003 -0.265087142721336     
   4.50699375000000       0.302332916666667      -0.266732214142544     
   4.50699375000000       0.602665833333333      -0.266248790781190     
   4.50699375000000       0.902998750000000      -0.257440454813757     
   4.50699375000000        1.20333166666667      -0.242083396180315     
   4.50699375000000        1.50366458333333      -0.225565359017625     
   4.50699375000000        1.80399750000000      -0.210194745521313     
   4.50699375000000        2.10433041666667      -0.196661803984866     
   4.50699375000000        2.40466333333333      -0.185039702434294     
   4.50699375000000        2.70499625000000      -0.175011587633683     
   4.50699375000000        3.00532916666667      -0.166034937878637     
   4.50699375000000        3.30566208333333      -0.157580135923700     
   4.50699375000000        3.60599500000000      -0.149329384976578     
   4.50699375000000        3.90632791666667      -0.141209833612870     
   4.50699375000000        4.20666083333333      -0.133275051804643     
   4.50699375000000        4.50699375000000      -0.125561686901369     
   4.50699375000000        4.80732666666667      -0.118031059869192     
   4.50699375000000        5.10765958333333      -0.110625146736653     
   4.50699375000000        5.40799250000000      -0.103368805584703     
   4.50699375000000        5.70832541666667      -9.641674575342711E-002
   4.50699375000000        6.00865833333333      -9.002455892615335E-002
   4.50699375000000        6.30899125000000      -8.453961147505584E-002
   4.50699375000000        6.60932416666667      -8.044358864475365E-002
   4.50699375000000        6.90965708333333      -7.772910168215516E-002
   4.50699375000000        7.20999000000000      -7.516888461676134E-002
   4.80732666666667       2.000000000000000E-003 -0.224271027069687     
   4.80732666666667       0.302332916666667      -0.225224596088980     
   4.80732666666667       0.602665833333333      -0.225210677593632     
   4.80732666666667       0.902998750000000      -0.220106959079361     
   4.80732666666667        1.20333166666667      -0.211066594559299     
   4.80732666666667        1.50366458333333      -0.200577105016607     
   4.80732666666667        1.80399750000000      -0.190253023419229     
   4.80732666666667        2.10433041666667      -0.180807034274754     
   4.80732666666667        2.40466333333333      -0.172348375318262     
   4.80732666666667        2.70499625000000      -0.164620797434445     
   4.80732666666667        3.00532916666667      -0.157235306650821     
   4.80732666666667        3.30566208333333      -0.149886681556114     
   4.80732666666667        3.60599500000000      -0.142470113042619     
   4.80732666666667        3.90632791666667      -0.135048586691126     
   4.80732666666667        4.20666083333333      -0.127729318235467     
   4.80732666666667        4.50699375000000      -0.120563316105813     
   4.80732666666667        4.80732666666667      -0.113531125904843     
   4.80732666666667        5.10765958333333      -0.106609271457296     
   4.80732666666667        5.40799250000000      -9.985457704293196E-002
   4.80732666666667        5.70832541666667      -9.342870757363476E-002
   4.80732666666667        6.00865833333333      -8.755039088786083E-002
   4.80732666666667        6.30899125000000      -8.242945872325358E-002
   4.80732666666667        6.60932416666667      -7.820642611772953E-002
   4.80732666666667        6.90965708333333      -7.477176498501099E-002
   4.80732666666667        7.20999000000000      -7.147931102457883E-002
   5.10765958333333       2.000000000000000E-003 -0.198090910560018     
   5.10765958333333       0.302332916666667      -0.197631235330581     
   5.10765958333333       0.602665833333333      -0.195615902227655     
   5.10765958333333       0.902998750000000      -0.191819832824576     
   5.10765958333333        1.20333166666667      -0.186196635704941     
   5.10765958333333        1.50366458333333      -0.179666152897463     
   5.10765958333333        1.80399750000000      -0.173058777400029     
   5.10765958333333        2.10433041666667      -0.166759959159015     
   5.10765958333333        2.40466333333333      -0.160743113470132     
   5.10765958333333        2.70499625000000      -0.154755437273514     
   5.10765958333333        3.00532916666667      -0.148541973477196     
   5.10765958333333        3.30566208333333      -0.142007693603432     
   5.10765958333333        3.60599500000000      -0.135244493270618     
   5.10765958333333        3.90632791666667      -0.128432426992613     
   5.10765958333333        4.20666083333333      -0.121711936047451     
   5.10765958333333        4.50699375000000      -0.115125816836747     
   5.10765958333333        4.80732666666667      -0.108649572440365     
   5.10765958333333        5.10765958333333      -0.102268791420082     
   5.10765958333333        5.40799250000000      -9.604328699569649E-002
   5.10765958333333        5.70832541666667      -9.010920818500295E-002
   5.10765958333333        6.00865833333333      -8.462175841747077E-002
   5.10765958333333        6.30899125000000      -7.968748583898751E-002
   5.10765958333333        6.60932416666667      -7.532417989456396E-002
   5.10765958333333        6.90965708333333      -7.143505682465506E-002
   5.10765958333333        7.20999000000000      -6.779362715133765E-002
   5.40799250000000       2.000000000000000E-003 -0.180049851638378     
   5.40799250000000       0.302332916666667      -0.178753846693076     
   5.40799250000000       0.602665833333333      -0.175499274285572     
   5.40799250000000       0.902998750000000      -0.171286096824376     
   5.40799250000000        1.20333166666667      -0.167108071294445     
   5.40799250000000        1.50366458333333      -0.163124220399644     
   5.40799250000000        1.80399750000000      -0.158987774709753     
   5.40799250000000        2.10433041666667      -0.154748382316861     
   5.40799250000000        2.40466333333333      -0.150260778227194     
   5.40799250000000        2.70499625000000      -0.145291909134752     
   5.40799250000000        3.00532916666667      -0.139730035289968     
   5.40799250000000        3.30566208333333      -0.133692197893156     
   5.40799250000000        3.60599500000000      -0.127456174373874     
   5.40799250000000        3.90632791666667      -0.121275343826498     
   5.40799250000000        4.20666083333333      -0.115250209625264     
   5.40799250000000        4.50699375000000      -0.109350660619322     
   5.40799250000000        4.80732666666667      -0.103512762629900     
   5.40799250000000        5.10765958333333      -9.771672142727449E-002
   5.40799250000000        5.40799250000000      -9.201766707546168E-002
   5.40799250000000        5.70832541666667      -8.652353920370179E-002
   5.40799250000000        6.00865833333333      -8.134032359214725E-002
   5.40799250000000        6.30899125000000      -7.654781310494288E-002
   5.40799250000000        6.60932416666667      -7.214074395098155E-002
   5.40799250000000        6.90965708333333      -6.809307203239444E-002
   5.40799250000000        7.20999000000000      -6.441147596185111E-002
   5.70832541666667       2.000000000000000E-003 -0.169683125527757     
   5.70832541666667       0.302332916666667      -0.167689864801528     
   5.70832541666667       0.602665833333333      -0.162973608385634     
   5.70832541666667       0.902998750000000      -0.157748095061214     
   5.70832541666667        1.20333166666667      -0.153507529719966     
   5.70832541666667        1.50366458333333      -0.150425499479962     
   5.70832541666667        1.80399750000000      -0.147636625464107     
   5.70832541666667        2.10433041666667      -0.144426785710074     
   5.70832541666667        2.40466333333333      -0.140584231120269     
   5.70832541666667        2.70499625000000      -0.135929523358094     
   5.70832541666667        3.00532916666667      -0.130501046621042     
   5.70832541666667        3.30566208333333      -0.124663511588684     
   5.70832541666667        3.60599500000000      -0.118936398873375     
   5.70832541666667        3.90632791666667      -0.113594863519513     
   5.70832541666667        4.20666083333333      -0.108519922710222     
   5.70832541666667        4.50699375000000      -0.103472953946845     
   5.70832541666667        4.80732666666667      -9.833230369754693E-002
   5.70832541666667        5.10765958333333      -9.310375198816782E-002
   5.70832541666667        5.40799250000000      -8.786665719415150E-002
   5.70832541666667        5.70832541666667      -8.273558599027873E-002
   5.70832541666667        6.00865833333333      -7.784741516090456E-002
   5.70832541666667        6.30899125000000      -7.322120985728996E-002
   5.70832541666667        6.60932416666667      -6.881048575122917E-002
   5.70832541666667        6.90965708333333      -6.466193078800668E-002
   5.70832541666667        7.20999000000000      -6.101388766153565E-002
   6.00865833333333       2.000000000000000E-003 -0.163442990854061     
   6.00865833333333       0.302332916666667      -0.160671170579579     
   6.00865833333333       0.602665833333333      -0.154459217929389     
   6.00865833333333       0.902998750000000      -0.148163070153681     
   6.00865833333333        1.20333166666667      -0.143485532518267     
   6.00865833333333        1.50366458333333      -0.140463034610820     
   6.00865833333333        1.80399750000000      -0.138097055280309     
   6.00865833333333        2.10433041666667      -0.135151492401621     
   6.00865833333333        2.40466333333333      -0.131318716665019     
   6.00865833333333        2.70499625000000      -0.126437586269776     
   6.00865833333333        3.00532916666667      -0.120605444963471     
   6.00865833333333        3.30566208333333      -0.114531717244659     
   6.00865833333333        3.60599500000000      -0.109397709919510     
   6.00865833333333        3.90632791666667      -0.105464852934450     
   6.00865833333333        4.20666083333333      -0.101882122935850     
   6.00865833333333        4.50699375000000      -9.787486191201145E-002
   6.00865833333333        4.80732666666667      -9.338360340016691E-002
   6.00865833333333        5.10765958333333      -8.858943062221003E-002
   6.00865833333333        5.40799250000000      -8.366735435106502E-002
   6.00865833333333        5.70832541666667      -7.883479333897819E-002
   6.00865833333333        6.00865833333333      -7.422591307989582E-002
   6.00865833333333        6.30899125000000      -6.982292478558486E-002
   6.00865833333333        6.60932416666667      -6.547049888470670E-002
   6.00865833333333        6.90965708333333      -6.114660041109975E-002
   6.00865833333333        7.20999000000000      -5.745971348685743E-002
   6.30899125000000       2.000000000000000E-003 -0.155590096029447     
   6.30899125000000       0.302332916666667      -0.152501235613555     
   6.30899125000000       0.602665833333333      -0.146436089794272     
   6.30899125000000       0.902998750000000      -0.140336524089922     
   6.30899125000000        1.20333166666667      -0.135385161785625     
   6.30899125000000        1.50366458333333      -0.131987371895683     
   6.30899125000000        1.80399750000000      -0.129428789447749     
   6.30899125000000        2.10433041666667      -0.126426590459190     
   6.30899125000000        2.40466333333333      -0.122366400156216     
   6.30899125000000        2.70499625000000      -0.116972938059360     
   6.30899125000000        3.00532916666667      -0.110200629923179     
   6.30899125000000        3.30566208333333      -0.103653440496109     
   6.30899125000000        3.60599500000000      -9.948923511713417E-002
   6.30899125000000        3.90632791666667      -9.772711718724773E-002
   6.30899125000000        4.20666083333333      -9.611597166172908E-002
   6.30899125000000        4.50699375000000      -9.311808843031485E-002
   6.30899125000000        4.80732666666667      -8.895057355011968E-002
   6.30899125000000        5.10765958333333      -8.429379531023792E-002
   6.30899125000000        5.40799250000000      -7.949003617735652E-002
   6.30899125000000        5.70832541666667      -7.482523554215038E-002
   6.30899125000000        6.00865833333333      -7.044365298706859E-002
   6.30899125000000        6.30899125000000      -6.637562942447789E-002
   6.30899125000000        6.60932416666667      -6.233273263103807E-002
   6.30899125000000        6.90965708333333      -5.777923804038616E-002
   6.30899125000000        7.20999000000000      -5.374018878130520E-002
   6.60932416666667       2.000000000000000E-003 -0.142632988068217     
   6.60932416666667       0.302332916666667      -0.140515746638065     
   6.60932416666667       0.602665833333333      -0.139072378682921     
   6.60932416666667       0.902998750000000      -0.134697560299035     
   6.60932416666667        1.20333166666667      -0.128953577823457     
   6.60932416666667        1.50366458333333      -0.124514912439539     
   6.60932416666667        1.80399750000000      -0.121313296248326     
   6.60932416666667        2.10433041666667      -0.118167282296262     
   6.60932416666667        2.40466333333333      -0.114125241434826     
   6.60932416666667        2.70499625000000      -0.108561552002368     
   6.60932416666667        3.00532916666667      -0.101315636851228     
   6.60932416666667        3.30566208333333      -9.444004652801445E-002
   6.60932416666667        3.60599500000000      -9.169043907836333E-002
   6.60932416666667        3.90632791666667      -9.266680038111035E-002
   6.60932416666667        4.20666083333333      -9.262280561054663E-002
   6.60932416666667        4.50699375000000      -8.977706209838841E-002
   6.60932416666667        4.80732666666667      -8.518968073169643E-002
   6.60932416666667        5.10765958333333      -8.023616106841472E-002
   6.60932416666667        5.40799250000000      -7.535348830798999E-002
   6.60932416666667        5.70832541666667      -7.070156540203112E-002
   6.60932416666667        6.00865833333333      -6.640028820685792E-002
   6.60932416666667        6.30899125000000      -6.264128943974907E-002
   6.60932416666667        6.60932416666667      -5.941076230273790E-002
   6.60932416666667        6.90965708333333      -5.523368200775066E-002
   6.60932416666667        7.20999000000000      -5.025329670583703E-002
   6.90965708333333       2.000000000000000E-003 -0.140229295222769     
   6.90965708333333       0.302332916666667      -0.137406318047477     
   6.90965708333333       0.602665833333333      -0.141008468265703     
   6.90965708333333       0.902998750000000      -0.133376399984243     
   6.90965708333333        1.20333166666667      -0.124155673709409     
   6.90965708333333        1.50366458333333      -0.117827962775435     
   6.90965708333333        1.80399750000000      -0.113786030031441     
   6.90965708333333        2.10433041666667      -0.110582290986665     
   6.90965708333333        2.40466333333333      -0.107196273646469     
   6.90965708333333        2.70499625000000      -0.102672156322812     
   6.90965708333333        3.00532916666667      -9.672615958168077E-002
   6.90965708333333        3.30566208333333      -9.111718409318011E-002
   6.90965708333333        3.60599500000000      -8.998423200735613E-002
   6.90965708333333        3.90632791666667      -9.202091266476063E-002
   6.90965708333333        4.20666083333333      -9.140630607404547E-002
   6.90965708333333        4.50699375000000      -8.735368412445978E-002
   6.90965708333333        4.80732666666667      -8.181702101670782E-002
   6.90965708333333        5.10765958333333      -7.630103743969935E-002
   6.90965708333333        5.40799250000000      -7.127736629301606E-002
   6.90965708333333        5.70832541666667      -6.660012296358545E-002
   6.90965708333333        6.00865833333333      -6.221389975112181E-002
   6.90965708333333        6.30899125000000      -5.828205601541253E-002
   6.90965708333333        6.60932416666667      -5.538186516708540E-002
   6.90965708333333        6.90965708333333      -5.331014567574621E-002
   6.90965708333333        7.20999000000000      -4.840592086332483E-002
   7.20999000000000       2.000000000000000E-003 -0.136225522682062     
   7.20999000000000       0.302332916666667      -0.147415382789947     
   7.20999000000000       0.602665833333333      -0.146246690669090     
   7.20999000000000       0.902998750000000      -0.131081201771037     
   7.20999000000000        1.20333166666667      -0.118724434283969     
   7.20999000000000        1.50366458333333      -0.111204862480614     
   7.20999000000000        1.80399750000000      -0.106768044615612     
   7.20999000000000        2.10433041666667      -0.103802981827437     
   7.20999000000000        2.40466333333333      -0.101527411033581     
   7.20999000000000        2.70499625000000      -9.911966682778357E-002
   7.20999000000000        3.00532916666667      -9.644478935921838E-002
   7.20999000000000        3.30566208333333      -9.380443191235666E-002
   7.20999000000000        3.60599500000000      -9.064940076271742E-002
   7.20999000000000        3.90632791666667      -9.058068885148585E-002
   7.20999000000000        4.20666083333333      -8.902990623234683E-002
   7.20999000000000        4.50699375000000      -8.401301310333380E-002
   7.20999000000000        4.80732666666667      -7.796083321367785E-002
   7.20999000000000        5.10765958333333      -7.225817985007155E-002
   7.20999000000000        5.40799250000000      -6.733125895938966E-002
   7.20999000000000        5.70832541666667      -6.284431453066108E-002
   7.20999000000000        6.00865833333333      -5.860755946030149E-002
   7.20999000000000        6.30899125000000      -5.453319665687389E-002
   7.20999000000000        6.60932416666667      -5.087093591538182E-002
   7.20999000000000        6.90965708333333      -4.875881817982499E-002
   7.20999000000000        7.20999000000000      -4.792308131119639E-002
