  2.000000000000000E-003  2.000000000000000E-003  -1.91787754977816     
  2.000000000000000E-003  0.302332916666667       -1.89046731916578     
  2.000000000000000E-003  0.602665833333333       -1.57712237499144     
  2.000000000000000E-003  0.902998750000000       -1.19900054010986     
  2.000000000000000E-003   1.20333166666667      -0.898796200124359     
  2.000000000000000E-003   1.50366458333333      -0.679872267238768     
  2.000000000000000E-003   1.80399750000000      -0.520211965673839     
  2.000000000000000E-003   2.10433041666667      -0.401142791503537     
  2.000000000000000E-003   2.40466333333333      -0.308263128520123     
  2.000000000000000E-003   2.70499625000000      -0.236732173853770     
  2.000000000000000E-003   3.00532916666667      -0.190507839169270     
  2.000000000000000E-003   3.30566208333333      -0.178947519421594     
  2.000000000000000E-003   3.60599500000000      -0.185704452655986     
  2.000000000000000E-003   3.90632791666667      -0.150685003961265     
  2.000000000000000E-003   4.20666083333333      -0.124637908090403     
  2.000000000000000E-003   4.50699375000000      -0.106578571992994     
  2.000000000000000E-003   4.80732666666667      -9.498066450380270E-002
  2.000000000000000E-003   5.10765958333333      -8.689219959359003E-002
  2.000000000000000E-003   5.40799250000000      -8.189126953084323E-002
  2.000000000000000E-003   5.70832541666667      -8.169449460298013E-002
  2.000000000000000E-003   6.00865833333333      -8.575091829176992E-002
  2.000000000000000E-003   6.30899125000000      -9.203850318473521E-002
  2.000000000000000E-003   6.60932416666667      -9.624276121253617E-002
  2.000000000000000E-003   6.90965708333333      -9.002645313959998E-002
  2.000000000000000E-003   7.20999000000000      -7.774372842844977E-002
  0.302332916666667       2.000000000000000E-003  -1.89018231475751     
  0.302332916666667       0.302332916666667       -1.70957624746183     
  0.302332916666667       0.602665833333333       -1.42866148128813     
  0.302332916666667       0.902998750000000       -1.12041970049734     
  0.302332916666667        1.20333166666667      -0.858228239057824     
  0.302332916666667        1.50366458333333      -0.657878787819117     
  0.302332916666667        1.80399750000000      -0.508178551911115     
  0.302332916666667        2.10433041666667      -0.395288350499379     
  0.302332916666667        2.40466333333333      -0.307781893600178     
  0.302332916666667        2.70499625000000      -0.240815467568808     
  0.302332916666667        3.00532916666667      -0.199414109005873     
  0.302332916666667        3.30566208333333      -0.189130299023300     
  0.302332916666667        3.60599500000000      -0.189871507275905     
  0.302332916666667        3.90632791666667      -0.161937482557785     
  0.302332916666667        4.20666083333333      -0.131451954146638     
  0.302332916666667        4.50699375000000      -0.110250064811975     
  0.302332916666667        4.80732666666667      -9.725377855922544E-002
  0.302332916666667        5.10765958333333      -8.818811454991504E-002
  0.302332916666667        5.40799250000000      -8.255382418272356E-002
  0.302332916666667        5.70832541666667      -8.170655357149428E-002
  0.302332916666667        6.00865833333333      -8.444171261378765E-002
  0.302332916666667        6.30899125000000      -8.795817438380739E-002
  0.302332916666667        6.60932416666667      -8.670790160131826E-002
  0.302332916666667        6.90965708333333      -7.667444933788835E-002
  0.302332916666667        7.20999000000000      -7.415708084465522E-002
  0.602665833333333       2.000000000000000E-003  -1.57670584117888     
  0.602665833333333       0.302332916666667       -1.42840910697502     
  0.602665833333333       0.602665833333333       -1.18563545907574     
  0.602665833333333       0.902998750000000      -0.960069328343937     
  0.602665833333333        1.20333166666667      -0.763129010849411     
  0.602665833333333        1.50366458333333      -0.602526135257323     
  0.602665833333333        1.80399750000000      -0.476418062218202     
  0.602665833333333        2.10433041666667      -0.378959087237131     
  0.602665833333333        2.40466333333333      -0.304254712142514     
  0.602665833333333        2.70499625000000      -0.247532448848796     
  0.602665833333333        3.00532916666667      -0.213303587821132     
  0.602665833333333        3.30566208333333      -0.200678503370645     
  0.602665833333333        3.60599500000000      -0.192901777615383     
  0.602665833333333        3.90632791666667      -0.169876205140353     
  0.602665833333333        4.20666083333333      -0.140241986954764     
  0.602665833333333        4.50699375000000      -0.116808362261846     
  0.602665833333333        4.80732666666667      -0.101889142429901     
  0.602665833333333        5.10765958333333      -9.108860620489515E-002
  0.602665833333333        5.40799250000000      -8.451748579743570E-002
  0.602665833333333        5.70832541666667      -8.225573086089731E-002
  0.602665833333333        6.00865833333333      -8.256840148892688E-002
  0.602665833333333        6.30899125000000      -8.248239136648464E-002
  0.602665833333333        6.60932416666667      -7.847006519894778E-002
  0.602665833333333        6.90965708333333      -7.203866270590488E-002
  0.602665833333333        7.20999000000000      -7.070247610008172E-002
  0.902998750000000       2.000000000000000E-003  -1.19861425691434     
  0.902998750000000       0.302332916666667       -1.12010807577541     
  0.902998750000000       0.602665833333333      -0.959918755150854     
  0.902998750000000       0.902998750000000      -0.798001223196845     
  0.902998750000000        1.20333166666667      -0.654553900298590     
  0.902998750000000        1.50366458333333      -0.533203908514188     
  0.902998750000000        1.80399750000000      -0.434021685626464     
  0.902998750000000        2.10433041666667      -0.355229793864908     
  0.902998750000000        2.40466333333333      -0.294236376775856     
  0.902998750000000        2.70499625000000      -0.248561619443791     
  0.902998750000000        3.00532916666667      -0.218446501828129     
  0.902998750000000        3.30566208333333      -0.201579508492576     
  0.902998750000000        3.60599500000000      -0.187510013846095     
  0.902998750000000        3.90632791666667      -0.166931199447534     
  0.902998750000000        4.20666083333333      -0.142290525677868     
  0.902998750000000        4.50699375000000      -0.120959626881655     
  0.902998750000000        4.80732666666667      -0.105534291009871     
  0.902998750000000        5.10765958333333      -9.449829896948864E-002
  0.902998750000000        5.40799250000000      -8.722924099984533E-002
  0.902998750000000        5.70832541666667      -8.372473762602482E-002
  0.902998750000000        6.00865833333333      -8.216822709436063E-002
  0.902998750000000        6.30899125000000      -8.045180305472549E-002
  0.902998750000000        6.60932416666667      -7.721305714497692E-002
  0.902998750000000        6.90965708333333      -7.353673189880722E-002
  0.902998750000000        7.20999000000000      -7.093486010650663E-002
   1.20333166666667       2.000000000000000E-003 -0.898405074977267     
   1.20333166666667       0.302332916666667      -0.857875350975509     
   1.20333166666667       0.602665833333333      -0.762879171880682     
   1.20333166666667       0.902998750000000      -0.654429820477188     
   1.20333166666667        1.20333166666667      -0.552752098020375     
   1.20333166666667        1.50366458333333      -0.463874130307891     
   1.20333166666667        1.80399750000000      -0.388943693843671     
   1.20333166666667        2.10433041666667      -0.327497404408407     
   1.20333166666667        2.40466333333333      -0.278693788612647     
   1.20333166666667        2.70499625000000      -0.241536401379430     
   1.20333166666667        3.00532916666667      -0.214666314674178     
   1.20333166666667        3.30566208333333      -0.195429047326214     
   1.20333166666667        3.60599500000000      -0.178582673328531     
   1.20333166666667        3.90632791666667      -0.159784768085569     
   1.20333166666667        4.20666083333333      -0.139730654496724     
   1.20333166666667        4.50699375000000      -0.121762797032636     
   1.20333166666667        4.80732666666667      -0.107571858071039     
   1.20333166666667        5.10765958333333      -9.723037590257631E-002
   1.20333166666667        5.40799250000000      -9.010767266780444E-002
   1.20333166666667        5.70832541666667      -8.581011709162223E-002
   1.20333166666667        6.00865833333333      -8.308508719141945E-002
   1.20333166666667        6.30899125000000      -8.056096339399822E-002
   1.20333166666667        6.60932416666667      -7.759815453056595E-002
   1.20333166666667        6.90965708333333      -7.441526879434286E-002
   1.20333166666667        7.20999000000000      -7.115737062407750E-002
   1.50366458333333       2.000000000000000E-003 -0.679434707005355     
   1.50366458333333       0.302332916666667      -0.657466370238782     
   1.50366458333333       0.602665833333333      -0.602190417209536     
   1.50366458333333       0.902998750000000      -0.532975232927723     
   1.50366458333333        1.20333166666667      -0.463762574632000     
   1.50366458333333        1.50366458333333      -0.400744197112865     
   1.50366458333333        1.80399750000000      -0.345597635424194     
   1.50366458333333        2.10433041666667      -0.298719716087625     
   1.50366458333333        2.40466333333333      -0.260289533401424     
   1.50366458333333        2.70499625000000      -0.229830943649472     
   1.50366458333333        3.00532916666667      -0.206096086666699     
   1.50366458333333        3.30566208333333      -0.186983346815391     
   1.50366458333333        3.60599500000000      -0.169870958813547     
   1.50366458333333        3.90632791666667      -0.152917760748897     
   1.50366458333333        4.20666083333333      -0.136190835216694     
   1.50366458333333        4.50699375000000      -0.121009795169384     
   1.50366458333333        4.80732666666667      -0.108543331446300     
   1.50366458333333        5.10765958333333      -9.915755565307380E-002
   1.50366458333333        5.40799250000000      -9.248750746294461E-002
   1.50366458333333        5.70832541666667      -8.783719926315420E-002
   1.50366458333333        6.00865833333333      -8.435702146824382E-002
   1.50366458333333        6.30899125000000      -8.116619231940661E-002
   1.50366458333333        6.60932416666667      -7.787236148557840E-002
   1.50366458333333        6.90965708333333      -7.446940576787729E-002
   1.50366458333333        7.20999000000000      -7.094592545437242E-002
   1.80399750000000       2.000000000000000E-003 -0.519718389599732     
   1.80399750000000       0.302332916666667      -0.507705024768659     
   1.80399750000000       0.602665833333333      -0.476011372339771     
   1.80399750000000       0.902998750000000      -0.433711722388663     
   1.80399750000000        1.20333166666667      -0.388743841176704     
   1.80399750000000        1.50366458333333      -0.345504928343920     
   1.80399750000000        1.80399750000000      -0.305866226220910     
   1.80399750000000        2.10433041666667      -0.270923423812002     
   1.80399750000000        2.40466333333333      -0.241149634135781     
   1.80399750000000        2.70499625000000      -0.216386927070007     
   1.80399750000000        3.00532916666667      -0.195860761469675     
   1.80399750000000        3.30566208333333      -0.178309605545699     
   1.80399750000000        3.60599500000000      -0.162368165503270     
   1.80399750000000        3.90632791666667      -0.147171174316470     
   1.80399750000000        4.20666083333333      -0.132738858306567     
   1.80399750000000        4.50699375000000      -0.119741488902762     
   1.80399750000000        4.80732666666667      -0.108881345992283     
   1.80399750000000        5.10765958333333      -0.100417955066174     
   1.80399750000000        5.40799250000000      -9.407230464880376E-002
   1.80399750000000        5.70832541666667      -8.923855966745843E-002
   1.80399750000000        6.00865833333333      -8.526592059540261E-002
   1.80399750000000        6.30899125000000      -8.154572779558043E-002
   1.80399750000000        6.60932416666667      -7.784251800380811E-002
   1.80399750000000        6.90965708333333      -7.418348672896907E-002
   1.80399750000000        7.20999000000000      -7.057025352049758E-002
   2.10433041666667       2.000000000000000E-003 -0.400602499655362     
   2.10433041666667       0.302332916666667      -0.394770049488790     
   2.10433041666667       0.602665833333333      -0.378508101444098     
   2.10433041666667       0.902998750000000      -0.354873336602428     
   2.10433041666667        1.20333166666667      -0.327239982456800     
   2.10433041666667        1.50366458333333      -0.298557100686788     
   2.10433041666667        1.80399750000000      -0.270847744796808     
   2.10433041666667        2.10433041666667      -0.245311886773619     
   2.10433041666667        2.40466333333333      -0.222524366219621     
   2.10433041666667        2.70499625000000      -0.202567063251843     
   2.10433041666667        3.00532916666667      -0.185114554947914     
   2.10433041666667        3.30566208333333      -0.169562164311015     
   2.10433041666667        3.60599500000000      -0.155267107875735     
   2.10433041666667        3.90632791666667      -0.141850144994119     
   2.10433041666667        4.20666083333333      -0.129367259888861     
   2.10433041666667        4.50699375000000      -0.118199264383111     
   2.10433041666667        4.80732666666667      -0.108734506174578     
   2.10433041666667        5.10765958333333      -0.101079541222404     
   2.10433041666667        5.40799250000000      -9.497790377318026E-002
   2.10433041666667        5.70832541666667      -8.994966675657276E-002
   2.10433041666667        6.00865833333333      -8.552277570712148E-002
   2.10433041666667        6.30899125000000      -8.139746711777536E-002
   2.10433041666667        6.60932416666667      -7.747152605021775E-002
   2.10433041666667        6.90965708333333      -7.374640433258042E-002
   2.10433041666667        7.20999000000000      -7.022274517593313E-002
   2.40466333333333       2.000000000000000E-003 -0.307671292653835     
   2.40466333333333       0.302332916666667      -0.307220799746995     
   2.40466333333333       0.602665833333333      -0.303781523630927     
   2.40466333333333       0.902998750000000      -0.293858552187551     
   2.40466333333333        1.20333166666667      -0.278403695955779     
   2.40466333333333        1.50366458333333      -0.260081118379419     
   2.40466333333333        1.80399750000000      -0.241018197864136     
   2.40466333333333        2.10433041666667      -0.222463464187240     
   2.40466333333333        2.40466333333333      -0.205045127430646     
   2.40466333333333        2.70499625000000      -0.189009629875659     
   2.40466333333333        3.00532916666667      -0.174346985482193     
   2.40466333333333        3.30566208333333      -0.160878140090296     
   2.40466333333333        3.60599500000000      -0.148376693137742     
   2.40466333333333        3.90632791666667      -0.136720234505595     
   2.40466333333333        4.20666083333333      -0.125981371573465     
   2.40466333333333        4.50699375000000      -0.116375132946039     
   2.40466333333333        4.80732666666667      -0.108087698275629     
   2.40466333333333        5.10765958333333      -0.101112092903485     
   2.40466333333333        5.40799250000000      -9.520998903859478E-002
   2.40466333333333        5.70832541666667      -9.002084897977415E-002
   2.40466333333333        6.00865833333333      -8.523906485325300E-002
   2.40466333333333        6.30899125000000      -8.075100013299540E-002
   2.40466333333333        6.60932416666667      -7.666160461869109E-002
   2.40466333333333        6.90965708333333      -7.313460192851304E-002
   2.40466333333333        7.20999000000000      -7.000091186746248E-002
   2.70499625000000       2.000000000000000E-003 -0.236096445463884     
   2.70499625000000       0.302332916666667      -0.240222239386956     
   2.70499625000000       0.602665833333333      -0.247052258596996     
   2.70499625000000       0.902998750000000      -0.248189648199010     
   2.70499625000000        1.20333166666667      -0.241242390458799     
   2.70499625000000        1.50366458333333      -0.229601778543774     
   2.70499625000000        1.80399750000000      -0.216220497602594     
   2.70499625000000        2.10433041666667      -0.202461662241961     
   2.70499625000000        2.40466333333333      -0.188960661631113     
   2.70499625000000        2.70499625000000      -0.176034922982379     
   2.70499625000000        3.00532916666667      -0.163834049314037     
   2.70499625000000        3.30566208333333      -0.152392037616745     
   2.70499625000000        3.60599500000000      -0.141681557221553     
   2.70499625000000        3.90632791666667      -0.131693340428715     
   2.70499625000000        4.20666083333333      -0.122493467108486     
   2.70499625000000        4.50699375000000      -0.114198152021576     
   2.70499625000000        4.80732666666667      -0.106876572781098     
   2.70499625000000        5.10765958333333      -0.100460785618714     
   2.70499625000000        5.40799250000000      -9.473869997142924E-002
   2.70499625000000        5.70832541666667      -8.944272555475856E-002
   2.70499625000000        6.00865833333333      -8.437978334693849E-002
   2.70499625000000        6.30899125000000      -7.954883388510108E-002
   2.70499625000000        6.60932416666667      -7.527204138274848E-002
   2.70499625000000        6.90965708333333      -7.206799312248144E-002
   2.70499625000000        7.20999000000000      -6.971767964387585E-002
   3.00532916666667       2.000000000000000E-003 -0.189875375003109     
   3.00532916666667       0.302332916666667      -0.198856946664036     
   3.00532916666667       0.602665833333333      -0.212892537058321     
   3.00532916666667       0.902998750000000      -0.218127853101090     
   3.00532916666667        1.20333166666667      -0.214395549434170     
   3.00532916666667        1.50366458333333      -0.205865638368092     
   3.00532916666667        1.80399750000000      -0.195675858462876     
   3.00532916666667        2.10433041666667      -0.184978999352390     
   3.00532916666667        2.40466333333333      -0.174260829932209     
   3.00532916666667        2.70499625000000      -0.163793843003683     
   3.00532916666667        3.00532916666667      -0.153747174597376     
   3.00532916666667        3.30566208333333      -0.144204195093162     
   3.00532916666667        3.60599500000000      -0.135186141412167     
   3.00532916666667        3.90632791666667      -0.126707533210863     
   3.00532916666667        4.20666083333333      -0.118821375558125     
   3.00532916666667        4.50699375000000      -0.111597658107019     
   3.00532916666667        4.80732666666667      -0.105055280204692     
   3.00532916666667        5.10765958333333      -9.911019029973402E-002
   3.00532916666667        5.40799250000000      -9.358385184989566E-002
   3.00532916666667        5.70832541666667      -8.827044895627233E-002
   3.00532916666667        6.00865833333333      -8.300832638008593E-002
   3.00532916666667        6.30899125000000      -7.776318728683757E-002
   3.00532916666667        6.60932416666667      -7.313523647041560E-002
   3.00532916666667        6.90965708333333      -7.029335045280549E-002
   3.00532916666667        7.20999000000000      -6.917732820323778E-002
   3.30566208333333       2.000000000000000E-003 -0.178383806968235     
   3.30566208333333       0.302332916666667      -0.188695790610496     
   3.30566208333333       0.602665833333333      -0.200390799157996     
   3.30566208333333       0.902998750000000      -0.201335243222817     
   3.30566208333333        1.20333166666667      -0.195189334959854     
   3.30566208333333        1.50366458333333      -0.186756903567418     
   3.30566208333333        1.80399750000000      -0.178113727038779     
   3.30566208333333        2.10433041666667      -0.169405542093771     
   3.30566208333333        2.40466333333333      -0.160764105725600     
   3.30566208333333        2.70499625000000      -0.152319953860169     
   3.30566208333333        3.00532916666667      -0.144170654804917     
   3.30566208333333        3.30566208333333      -0.136355161731604     
   3.30566208333333        3.60599500000000      -0.128863928371617     
   3.30566208333333        3.90632791666667      -0.121693809816239     
   3.30566208333333        4.20666083333333      -0.114895308860058     
   3.30566208333333        4.50699375000000      -0.108534998926359     
   3.30566208333333        4.80732666666667      -0.102628385699055     
   3.30566208333333        5.10765958333333      -9.710631263559777E-002
   3.30566208333333        5.40799250000000      -9.183038398447939E-002
   3.30566208333333        5.70832541666667      -8.664428088661819E-002
   3.30566208333333        6.00865833333333      -8.138700022728190E-002
   3.30566208333333        6.30899125000000      -7.599496588198834E-002
   3.30566208333333        6.60932416666667      -7.109533888488913E-002
   3.30566208333333        6.90965708333333      -6.833043787906320E-002
   3.30566208333333        7.20999000000000      -6.813112733883726E-002
   3.60599500000000       2.000000000000000E-003 -0.185305801652941     
   3.60599500000000       0.302332916666667      -0.189528687239495     
   3.60599500000000       0.602665833333333      -0.192649650056715     
   3.60599500000000       0.902998750000000      -0.187276253964307     
   3.60599500000000        1.20333166666667      -0.178342739992922     
   3.60599500000000        1.50366458333333      -0.169637350679003     
   3.60599500000000        1.80399750000000      -0.162159794504934     
   3.60599500000000        2.10433041666667      -0.155093140678124     
   3.60599500000000        2.40466333333333      -0.148241167360245     
   3.60599500000000        2.70499625000000      -0.141584825979872     
   3.60599500000000        3.00532916666667      -0.135125876972663     
   3.60599500000000        3.30566208333333      -0.128836154383728     
   3.60599500000000        3.60599500000000      -0.122663990296149     
   3.60599500000000        3.90632791666667      -0.116591923916407     
   3.60599500000000        4.20666083333333      -0.110683637262812     
   3.60599500000000        4.50699375000000      -0.105026899551146     
   3.60599500000000        4.80732666666667      -9.965952048649436E-002
   3.60599500000000        5.10765958333333      -9.454373592082496E-002
   3.60599500000000        5.40799250000000      -8.958773065999658E-002
   3.60599500000000        5.70832541666667      -8.470059448836274E-002
   3.60599500000000        6.00865833333333      -7.982398780746892E-002
   3.60599500000000        6.30899125000000      -7.499885134865829E-002
   3.60599500000000        6.60932416666667      -7.078244791584661E-002
   3.60599500000000        6.90965708333333      -6.822873022227922E-002
   3.60599500000000        7.20999000000000      -6.601390595638272E-002
   3.90632791666667       2.000000000000000E-003 -0.149905306748543     
   3.90632791666667       0.302332916666667      -0.161325838485901     
   3.90632791666667       0.602665833333333      -0.169459127617614     
   3.90632791666667       0.902998750000000      -0.166609830509360     
   3.90632791666667        1.20333166666667      -0.159502013658227     
   3.90632791666667        1.50366458333333      -0.152661803394212     
   3.90632791666667        1.80399750000000      -0.146946362596914     
   3.90632791666667        2.10433041666667      -0.141660846136515     
   3.90632791666667        2.40466333333333      -0.136568642949446     
   3.90632791666667        2.70499625000000      -0.131578993364209     
   3.90632791666667        3.00532916666667      -0.126627735263446     
   3.90632791666667        3.30566208333333      -0.121644561142700     
   3.90632791666667        3.60599500000000      -0.116569014992400     
   3.90632791666667        3.90632791666667      -0.111400541530908     
   3.90632791666667        4.20666083333333      -0.106225078946457     
   3.90632791666667        4.50699375000000      -0.101156237344418     
   3.90632791666667        4.80732666666667      -9.626145935089209E-002
   3.90632791666667        5.10765958333333      -9.153778348689982E-002
   3.90632791666667        5.40799250000000      -8.693953701272762E-002
   3.90632791666667        5.70832541666667      -8.244920525100299E-002
   3.90632791666667        6.00865833333333      -7.818033244157058E-002
   3.90632791666667        6.30899125000000      -7.439330648993445E-002
   3.90632791666667        6.60932416666667      -7.160428105394137E-002
   3.90632791666667        6.90965708333333      -6.995733689084860E-002
   3.90632791666667        7.20999000000000      -6.685647246959654E-002
   4.20666083333333       2.000000000000000E-003 -0.123670593008175     
   4.20666083333333       0.302332916666667      -0.130641759935251     
   4.20666083333333       0.602665833333333      -0.139665719604839     
   4.20666083333333       0.902998750000000      -0.141874209228809     
   4.20666083333333        1.20333166666667      -0.139401249307329     
   4.20666083333333        1.50366458333333      -0.135911279064488     
   4.20666083333333        1.80399750000000      -0.132499900507242     
   4.20666083333333        2.10433041666667      -0.129167942451257     
   4.20666083333333        2.40466333333333      -0.125821198284512     
   4.20666083333333        2.70499625000000      -0.122370075446356     
   4.20666083333333        3.00532916666667      -0.118730454759310     
   4.20666083333333        3.30566208333333      -0.114831622945851     
   4.20666083333333        3.60599500000000      -0.110642560010809     
   4.20666083333333        3.90632791666667      -0.106204153844818     
   4.20666083333333        4.20666083333333      -0.101630348872046     
   4.20666083333333        4.50699375000000      -9.705579620003127E-002
   4.20666083333333        4.80732666666667      -9.257155509858281E-002
   4.20666083333333        5.10765958333333      -8.820205549234410E-002
   4.20666083333333        5.40799250000000      -8.393632031486850E-002
   4.20666083333333        5.70832541666667      -7.980306868437938E-002
   4.20666083333333        6.00865833333333      -7.598385380638382E-002
   4.20666083333333        6.30899125000000      -7.288607284312844E-002
   4.20666083333333        6.60932416666667      -7.070945756806572E-002
   4.20666083333333        6.90965708333333      -6.900640205710121E-002
   4.20666083333333        7.20999000000000      -6.587491291304090E-002
   4.50699375000000       2.000000000000000E-003 -0.105740776833500     
   4.50699375000000       0.302332916666667      -0.109509399803737     
   4.50699375000000       0.602665833333333      -0.116236446852410     
   4.50699375000000       0.902998750000000      -0.120531065106210     
   4.50699375000000        1.20333166666667      -0.121421286843092     
   4.50699375000000        1.50366458333333      -0.120723417731361     
   4.50699375000000        1.80399750000000      -0.119500413064061     
   4.50699375000000        2.10433041666667      -0.118001004776110     
   4.50699375000000        2.40466333333333      -0.116217540069722     
   4.50699375000000        2.70499625000000      -0.114076791873046     
   4.50699375000000        3.00532916666667      -0.111505712328899     
   4.50699375000000        3.30566208333333      -0.108464754846988     
   4.50699375000000        3.60599500000000      -0.104972143135415     
   4.50699375000000        3.90632791666667      -0.101114721313249     
   4.50699375000000        4.20666083333333      -9.703077537162474E-002
   4.50699375000000        4.50699375000000      -9.286537977134372E-002
   4.50699375000000        4.80732666666667      -8.872047307344658E-002
   4.50699375000000        5.10765958333333      -8.463725636168666E-002
   4.50699375000000        5.40799250000000      -8.062651757320580E-002
   4.50699375000000        5.70832541666667      -7.673059765668214E-002
   4.50699375000000        6.00865833333333      -7.309100031845407E-002
   4.50699375000000        6.30899125000000      -6.999711379124680E-002
   4.50699375000000        6.60932416666667      -6.758020060689632E-002
   4.50699375000000        6.90965708333333      -6.524089671384874E-002
   4.50699375000000        7.20999000000000      -6.199846632539942E-002
   4.80732666666667       2.000000000000000E-003 -9.439593069820089E-002
   4.80732666666667       0.302332916666667      -9.671855852743307E-002
   4.80732666666667       0.602665833333333      -0.101442079115108     
   4.80732666666667       0.902998750000000      -0.105164146570643     
   4.80732666666667        1.20333166666667      -0.107257968856218     
   4.80732666666667        1.50366458333333      -0.108274827587097     
   4.80732666666667        1.80399750000000      -0.108655787399989     
   4.80732666666667        2.10433041666667      -0.108551913005613     
   4.80732666666667        2.40466333333333      -0.107946062686114     
   4.80732666666667        2.70499625000000      -0.106769787994840     
   4.80732666666667        3.00532916666667      -0.104973379557669     
   4.80732666666667        3.30566208333333      -0.102559877755102     
   4.80732666666667        3.60599500000000      -9.959520198430678E-002
   4.80732666666667        3.90632791666667      -9.619834775402766E-002
   4.80732666666667        4.20666083333333      -9.251510595685877E-002
   4.80732666666667        4.50699375000000      -8.868376199059418E-002
   4.80732666666667        4.80732666666667      -8.480333632751574E-002
   4.80732666666667        5.10765958333333      -8.092506752899732E-002
   4.80732666666667        5.40799250000000      -7.707734012616477E-002
   4.80732666666667        5.70832541666667      -7.330565032522147E-002
   4.80732666666667        6.00865833333333      -6.969849700114422E-002
   4.80732666666667        6.30899125000000      -6.637166453256708E-002
   4.80732666666667        6.60932416666667      -6.337258975032405E-002
   4.80732666666667        6.90965708333333      -6.048783843006384E-002
   4.80732666666667        7.20999000000000      -5.723976450268933E-002
   5.10765958333333       2.000000000000000E-003 -8.655673828601573E-002
   5.10765958333333       0.302332916666667      -8.786630005890875E-002
   5.10765958333333       0.602665833333333      -9.078737221844080E-002
   5.10765958333333       0.902998750000000      -9.421682640020267E-002
   5.10765958333333        1.20333166666667      -9.697108164248089E-002
   5.10765958333333        1.50366458333333      -9.892661879479407E-002
   5.10765958333333        1.80399750000000      -0.100222681051837     
   5.10765958333333        2.10433041666667      -0.100924927520489     
   5.10765958333333        2.40466333333333      -0.100997865484412     
   5.10765958333333        2.70499625000000      -0.100379742389518     
   5.10765958333333        3.00532916666667      -9.904866467636871E-002
   5.10765958333333        3.30566208333333      -9.704748831386192E-002
   5.10765958333333        3.60599500000000      -9.447357880921546E-002
   5.10765958333333        3.90632791666667      -9.145142411514487E-002
   5.10765958333333        4.20666083333333      -8.810714590602062E-002
   5.10765958333333        4.50699375000000      -8.455212186603267E-002
   5.10765958333333        4.80732666666667      -8.087255385291914E-002
   5.10765958333333        5.10765958333333      -7.712931456953129E-002
   5.10765958333333        5.40799250000000      -7.337191155777069E-002
   5.10765958333333        5.70832541666667      -6.965386423299556E-002
   5.10765958333333        6.00865833333333      -6.603152070127337E-002
   5.10765958333333        6.30899125000000      -6.254195803384499E-002
   5.10765958333333        6.60932416666667      -5.917970180765749E-002
   5.10765958333333        6.90965708333333      -5.591334939758911E-002
   5.10765958333333        7.20999000000000      -5.268154837847844E-002
   5.40799250000000       2.000000000000000E-003 -8.173003327183248E-002
   5.40799250000000       0.302332916666667      -8.238980924672706E-002
   5.40799250000000       0.602665833333333      -8.433982145093688E-002
   5.40799250000000       0.902998750000000      -8.703683744447986E-002
   5.40799250000000        1.20333166666667      -8.990935235105563E-002
   5.40799250000000        1.50366458333333      -9.229915199308548E-002
   5.40799250000000        1.80399750000000      -9.391123932373550E-002
   5.40799250000000        2.10433041666667      -9.485514419109629E-002
   5.40799250000000        2.40466333333333      -9.512811202533338E-002
   5.40799250000000        2.70499625000000      -9.469021463021760E-002
   5.40799250000000        3.00532916666667      -9.355103195762977E-002
   5.40799250000000        3.30566208333333      -9.178890168219855E-002
   5.40799250000000        3.60599500000000      -8.951557787502618E-002
   5.40799250000000        3.90632791666667      -8.682819742413117E-002
   5.40799250000000        4.20666083333333      -8.379644942118381E-002
   5.40799250000000        4.50699375000000      -8.048373639161929E-002
   5.40799250000000        4.80732666666667      -7.696185775010587E-002
   5.40799250000000        5.10765958333333      -7.330815938861328E-002
   5.40799250000000        5.40799250000000      -6.960009627828814E-002
   5.40799250000000        5.70832541666667      -6.590620039985255E-002
   5.40799250000000        6.00865833333333      -6.226448334244930E-002
   5.40799250000000        6.30899125000000      -5.868525480389346E-002
   5.40799250000000        6.60932416666667      -5.517533465536955E-002
   5.40799250000000        6.90965708333333      -5.179030944791253E-002
   5.40799250000000        7.20999000000000      -4.865892356313899E-002
   5.70832541666667       2.000000000000000E-003 -8.162908035269145E-002
   5.70832541666667       0.302332916666667      -8.163080046465880E-002
   5.70832541666667       0.602665833333333      -8.215052710884382E-002
   5.70832541666667       0.902998750000000      -8.358505301286953E-002
   5.70832541666667        1.20333166666667      -8.564874018899835E-002
   5.70832541666667        1.50366458333333      -8.767675026546744E-002
   5.70832541666667        1.80399750000000      -8.910108311509381E-002
   5.70832541666667        2.10433041666667      -8.985101126690440E-002
   5.70832541666667        2.40466333333333      -8.996719105867815E-002
   5.70832541666667        2.70499625000000      -8.942826830838442E-002
   5.70832541666667        3.00532916666667      -8.827432077108781E-002
   5.70832541666667        3.30566208333333      -8.663094229208292E-002
   5.70832541666667        3.60599500000000      -8.463235539360293E-002
   5.70832541666667        3.90632791666667      -8.230996885884892E-002
   5.70832541666667        4.20666083333333      -7.961033598440984E-002
   5.70832541666667        4.50699375000000      -7.652305184390212E-002
   5.70832541666667        4.80732666666667      -7.312343913889220E-002
   5.70832541666667        5.10765958333333      -6.952583654564999E-002
   5.70832541666667        5.40799250000000      -6.584445291818365E-002
   5.70832541666667        5.70832541666667      -6.217410224211208E-002
   5.70832541666667        6.00865833333333      -5.855397761052109E-002
   5.70832541666667        6.30899125000000      -5.494566910654068E-002
   5.70832541666667        6.60932416666667      -5.134904926984457E-002
   5.70832541666667        6.90965708333333      -4.790171970755090E-002
   5.70832541666667        7.20999000000000      -4.488362539339465E-002
   6.00865833333333       2.000000000000000E-003 -8.565890618302170E-002
   6.00865833333333       0.302332916666667      -8.435060317317933E-002
   6.00865833333333       0.602665833333333      -8.246260741819553E-002
   6.00865833333333       0.902998750000000      -8.203087113839924E-002
   6.00865833333333        1.20333166666667      -8.292355157430172E-002
   6.00865833333333        1.50366458333333      -8.419536091137364E-002
   6.00865833333333        1.80399750000000      -8.512932732327573E-002
   6.00865833333333        2.10433041666667      -8.542992807247064E-002
   6.00865833333333        2.40466333333333      -8.520040072794466E-002
   6.00865833333333        2.70499625000000      -8.439691193862918E-002
   6.00865833333333        3.00532916666667      -8.306431379303808E-002
   6.00865833333333        3.30566208333333      -8.142919898460750E-002
   6.00865833333333        3.60599500000000      -7.977310952949535E-002
   6.00865833333333        3.90632791666667      -7.800088451491786E-002
   6.00865833333333        4.20666083333333      -7.571790756218999E-002
   6.00865833333333        4.50699375000000      -7.280789587642959E-002
   6.00865833333333        4.80732666666667      -6.945052644592990E-002
   6.00865833333333        5.10765958333333      -6.584801377096548E-002
   6.00865833333333        5.40799250000000      -6.215443280538994E-002
   6.00865833333333        5.70832541666667      -5.850869092308608E-002
   6.00865833333333        6.00865833333333      -5.491360927760581E-002
   6.00865833333333        6.30899125000000      -5.130046876184818E-002
   6.00865833333333        6.60932416666667      -4.762935058312870E-002
   6.00865833333333        6.90965708333333      -4.407836009429826E-002
   6.00865833333333        7.20999000000000      -4.117109238015659E-002
   6.30899125000000       2.000000000000000E-003 -9.173737869949428E-002
   6.30899125000000       0.302332916666667      -8.771782971479211E-002
   6.30899125000000       0.602665833333333      -8.230535106148286E-002
   6.30899125000000       0.902998750000000      -8.027509915145259E-002
   6.30899125000000        1.20333166666667      -8.037002844326135E-002
   6.30899125000000        1.50366458333333      -8.097931930649428E-002
   6.30899125000000        1.80399750000000      -8.138602732263582E-002
   6.30899125000000        2.10433041666667      -8.128569014947032E-002
   6.30899125000000        2.40466333333333      -8.070459324454932E-002
   6.30899125000000        2.70499625000000      -7.958957850416630E-002
   6.30899125000000        3.00532916666667      -7.789121797515831E-002
   6.30899125000000        3.30566208333333      -7.612196396022054E-002
   6.30899125000000        3.60599500000000      -7.497214799017264E-002
   6.30899125000000        3.90632791666667      -7.414035295096445E-002
   6.30899125000000        4.20666083333333      -7.249632880761922E-002
   6.30899125000000        4.50699375000000      -6.961215677328660E-002
   6.30899125000000        4.80732666666667      -6.606115337711264E-002
   6.30899125000000        5.10765958333333      -6.231872619171557E-002
   6.30899125000000        5.40799250000000      -5.854703319353330E-002
   6.30899125000000        5.70832541666667      -5.487514224313510E-002
   6.30899125000000        6.00865833333333      -5.127226904524429E-002
   6.30899125000000        6.30899125000000      -4.765446614797698E-002
   6.30899125000000        6.60932416666667      -4.391923582683820E-002
   6.30899125000000        6.90965708333333      -4.017899197086195E-002
   6.30899125000000        7.20999000000000      -3.733154747983374E-002
   6.60932416666667       2.000000000000000E-003 -9.560720613681523E-002
   6.60932416666667       0.302332916666667      -8.627431126138475E-002
   6.60932416666667       0.602665833333333      -7.822011187587723E-002
   6.60932416666667       0.902998750000000      -7.699129319348615E-002
   6.60932416666667        1.20333166666667      -7.737168992126624E-002
   6.60932416666667        1.50366458333333      -7.765266295122318E-002
   6.60932416666667        1.80399750000000      -7.764562711998775E-002
   6.60932416666667        2.10433041666667      -7.731496171111464E-002
   6.60932416666667        2.40466333333333      -7.657017743758944E-002
   6.60932416666667        2.70499625000000      -7.528636205552335E-002
   6.60932416666667        3.00532916666667      -7.327774462470717E-002
   6.60932416666667        3.30566208333333      -7.128156857290244E-002
   6.60932416666667        3.60599500000000      -7.075704882691418E-002
   6.60932416666667        3.90632791666667      -7.122788860333833E-002
   6.60932416666667        4.20666083333333      -7.016513527378467E-002
   6.60932416666667        4.50699375000000      -6.707940085833541E-002
   6.60932416666667        4.80732666666667      -6.301066347409867E-002
   6.60932416666667        5.10765958333333      -5.893928394821830E-002
   6.60932416666667        5.40799250000000      -5.503068359976263E-002
   6.60932416666667        5.70832541666667      -5.127029317750140E-002
   6.60932416666667        6.00865833333333      -4.757879700373709E-002
   6.60932416666667        6.30899125000000      -4.387034868260643E-002
   6.60932416666667        6.60932416666667      -4.007565212694197E-002
   6.60932416666667        6.90965708333333      -3.613312720960252E-002
   6.60932416666667        7.20999000000000      -3.318117378279295E-002
   6.90965708333333       2.000000000000000E-003 -8.951406027566844E-002
   6.90965708333333       0.302332916666667      -7.631444840906709E-002
   6.90965708333333       0.602665833333333      -7.178518613418600E-002
   6.90965708333333       0.902998750000000      -7.329078302570327E-002
   6.90965708333333        1.20333166666667      -7.417008511061803E-002
   6.90965708333333        1.50366458333333      -7.422698564848848E-002
   6.90965708333333        1.80399750000000      -7.394765822668611E-002
   6.90965708333333        2.10433041666667      -7.352644970603985E-002
   6.90965708333333        2.40466333333333      -7.294581465776853E-002
   6.90965708333333        2.70499625000000      -7.194340167285358E-002
   6.90965708333333        3.00532916666667      -7.028251253497581E-002
   6.90965708333333        3.30566208333333      -6.841964495458190E-002
   6.90965708333333        3.60599500000000      -6.813930016375801E-002
   6.90965708333333        3.90632791666667      -6.945545517857396E-002
   6.90965708333333        4.20666083333333      -6.836990606442060E-002
   6.90965708333333        4.50699375000000      -6.469956401318877E-002
   6.90965708333333        4.80732666666667      -6.011564304096911E-002
   6.90965708333333        5.10765958333333      -5.568648376589818E-002
   6.90965708333333        5.40799250000000      -5.165991745526974E-002
   6.90965708333333        5.70832541666667      -4.782865452695323E-002
   6.90965708333333        6.00865833333333      -4.401185962865486E-002
   6.90965708333333        6.30899125000000      -4.005760989745559E-002
   6.90965708333333        6.60932416666667      -3.595359426414772E-002
   6.90965708333333        6.90965708333333      -3.214368781598446E-002
   6.90965708333333        7.20999000000000      -2.890648590302978E-002
   7.20999000000000       2.000000000000000E-003 -7.761919886661223E-002
   7.20999000000000       0.302332916666667      -7.392435848528790E-002
   7.20999000000000       0.602665833333333      -7.042010388745586E-002
   7.20999000000000       0.902998750000000      -7.068444031601732E-002
   7.20999000000000        1.20333166666667      -7.092097152450262E-002
   7.20999000000000        1.50366458333333      -7.069989235964148E-002
   7.20999000000000        1.80399750000000      -7.030475033841355E-002
   7.20999000000000        2.10433041666667      -6.993618295168115E-002
   7.20999000000000        2.40466333333333      -6.968563097731806E-002
   7.20999000000000        2.70499625000000      -6.937639644646663E-002
   7.20999000000000        3.00532916666667      -6.884152850505106E-002
   7.20999000000000        3.30566208333333      -6.785990007158704E-002
   7.20999000000000        3.60599500000000      -6.584898335123805E-002
   7.20999000000000        3.90632791666667      -6.648177905308487E-002
   7.20999000000000        4.20666083333333      -6.538030169680455E-002
   7.20999000000000        4.50699375000000      -6.156440332186762E-002
   7.20999000000000        4.80732666666667      -5.693612229617717E-002
   7.20999000000000        5.10765958333333      -5.250127283684528E-002
   7.20999000000000        5.40799250000000      -4.855904456187139E-002
   7.20999000000000        5.70832541666667      -4.482810764788401E-002
   7.20999000000000        6.00865833333333      -4.111295130329791E-002
   7.20999000000000        6.30899125000000      -3.720944302643538E-002
   7.20999000000000        6.60932416666667      -3.296268939927936E-002
   7.20999000000000        6.90965708333333      -2.875815973090474E-002
   7.20999000000000        7.20999000000000      -2.657871248082707E-002
